0 5 5 6 4 3 5 4 6 6 4 5 3 6 5 6 4 5 5 6 6 5 4 6 5 6 4 6 5 5 3 4 5 6 6 5 5 6 6 4 3 3 5 4 6 5 5 6 6 5 5 6 6 3 4 6 3 6 3 5 5 4 5 4 6 3 3 6 5 4 4 9 9 8 8 3 3 3 9 9 9 8 4 4 4 5 6 3 3 8 8 3 8 4 8 8 9 9 9 9 9 9 3 9 3 8 8 8 3 3 9 9 10 10 10 10 10 10 10 10 10 9 9 9 8 8 8 8 9 10 10 10 10 10 10 10 10 10 9 10 10 10 10 10 10 8 10 10 10 10 10 10 10 
0 5 6 4 5 6 5 6 6 4 6 3 5 4 6 5 4 6 5 6 4 6 6 5 5 6 4 4 3 3 4 6 3 5 5 6 4 4 3 4 3 3 6 6 5 5 5 5 6 6 6 5 5 3 3 4 4 6 6 5 5 3 3 6 6 5 5 4 4 4 3 6 9 9 8 3 4 8 8 8 8 3 4 8 9 9 3 4 9 9 9 4 3 8 8 4 3 8 9 3 8 9 9 10 10 10 10 8 10 10 10 10 9 10 10 10 10 10 10 10 10 9 10 8 10 10 10 10 10 8 10 10 10 10 9 10 10 10 10 10 9 8 8 8 10 10 10 10 10 10 9 8 8 8 10 10 10 10 10 10 10 10 10 10 10 10 10 10 10 10 10 10 10 10 
0 5 5 6 6 6 4 4 6 5 3 5 6 5 6 4 6 4 5 5 6 6 5 4 6 5 5 3 6 6 6 5 5 5 6 4 5 6 4 6 6 5 3 3 4 4 4 6 6 5 5 5 5 3 6 6 6 5 5 6 5 3 3 4 8 9 8 4 4 3 6 9 9 3 5 8 8 8 8 4 4 3 8 9 3 6 9 9 5 5 8 3 3 9 9 4 8 8 9 3 3 9 9 8 8 4 3 3 8 9 9 8 8 10 10 10 10 10 10 8 8 8 9 9 9 9 10 10 10 10 10 10 10 9 9 9 9 10 10 10 10 10 8 8 10 10 10 10 10 10 10 10 10 
0 4 5 4 6 6 6 5 4 5 6 4 5 6 4 6 6 5 6 4 5 5 5 6 4 4 3 6 5 4 4 6 6 5 5 6 6 5 5 5 4 5 6 3 6 6 5 5 3 6 5 3 4 5 5 6 3 6 6 6 3 5 5 4 3 5 4 6 9 3 3 8 8 8 8 8 8 3 4 4 9 9 9 3 9 9 4 3 8 8 3 4 3 8 9 9 9 8 8 8 8 9 9 10 10 10 10 10 10 10 10 10 9 8 8 10 10 10 10 10 10 10 10 8 8 8 9 9 10 10 10 10 10 10 10 10 10 10 10 10 10 
0 5 5 6 4 6 5 5 6 4 4 5 5 6 6 5 5 4 4 6 6 5 5 6 4 5 6 4 4 6 5 5 6 4 4 3 5 5 6 6 3 3 4 5 6 6 3 3 4 5 5 5 6 6 3 6 6 3 5 5 3 9 9 6 8 4 3 3 3 3 4 4 4 4 3 3 3 3 8 8 9 9 4 4 4 8 8 8 3 3 9 9 8 8 9 9 9 8 8 3 9 9 9 3 8 8 9 9 9 8 8 8 9 9 8 8 10 10 10 10 10 8 8 9 9 9 10 10 10 10 10 10 10 10 9 9 9 8 8 10 10 10 10 10 8 8 8 8 9 9 9 10 10 10 10 10 10 10 10 10 10 10 10 10 10 10 10 
0 5 5 6 6 4 3 3 5 6 4 4 6 4 6 5 3 6 6 5 4 4 4 6 5 5 6 6 5 4 4 6 6 5 5 4 4 6 6 6 5 5 5 5 5 6 6 4 6 6 4 5 5 6 6 6 3 3 5 5 4 5 6 6 6 6 5 3 3 5 5 5 5 6 6 6 5 6 3 3 5 5 6 8 4 8 3 3 9 9 9 8 8 4 4 9 9 9 8 8 8 3 3 8 8 8 4 4 4 4 9 3 8 9 3 9 9 3 3 8 8 9 9 10 10 10 10 10 10 10 10 10 8 9 10 10 10 10 10 8 8 9 9 10 10 10 10 10 9 9 9 8 8 8 8 9 9 8 8 10 10 10 10 10 10 10 9 8 10 10 10 10 10 10 10 10 10 10 10 10 10 
0 5 6 5 6 5 6 5 6 4 4 5 6 5 3 6 6 5 4 4 4 4 4 3 3 3 6 6 6 5 5 4 4 5 5 5 5 6 3 3 3 6 6 6 6 4 5 4 6 5 5 3 5 6 6 5 5 5 6 6 5 6 3 6 6 5 5 5 6 5 6 4 3 8 8 9 4 3 3 8 9 9 8 4 3 8 8 8 9 4 3 4 9 9 9 3 8 8 9 9 8 8 3 8 9 8 8 10 10 10 9 8 8 8 9 9 9 10 10 10 10 10 10 10 10 8 10 10 10 10 10 10 10 10 8 8 9 9 9 10 10 10 10 10 10 8 8 10 10 10 10 10 10 10 10 10 10 10 10 10 10 10 10 
0 4 5 6 6 3 4 4 3 3 3 5 5 6 6 6 4 4 4 4 4 3 3 6 6 5 5 6 5 5 4 6 6 5 4 4 3 3 4 3 6 5 5 5 6 4 4 3 3 3 6 6 5 5 5 6 4 3 3 5 6 6 6 5 5 4 5 5 6 6 6 6 3 5 4 8 8 8 3 3 9 9 9 4 4 8 3 9 9 9 8 8 8 8 3 3 3 9 10 10 10 10 10 9 9 9 8 8 10 10 10 10 10 10 10 10 10 10 10 10 10 9 9 9 8 8 8 10 10 10 10 10 8 8 9 10 10 10 9 10 10 10 10 10 10 10 10 10 10 10 10 10 10 
0 5 6 4 5 6 3 4 5 6 5 6 6 5 4 4 5 6 5 6 6 5 4 4 6 5 5 6 6 5 5 4 4 3 6 5 4 4 3 6 6 5 5 5 6 5 5 5 6 6 3 6 6 5 5 5 5 4 3 6 3 3 6 5 5 6 4 3 3 4 9 9 3 3 3 8 8 8 4 4 8 8 9 9 9 3 4 8 4 4 9 9 3 3 4 8 8 4 4 3 3 8 8 9 9 9 3 9 8 9 9 10 10 10 10 10 9 9 8 8 9 9 8 8 10 10 10 10 10 10 10 10 10 8 8 8 9 9 9 9 9 10 10 10 10 10 10 10 10 8 10 10 10 10 10 10 10 10 10 10 10 10 10 10 10 10 10 10 10 10 10 10 10 10 
0 5 5 6 5 4 6 4 5 5 6 6 6 5 5 3 4 5 6 4 5 6 6 4 3 4 5 6 6 6 5 5 5 5 6 6 4 3 3 6 6 5 5 6 6 4 4 5 5 5 5 6 6 3 6 3 4 5 5 6 6 3 4 3 8 8 9 9 9 9 8 4 8 8 3 3 4 4 4 3 3 3 9 9 8 8 4 9 9 8 3 8 8 9 4 3 3 3 8 8 9 9 8 8 10 10 10 10 10 10 9 9 9 8 8 8 10 10 10 10 10 8 9 9 9 10 10 10 10 10 9 8 8 10 10 10 10 10 10 9 10 10 10 10 10 10 10 10 10 10 10 10 10 10 10 10 10 10 10 10 
0 5 6 4 4 5 5 6 6 6 6 4 4 4 5 5 5 5 5 3 6 6 6 4 4 4 3 3 4 4 4 3 3 3 3 3 6 6 5 5 5 5 6 6 5 5 6 5 6 6 5 5 11 11 11 2 2 2 2 4 4 4 3 3 3 6 6 6 5 5 5 5 5 4 4 4 4 3 3 3 3 2 6 6 4 4 4 4 3 3 6 6 6 6 5 5 5 5 5 4 4 8 8 8 8 8 9 9 9 8 8 4 4 4 9 9 9 9 9 9 9 9 9 9 4 4 9 9 8 8 8 8 8 8 8 8 8 8 10 10 10 10 10 10 9 9 9 8 8 8 10 10 10 10 10 10 10 10 10 10 10 
0 5 6 6 4 4 4 3 3 5 5 5 6 6 6 6 4 4 5 5 3 6 6 3 5 5 6 6 5 6 5 5 6 6 6 5 5 5 6 4 6 6 5 6 11 11 2 2 2 2 2 5 5 6 6 4 4 9 9 9 8 8 8 9 9 4 8 8 8 8 8 9 9 8 4 9 9 9 9 4 4 8 8 8 8 3 8 8 9 9 9 10 10 10 10 10 9 8 10 10 10 10 10 9 8 10 10 10 10 10 10 10 10 
0 4 4 5 5 5 6 6 4 4 4 3 6 6 6 5 5 5 6 6 6 5 5 6 4 6 6 5 5 5 5 6 4 3 6 5 6 6 5 5 3 6 6 6 5 5 11 11 11 2 2 2 2 2 2 6 6 4 5 5 3 3 6 4 4 5 5 6 6 8 8 9 9 9 4 9 9 8 3 9 9 8 8 8 8 8 4 4 8 8 8 8 3 3 4 9 9 9 9 9 9 9 9 9 9 9 4 8 8 8 8 8 8 8 8 3 3 9 9 9 8 8 8 8 8 8 9 9 8 10 10 10 10 10 8 9 9 8 8 8 10 10 10 10 10 10 9 10 10 10 10 10 
0 5 5 6 6 4 4 4 4 3 5 5 6 4 4 3 6 6 6 5 5 5 5 6 5 5 6 6 5 3 6 5 5 6 5 5 6 6 6 5 5 6 6 5 5 11 11 11 2 2 2 2 2 6 6 5 5 5 3 4 6 6 5 5 4 4 5 3 3 6 8 8 4 4 9 9 3 4 4 9 9 4 4 9 4 8 8 8 8 4 9 9 9 9 8 8 8 8 8 9 10 10 10 10 10 10 10 10 10 10 10 10 9 9 8 10 10 10 10 10 
0 5 5 6 4 4 4 4 3 6 6 5 5 5 6 4 4 4 3 3 3 4 4 4 4 4 3 3 6 6 6 6 5 5 5 5 5 5 5 6 6 6 6 6 5 5 5 5 6 6 5 6 6 4 5 5 5 6 6 6 5 5 5 6 6 5 6 5 6 6 6 6 5 5 11 11 11 11 2 2 2 2 2 6 6 6 4 4 5 5 5 5 5 5 6 6 6 5 9 9 4 4 9 9 3 3 9 8 8 8 8 8 8 8 8 8 9 9 9 9 9 9 9 9 9 9 8 4 8 8 8 8 8 8 4 4 8 8 3 3 9 9 8 8 8 8 8 9 9 9 8 10 10 10 10 10 10 10 10 10 10 9 9 8 8 10 10 10 10 10 
0 5 6 4 4 5 5 6 6 4 4 4 6 6 5 5 6 6 5 5 6 6 5 6 6 5 5 5 6 5 6 6 5 6 6 5 5 6 6 5 6 6 5 11 11 11 11 2 2 2 2 2 2 2 4 4 3 3 6 6 5 5 4 8 8 8 8 9 9 9 9 9 9 9 9 8 8 8 8 8 8 8 4 8 8 9 9 9 8 9 4 4 4 9 9 9 9 9 9 9 9 8 8 4 8 8 8 3 9 9 8 8 8 8 8 8 8 8 10 10 10 10 10 9 9 10 10 10 10 10 10 10 10 10 10 10 
0 5 6 6 4 5 6 6 5 5 5 6 4 4 3 3 6 5 6 4 6 6 5 5 5 5 5 6 6 5 6 4 4 3 6 5 6 5 4 11 11 11 11 6 5 6 6 5 2 2 2 2 2 5 4 4 3 3 3 8 8 8 9 9 9 9 4 4 8 8 8 8 9 9 8 4 4 9 9 9 9 9 9 4 4 4 4 4 4 3 3 9 8 8 8 8 8 8 8 8 8 9 9 9 9 9 10 10 10 10 10 10 8 10 10 10 10 10 10 10 10 
0 5 4 6 6 4 4 5 6 6 5 5 5 4 4 6 6 5 6 6 5 5 6 6 5 5 4 4 3 3 6 6 5 5 5 6 6 5 5 11 11 11 2 2 2 2 2 4 4 6 5 5 6 9 9 9 8 8 8 8 8 8 9 9 9 4 4 9 9 9 9 9 9 9 8 8 8 4 8 8 8 8 8 8 8 8 8 8 8 8 9 9 9 9 4 4 4 4 9 9 9 9 8 8 8 8 8 9 9 9 9 10 10 10 10 10 10 10 10 10 10 10 10 10 10 10 10 10 
0 4 4 5 6 5 6 6 4 6 6 5 5 6 5 5 6 7 5 5 6 4 4 6 6 5 5 6 6 6 5 5 6 6 5 5 11 11 11 2 2 2 2 2 6 6 6 5 5 5 5 5 4 6 6 8 8 8 9 9 9 9 9 9 9 9 4 9 9 8 8 8 8 8 8 8 8 8 8 8 8 4 8 8 4 9 9 9 9 9 9 9 9 9 4 4 8 8 8 9 9 8 3 9 8 8 8 8 8 8 8 9 9 8 10 10 10 10 10 10 10 10 10 10 8 8 9 10 10 10 10 10 
0 5 5 6 6 4 4 3 5 5 6 6 6 6 5 4 5 6 5 4 4 4 3 6 6 5 5 5 6 5 6 6 5 5 4 4 5 6 6 6 6 6 5 5 5 5 6 4 4 3 5 5 6 6 11 11 11 2 2 2 2 2 6 6 6 5 5 5 5 6 6 9 9 8 8 8 8 9 9 4 4 9 9 9 9 9 8 8 8 8 8 8 8 8 9 9 9 9 9 9 9 4 4 9 9 9 9 8 8 9 9 9 8 8 8 8 8 8 8 8 8 9 9 9 9 10 10 10 10 10 8 9 9 10 10 10 10 10 10 10 10 10 
0 4 5 6 3 4 1 1 1 1 1 1 5 6 6 5 5 4 3 3 4 4 3 6 5 4 3 4 4 3 3 3 2 2 2 2 2 2 2 2 2 2 2 2 2 4 4 3 5 5 5 3 6 6 6 6 5 5 5 5 6 4 6 3 3 5 4 6 5 5 5 6 6 6 3 5 5 8 8 8 8 4 4 9 9 9 9 9 3 3 8 8 8 4 4 8 8 9 9 3 3 9 8 8 3 9 9 8 8 10 10 10 10 10 8 10 10 10 10 9 9 9 9 8 8 8 8 8 8 10 10 9 9 9 9 9 9 9 8 8 8 8 8 8 8 9 8 8 10 10 10 9 10 10 10 10 8 10 10 10 10 9 10 10 10 10 10 10 10 10 10 10 
0 5 6 6 5 4 1 1 1 1 1 5 5 6 6 3 6 5 3 4 3 3 5 6 2 2 2 2 2 2 2 2 5 4 4 4 6 6 5 3 5 6 6 5 5 6 5 4 3 6 4 3 5 6 6 4 8 8 4 9 9 8 4 9 9 4 4 3 3 8 9 9 10 10 10 10 10 8 10 10 10 10 10 10 10 10 9 9 8 8 10 10 10 10 10 10 10 10 10 10 10 9 8 10 10 10 10 10 
0 5 5 6 4 3 6 4 1 1 1 1 1 1 5 6 3 5 3 6 4 5 5 6 6 6 5 5 3 3 4 4 3 3 2 2 2 2 2 2 2 2 2 2 5 5 6 6 4 5 6 6 6 3 5 4 5 6 6 6 3 3 5 5 5 6 6 4 4 5 5 6 3 6 9 9 8 8 9 9 8 8 8 4 8 4 4 8 8 3 8 9 9 9 9 4 4 4 8 8 8 3 3 3 8 8 9 9 4 4 3 3 9 8 9 9 8 8 10 10 10 10 10 10 8 8 10 10 10 10 9 9 10 10 10 10 10 10 10 10 9 9 8 8 10 10 10 10 10 10 10 10 10 10 10 9 8 10 10 10 10 10 10 
0 5 6 6 4 5 6 6 4 3 1 1 1 1 1 3 3 5 6 4 6 4 5 3 3 2 2 2 2 2 2 2 2 2 5 5 4 6 6 4 4 3 3 4 4 5 5 3 3 6 6 6 4 3 5 5 5 6 6 6 4 4 3 3 5 5 6 6 4 4 3 3 8 8 9 9 4 8 8 8 9 9 9 9 9 9 3 8 8 8 4 4 3 8 9 9 8 3 9 9 8 10 10 10 10 10 10 10 10 10 10 10 10 10 10 9 9 8 8 8 8 9 9 10 10 10 10 10 10 10 10 10 10 10 10 10 8 9 9 10 10 10 10 10 10 8 10 10 10 10 10 10 10 
0 5 6 4 4 6 5 3 6 1 1 1 1 1 4 3 3 6 5 5 6 3 4 3 4 2 2 2 2 2 2 2 2 2 5 6 4 4 3 5 5 6 6 4 4 3 3 5 6 4 3 4 5 6 6 3 5 6 8 8 9 9 9 4 4 3 8 8 8 8 9 9 9 3 3 4 4 4 9 3 3 8 8 9 4 4 4 3 3 3 4 4 9 8 9 9 9 3 3 8 8 8 8 8 9 9 9 9 8 8 8 8 8 8 10 10 10 10 9 10 10 10 10 10 8 9 9 9 10 10 10 10 10 10 8 8 10 10 10 10 10 10 10 10 10 10 
0 5 6 6 5 6 4 4 3 1 1 1 1 1 5 3 6 6 5 3 4 4 3 5 6 4 4 3 3 4 4 2 2 2 2 2 2 2 2 3 5 6 4 4 4 5 3 3 3 6 4 4 4 3 6 5 5 4 3 3 6 6 6 5 5 4 4 5 3 6 6 5 8 8 8 8 4 4 9 9 9 9 8 8 8 8 4 3 9 9 9 4 8 8 8 8 3 8 8 9 9 8 8 10 10 10 10 10 10 10 10 9 10 10 10 10 10 10 10 10 10 10 10 10 10 9 8 10 10 10 10 10 10 10 10 10 10 10 
0 5 6 4 5 6 1 1 1 1 5 6 3 6 5 4 6 3 6 5 6 4 3 6 5 5 4 3 6 5 5 6 2 2 2 2 2 2 2 3 5 6 6 4 4 4 5 5 6 6 3 3 4 5 5 5 6 6 4 3 3 3 5 6 4 4 4 3 8 8 8 3 9 9 4 4 8 8 8 3 9 9 4 3 3 8 9 9 9 8 8 9 10 10 10 10 10 8 8 9 9 9 10 10 9 9 8 8 9 9 8 8 8 8 10 10 10 10 10 9 9 8 8 10 10 10 10 10 10 10 10 10 10 10 10 10 10 10 10 
0 5 6 6 4 5 6 1 1 1 1 1 1 3 3 5 6 5 6 6 6 5 5 6 4 3 5 6 3 4 5 6 3 5 2 2 2 2 2 2 2 2 4 4 6 6 3 5 5 5 6 4 3 6 5 6 4 4 8 3 3 3 8 9 9 4 4 4 4 3 3 3 3 3 4 4 8 8 3 3 9 9 9 8 8 8 8 9 9 10 10 10 10 10 10 10 9 9 8 8 8 10 10 10 10 10 8 8 8 10 10 10 10 9 9 9 9 10 10 10 8 8 10 10 10 10 10 10 10 10 10 10 10 10 10 9 10 10 10 10 
0 5 6 4 5 1 1 1 1 1 1 6 6 3 5 5 6 6 6 5 5 5 3 6 6 5 4 3 3 4 5 6 3 2 2 2 2 2 2 2 5 5 6 4 4 3 3 6 5 6 4 5 6 8 8 4 9 9 9 9 9 8 8 9 9 8 8 8 4 4 8 8 8 8 9 9 4 9 9 3 9 8 8 3 9 9 8 8 8 10 10 10 10 10 10 10 9 9 8 10 10 10 10 10 10 10 10 10 10 10 10 10 10 10 10 9 8 8 10 10 10 10 10 10 10 10 10 
0 5 6 4 5 1 1 1 1 1 6 3 5 3 5 6 3 5 6 4 3 5 6 4 4 3 3 5 6 4 4 3 2 2 2 2 2 2 3 5 5 6 4 4 4 3 6 6 3 5 3 4 4 8 8 8 4 4 9 9 9 9 3 9 9 9 8 8 8 4 8 8 8 8 8 8 4 9 9 3 9 9 9 8 8 8 10 10 10 10 10 10 8 10 10 10 9 10 10 10 10 10 10 10 10 10 8 10 10 10 10 10 10 10 10 10 10 10 10 10 10 9 8 10 10 10 10 10 10 
0 5 6 4 5 6 1 1 1 1 1 1 3 5 6 3 4 5 6 3 4 5 6 4 6 5 3 2 2 2 2 2 2 2 2 2 2 2 2 2 11 11 5 6 4 6 4 5 6 3 4 5 6 4 5 6 4 4 4 6 5 4 4 3 5 6 8 8 9 9 9 9 8 8 9 3 3 4 9 4 8 8 9 9 3 4 8 8 8 3 3 4 8 9 3 3 4 9 8 8 8 9 9 9 8 8 8 9 9 9 8 8 8 9 9 8 8 9 9 8 8 9 9 
0 5 6 6 4 5 6 6 5 1 1 1 1 1 5 6 6 3 6 5 3 5 6 4 3 3 5 6 4 11 11 11 2 2 2 2 2 2 2 2 2 2 2 2 5 5 6 6 5 6 4 4 6 6 5 4 6 5 4 6 6 5 8 8 4 8 3 9 9 9 9 4 9 3 9 9 8 8 9 4 3 8 8 8 4 8 8 3 8 4 9 9 3 9 9 9 9 9 9 4 9 9 8 8 8 8 8 8 4 8 8 8 9 9 9 8 8 8 8 9 9 8 9 8 9 9 9 8 8 9 9 9 9 8 8 8 9 9 
0 4 5 6 5 6 1 1 1 1 1 1 3 3 4 5 6 3 3 4 5 6 5 5 6 5 11 11 11 2 2 2 2 2 2 2 2 2 2 6 6 3 5 5 4 4 5 6 5 6 4 5 6 4 4 3 8 8 9 9 4 8 3 9 9 8 4 4 3 3 9 8 4 4 4 3 3 3 8 8 8 9 4 4 3 9 9 9 8 4 9 8 3 9 8 4 8 8 8 3 3 9 9 8 8 9 9 9 9 8 8 8 8 8 9 9 9 9 8 9 8 9 9 8 8 9 9 8 8 9 8 9 9 9 8 8 8 9 9 8 8 9 
0 5 6 4 6 5 6 6 3 4 3 5 6 1 1 1 1 1 3 6 5 5 3 4 4 6 5 3 3 6 5 5 4 6 5 6 11 11 2 2 2 2 2 2 2 2 2 6 5 5 4 3 6 4 5 5 6 6 3 4 5 6 4 4 3 8 4 9 8 9 9 8 4 8 8 9 9 9 4 3 9 8 8 8 4 4 8 9 4 3 3 8 8 9 9 8 9 8 9 8 9 8 8 9 3 9 8 8 9 8 9 8 
0 5 6 4 5 6 1 1 1 5 6 3 6 5 3 4 5 6 3 6 5 5 4 3 6 6 5 11 11 11 2 2 2 2 2 2 2 5 6 4 5 4 6 6 3 4 4 3 5 5 6 6 4 6 5 3 3 4 5 6 4 3 8 8 9 9 4 3 3 9 4 8 8 9 9 4 8 8 3 8 4 9 4 9 9 9 8 9 8 8 9 8 8 8 9 9 9 9 8 8 8 8 8 9 9 9 9 8 8 9 8 8 9 
0 5 6 4 5 6 1 1 1 1 1 1 4 3 3 5 3 5 5 6 4 3 6 5 5 6 3 11 11 11 2 2 2 2 2 2 2 5 6 6 4 5 4 4 3 6 5 4 4 5 6 3 5 6 6 4 8 8 9 9 4 4 8 8 9 8 4 9 9 4 9 9 4 9 8 8 9 4 4 8 8 3 3 9 9 8 8 9 9 8 8 8 9 9 8 9 9 8 
0 5 5 6 4 5 6 1 1 1 1 1 3 5 6 3 5 5 6 4 3 6 5 4 5 6 3 3 11 11 11 2 2 2 2 2 2 2 2 5 5 6 6 4 4 4 3 5 4 4 6 6 5 5 4 4 3 6 6 5 5 6 4 4 8 8 9 9 9 4 4 9 9 9 4 3 4 8 8 8 8 8 9 9 9 8 8 4 3 4 9 9 9 9 9 9 9 4 8 8 8 3 9 9 9 8 8 8 8 8 8 9 9 9 9 9 8 8 8 8 8 9 9 9 9 8 8 8 8 8 8 9 9 9 9 8 
0 4 5 6 3 5 6 4 1 1 1 1 1 5 6 3 3 5 6 3 3 3 4 4 5 6 11 11 2 2 2 2 2 2 2 5 6 6 4 5 6 4 4 4 6 5 3 6 6 5 4 4 8 8 3 3 4 4 4 9 9 9 9 8 3 4 8 8 8 8 3 4 9 9 9 4 9 9 9 8 8 8 8 8 3 3 9 9 9 9 9 8 8 8 8 8 9 8 8 9 9 9 9 8 9 9 9 8 8 8 8 8 8 8 8 9 9 
0 5 6 6 4 1 1 1 1 1 5 6 3 4 5 6 3 3 6 4 5 4 6 3 11 11 2 2 2 2 2 2 5 6 6 4 4 4 5 5 6 3 4 5 6 3 4 4 4 5 6 6 3 5 6 6 5 4 4 3 8 8 9 4 8 3 9 9 4 4 4 9 9 9 8 8 9 9 8 8 8 8 9 9 8 8 9 9 8 8 9 9 9 8 8 8 
0 5 6 4 6 1 1 1 1 1 1 1 3 4 6 3 5 6 5 5 6 6 5 4 6 5 3 3 5 5 6 6 5 4 2 2 2 2 2 2 2 2 2 2 2 2 2 2 2 11 11 11 3 3 5 5 6 6 4 5 6 4 4 3 6 3 5 6 4 4 3 5 6 4 3 5 6 4 4 8 9 9 4 4 3 3 4 9 9 8 8 4 8 4 9 9 4 4 9 9 3 4 8 8 8 9 8 8 3 9 8 9 8 9 9 8 8 8 9 9 8 9 8 8 9 
0 5 6 4 1 1 1 1 1 3 5 6 4 6 5 3 5 6 5 5 6 3 4 4 3 5 6 3 4 3 4 5 5 6 6 6 4 3 5 6 4 5 3 6 6 5 5 4 3 6 4 5 5 6 3 5 6 4 5 5 6 6 3 5 4 3 11 11 11 2 2 2 2 2 2 2 6 6 3 3 3 3 5 5 6 4 4 4 4 4 4 4 4 3 3 5 5 6 6 4 4 5 3 4 9 9 3 3 4 4 4 4 4 3 3 10 10 10 10 10 8 10 10 10 10 10 10 10 8 8 9 9 10 10 10 10 9 8 8 10 10 10 10 10 10 10 10 9 9 3 3 10 10 10 10 10 10 10 10 
0 5 6 4 6 5 6 1 1 1 1 1 3 3 6 5 5 6 4 3 5 6 3 5 6 4 4 3 3 5 6 6 4 5 6 3 5 6 4 5 6 3 4 4 5 6 3 3 4 5 6 5 6 3 3 5 5 6 4 4 11 11 11 2 2 2 2 2 3 3 3 3 3 3 3 3 3 3 5 6 4 4 4 4 4 4 4 4 4 4 4 5 5 6 6 4 4 4 3 3 3 5 5 6 6 3 5 6 4 4 4 5 3 6 4 4 8 8 9 3 3 9 4 4 8 8 9 3 4 4 3 3 8 9 9 8 4 3 3 8 9 10 10 10 10 10 8 9 9 9 9 10 10 10 10 10 10 10 8 10 10 10 10 10 8 10 10 10 10 10 10 10 10 10 
0 2 5 4 6 6 5 6 1 1 1 1 1 5 5 6 6 3 3 6 5 4 5 6 6 3 5 6 6 5 6 5 5 6 6 3 5 4 6 5 6 3 6 6 5 5 4 5 6 6 3 3 4 4 3 4 4 5 6 6 3 5 5 4 4 4 6 6 3 3 5 4 4 6 5 5 3 6 4 11 11 11 2 2 2 2 2 2 2 5 3 3 6 6 3 3 5 3 3 5 3 3 3 3 3 3 4 4 4 4 4 4 4 4 4 4 4 4 4 4 4 3 3 3 6 3 5 4 4 6 3 3 3 4 4 4 3 8 8 3 9 8 4 4 3 3 4 9 8 4 8 3 3 9 4 9 3 3 3 10 10 10 10 8 8 8 9 8 8 8 4 4 10 10 10 10 10 10 9 9 9 9 10 10 10 10 10 10 10 10 10 10 10 10 10 10 10 10 3 10 10 10 10 10 8 9 10 10 10 10 
0 5 6 4 6 5 3 5 1 1 1 1 4 6 6 5 3 3 4 6 5 6 3 4 4 3 5 6 6 5 5 6 3 3 4 4 4 5 6 3 3 3 3 4 5 6 4 4 3 3 5 6 5 6 4 3 5 6 4 6 3 5 5 6 4 4 3 3 3 5 6 4 4 5 5 6 6 5 3 5 11 11 11 2 2 2 2 2 2 6 6 3 5 3 3 5 4 4 4 4 4 4 6 3 5 3 3 4 4 5 5 6 3 3 6 5 4 4 3 3 8 8 4 4 3 8 9 9 9 4 3 8 4 4 3 3 9 8 10 10 10 10 10 10 10 8 3 8 10 10 10 10 8 10 10 10 10 9 10 10 10 8 10 10 10 10 10 10 10 10 10 10 10 10 10 10 
0 5 6 4 6 5 1 1 1 1 1 3 5 6 6 5 3 4 4 3 3 5 6 6 6 3 5 5 5 4 6 6 5 3 5 6 4 6 5 3 5 6 5 6 6 4 3 5 5 6 6 4 6 3 5 5 6 5 6 6 4 5 5 3 4 6 5 5 6 3 4 3 4 4 11 11 11 2 2 2 2 2 2 2 3 3 5 6 4 4 4 5 3 6 5 6 4 4 3 5 6 5 3 6 4 5 6 5 6 8 8 9 8 9 8 4 3 3 8 9 9 4 4 4 3 3 8 4 4 3 3 9 9 8 4 3 8 9 10 10 10 10 10 10 9 10 10 10 10 10 10 10 10 10 10 10 10 10 8 10 10 10 10 10 10 10 10 10 
0 5 6 4 3 4 5 1 1 1 1 1 6 6 5 3 3 5 6 4 3 5 6 3 3 4 3 5 6 4 4 6 3 3 5 4 5 6 3 4 4 5 5 6 3 6 6 6 4 4 5 5 3 6 6 5 4 3 3 4 4 5 5 6 3 3 6 6 4 5 3 6 4 4 3 11 11 11 2 2 2 2 2 2 2 3 3 3 3 3 3 3 3 3 3 5 5 6 6 5 6 4 4 4 4 4 4 4 4 4 4 4 4 4 5 5 6 6 3 5 5 6 6 6 4 4 5 3 5 6 6 4 5 3 3 5 6 4 4 8 9 3 8 8 4 3 9 4 4 3 3 8 8 9 9 10 10 10 10 10 10 9 10 10 10 10 10 10 8 10 10 10 10 10 10 10 10 10 10 10 10 
0 5 5 6 4 1 1 1 1 6 5 3 3 4 5 6 6 3 5 5 4 6 4 3 3 5 6 4 4 3 5 6 6 6 5 3 3 5 6 6 4 4 4 3 3 3 6 5 6 4 5 3 6 4 5 3 6 3 4 3 5 6 4 3 4 4 5 6 3 3 3 4 4 5 6 4 4 3 11 11 11 2 2 2 2 2 2 5 3 3 3 3 3 3 3 6 6 5 4 4 4 4 4 4 4 4 4 6 3 3 3 5 6 5 4 4 3 6 3 5 6 4 8 8 9 9 4 4 3 3 9 9 8 8 9 10 10 10 10 10 10 10 8 8 9 9 10 10 10 10 10 10 10 9 8 8 9 9 9 9 10 10 10 10 10 10 10 8 10 10 10 10 10 10 10 
0 5 6 6 4 1 1 1 1 1 5 6 3 5 3 4 3 6 5 5 6 4 3 5 6 6 5 3 5 6 4 5 5 6 3 4 5 6 6 3 3 3 4 4 5 5 6 6 6 5 3 4 5 5 6 3 5 6 11 11 11 2 2 2 2 2 2 5 5 6 3 5 5 6 4 4 4 4 6 4 3 3 3 3 4 4 3 6 4 4 4 6 3 5 5 3 6 6 6 5 4 5 6 8 8 3 9 9 9 4 4 3 4 8 9 9 3 8 8 4 4 4 3 3 3 9 4 10 10 10 10 10 9 9 8 8 8 8 8 10 10 10 10 10 10 10 10 9 9 9 10 10 10 10 10 10 10 10 10 10 10 
0 5 6 4 5 6 1 1 1 1 1 5 6 3 4 3 3 5 6 6 5 4 5 3 6 6 5 3 5 4 6 5 3 6 4 5 6 3 5 5 6 4 6 6 4 5 5 6 6 4 5 5 6 6 5 5 6 6 5 4 3 11 11 11 2 2 2 2 2 2 5 5 6 6 4 4 4 3 3 6 5 4 4 3 3 3 3 3 3 5 6 4 4 3 3 5 5 6 6 3 8 8 9 4 4 4 3 3 8 3 9 9 4 4 4 3 3 3 8 9 9 8 9 10 10 10 10 3 10 10 10 10 10 10 10 8 10 10 10 10 10 10 10 8 9 8 8 10 10 10 10 10 10 10 10 10 9 9 9 10 10 10 10 
0 5 6 4 4 1 1 1 1 5 5 6 3 6 6 5 5 6 5 3 5 6 5 4 6 3 4 3 5 6 3 5 6 4 4 4 4 3 3 5 6 4 5 6 6 5 5 6 4 3 4 6 5 5 6 3 4 4 3 5 3 6 5 4 4 4 3 5 3 11 11 11 2 2 2 2 2 6 6 3 3 3 3 5 3 3 4 4 4 4 4 4 4 4 6 5 3 3 3 3 4 4 4 4 5 6 3 3 5 6 4 4 3 3 5 5 6 4 8 8 9 8 3 3 4 4 9 9 8 8 8 8 9 9 3 3 8 9 9 8 10 10 10 10 10 10 8 9 9 9 9 8 10 10 10 10 10 10 10 10 9 9 10 10 10 10 10 10 10 10 10 10