0.666699
0.606605
0.646896
0.655752
0.63639
0.65287
0.620344
0.629512
0.641437
0.639042
0.628727
0.675924
0.666681
0.654695
0.618859
0.677168
0.66178
0.663091
0.687351
0.655945
0.688166
0.702439
0.684297
0.676893
0.685859
0.698186
0.698802
0.722064
0.705051
0.692042
0.640503
0.652202
0.610889
0.618502
0.690715
0.664534
0.676864
0.664889
0.646819
0.649537
0.617476
0.647687
0.599766
0.627844
0.6987
0.6393
0.615947
0.663575
0.642417
0.631044
0.73265
0.740247
0.678483
0.731831
0.685884
0.727761
0.688424
0.714646
0.751027
0.747175
