0.631295
0.60208
0.634691
0.638084
0.63073
0.621109
0.641672
0.648204
0.621338
0.630971
0.663774
0.643294
0.665037
0.673068
0.655593
0.662894
0.639514
0.670125
0.679302
0.673659
0.662596
0.67722
0.680095
0.69862
0.70139
0.735609
0.70657
0.670102
0.747133
0.718152
0.664286
0.634794
0.632969
0.627435
0.645307
0.679582
0.659292
0.662347
0.663746
0.651106
0.600531
0.657443
0.587071
0.639935
0.647952
0.631034
0.614158
0.67402
0.634983
0.645319
0.744663
0.743737
0.704051
0.727544
0.709126
0.725797
0.726245
0.70977
0.716891
0.758954
