0.661447
0.646643
0.640337
0.689019
0.63985
0.63579
0.650462
0.6311
0.640044
0.667459
0.62831
0.671854
0.655571
0.654538
0.643286
0.660371
0.636121
0.694173
0.696848
0.678262
0.64552
0.703526
0.715828
0.689594
0.727038
0.718696
0.730871
0.713544
0.772345
0.720354
0.632081
0.664724
0.632969
0.62047
0.667804
0.681238
0.647294
0.648085
0.633958
0.641314
0.614334
0.666438
0.612637
0.639935
0.69838
0.646955
0.614158
0.658524
0.681741
0.623845
0.728879
0.711655
0.6793
0.724674
0.691068
0.708333
0.715014
0.739105
0.729867
0.77722
