0.626597
0.601077
0.619395
0.637711
0.599758
0.607586
0.607072
0.648204
0.621338
0.626823
0.606733
0.628546
0.643589
0.6506
0.613384
0.641736
0.616316
0.613668
0.612146
0.635598
0.660016
0.67722
0.677992
0.69862
0.686529
0.735609
0.695177
0.670102
0.719373
0.705931
0.666667
0.652419
0.643165
0.613438
0.645307
0.665937
0.657199
0.658539
0.673955
0.629053
0.600531
0.628092
0.584021
0.611082
0.632336
0.62907
0.612826
0.67402
0.634983
0.645319
0.779173
0.743737
0.726586
0.727544
0.717721
0.732566
0.711251
0.751027
0.739837
0.721699
