0.666323
0.617721
0.651179
0.678323
0.631337
0.624375
0.639836
0.648204
0.621338
0.629678
0.663774
0.641706
0.665037
0.659341
0.651348
0.662894
0.639514
0.694173
0.696848
0.678262
0.675217
0.67722
0.693607
0.69862
0.70139
0.735609
0.695177
0.670102
0.719373
0.705931
0.641755
0.65519
0.659786
0.627435
0.66955
0.679582
0.695473
0.662347
0.663746
0.632419
0.623919
0.646122
0.587605
0.621261
0.67201
0.62907
0.612826
0.67402
0.667567
0.645319
0.759409
0.743737
0.706918
0.727544
0.709126
0.725797
0.726245
0.719308
0.716891
0.721699
