0.626224
0.596216
0.60535
0.634724
0.604032
0.621109
0.641672
0.622571
0.621058
0.630971
0.632732
0.655811
0.618908
0.673068
0.603189
0.59779
0.59464
0.623795
0.595437
0.625611
0.655375
0.641402
0.680865
0.666516
0.669552
0.657009
0.686204
0.644887
0.747133
0.718152
0.664286
0.627145
0.588809
0.609938
0.623426
0.652051
0.61255
0.591914
0.632456
0.651106
0.584264
0.621058
0.587071
0.609824
0.615765
0.60893
0.582124
0.651166
0.618268
0.618412
0.728403
0.711111
0.671416
0.716264
0.691219
0.72282
0.700805
0.693495
0.737232
0.758954
