0.661447
0.646643
0.641689
0.689019
0.63985
0.624375
0.634019
0.626264
0.640044
0.667459
0.622413
0.702229
0.659125
0.672814
0.616727
0.631999
0.630983
0.659801
0.649727
0.680706
0.670301
0.703526
0.715828
0.689594
0.691525
0.718696
0.730871
0.713544
0.772345
0.720354
0.651386
0.654908
0.63546
0.625
0.663222
0.668211
0.695559
0.649409
0.648649
0.620805
0.614334
0.666438
0.612637
0.636397
0.69838
0.646955
0.611895
0.658524
0.681741
0.623845
0.767333
0.711655
0.727772
0.696311
0.733979
0.709944
0.686576
0.741956
0.769094
0.77722
