0.618669
0.589395
0.643921
0.633159
0.64051
0.667477
0.636089
0.59973
0.603815
0.635851
0.627719
0.631738
0.652369
0.620164
0.640822
0.64688
0.61486
0.662589
0.672862
0.701161
0.667777
0.69879
0.682568
0.676893
0.685859
0.698186
0.673931
0.722064
0.705051
0.692042
0.625477
0.642176
0.633066
0.655474
0.636253
0.664534
0.684057
0.633298
0.619493
0.649537
0.609795
0.647687
0.589563
0.618236
0.6987
0.609637
0.594167
0.628708
0.642417
0.599326
0.772483
0.716438
0.726687
0.715366
0.701568
0.73615
0.706054
0.753643
0.758391
0.747175
