0.661447
0.646643
0.640337
0.689019
0.650531
0.65287
0.634019
0.626264
0.641437
0.667459
0.628727
0.65623
0.666681
0.672335
0.63056
0.677168
0.634165
0.673611
0.687351
0.682964
0.688166
0.703526
0.715828
0.689594
0.691525
0.718696
0.730871
0.713544
0.772345
0.720354
0.618291
0.654908
0.650068
0.61683
0.659456
0.668211
0.695559
0.683973
0.648649
0.64622
0.62631
0.666438
0.612637
0.636397
0.69838
0.648136
0.611895
0.692342
0.681741
0.629241
0.767333
0.711655
0.727772
0.747409
0.692004
0.709944
0.686576
0.741956
0.769094
0.77722
