0.626597
0.601077
0.619395
0.64342
0.627601
0.629618
0.628839
0.648204
0.621338
0.626823
0.621766
0.65623
0.643589
0.6506
0.63056
0.641736
0.634165
0.616581
0.621624
0.682964
0.660016
0.67722
0.677992
0.69862
0.686529
0.735609
0.701812
0.670102
0.719373
0.705931
0.666667
0.652419
0.643165
0.613438
0.645307
0.665937
0.657199
0.658539
0.671792
0.629053
0.600531
0.628092
0.584021
0.611082
0.632336
0.62907
0.612826
0.67402
0.634983
0.645319
0.779173
0.743737
0.726586
0.727544
0.717721
0.732566
0.711251
0.751027
0.739837
0.721699
