0.635438
0.627896
0.643921
0.633456
0.64051
0.667477
0.636089
0.628605
0.614935
0.635851
0.627719
0.661764
0.655571
0.672335
0.643286
0.660371
0.654561
0.694173
0.696848
0.701161
0.677891
0.707528
0.708314
0.683267
0.685859
0.712249
0.673931
0.722064
0.712455
0.692042
0.639681
0.665072
0.650068
0.655474
0.652936
0.671286
0.695559
0.683973
0.659912
0.649537
0.62631
0.647687
0.60654
0.635427
0.6987
0.619993
0.606933
0.692342
0.661976
0.629241
0.772483
0.718795
0.727772
0.725905
0.707744
0.73615
0.706054
0.753643
0.769094
0.747175
