0.622147
0.603988
0.629467
0.648081
0.61692
0.629618
0.624207
0.614828
0.609597
0.613003
0.622413
0.65623
0.643589
0.64465
0.63056
0.641736
0.634165
0.616581
0.621624
0.682964
0.660016
0.653385
0.677992
0.656061
0.686529
0.670502
0.698802
0.624881
0.672086
0.658917
0.666667
0.652419
0.643165
0.613438
0.644647
0.664901
0.657199
0.658539
0.671792
0.629053
0.617476
0.631442
0.599766
0.627844
0.642619
0.6393
0.615947
0.663575
0.631126
0.628199
0.779173
0.740247
0.726586
0.731831
0.717721
0.732566
0.711251
0.751027
0.751027
0.74177
