0.618669
0.580659
0.643921
0.62473
0.64051
0.667477
0.636089
0.59973
0.603815
0.635851
0.627719
0.631738
0.652369
0.651533
0.640822
0.642806
0.610497
0.662589
0.672862
0.701161
0.670301
0.670025
0.668106
0.647374
0.669915
0.674241
0.686576
0.654695
0.710557
0.689701
0.651386
0.622376
0.63546
0.608605
0.663222
0.633042
0.634399
0.613626
0.621835
0.607229
0.559113
0.620249
0.558581
0.57735
0.597652
0.57579
0.552679
0.651664
0.593114
0.597298
0.713371
0.696673
0.680337
0.689057
0.733979
0.69126
0.686576
0.717091
0.729867
0.745169
