0.661447
0.646643
0.640337
0.689019
0.63985
0.63579
0.650462
0.6311
0.640044
0.667459
0.62831
0.671854
0.647054
0.651964
0.635593
0.64688
0.645725
0.663091
0.650536
0.669026
0.667777
0.703526
0.715828
0.689594
0.691525
0.718696
0.730871
0.713544
0.772345
0.720354
0.633296
0.652202
0.650068
0.655474
0.690715
0.668211
0.684057
0.683973
0.619493
0.635965
0.614334
0.666438
0.612637
0.636397
0.69838
0.646955
0.619497
0.658524
0.681741
0.624876
0.772483
0.716438
0.726687
0.751495
0.690212
0.73615
0.706054
0.753643
0.758391
0.77722
