0.631295
0.590005
0.624982
0.64342
0.627601
0.629618
0.628839
0.596079
0.614935
0.630971
0.646181
0.65623
0.665037
0.644383
0.63056
0.662894
0.634165
0.650444
0.623761
0.682964
0.668898
0.641402
0.680095
0.666516
0.678237
0.662027
0.701812
0.644887
0.747133
0.718152
0.664286
0.654908
0.650068
0.608434
0.652936
0.650444
0.695559
0.683973
0.648649
0.651106
0.584264
0.611704
0.587071
0.581774
0.620527
0.586721
0.581568
0.65849
0.618268
0.618412
0.767333
0.698131
0.727772
0.724516
0.692004
0.709944
0.68092
0.741956
0.769094
0.758954
