0.666323
0.617721
0.651179
0.679122
0.627601
0.624375
0.641672
0.636035
0.624487
0.621966
0.644378
0.643294
0.672016
0.673068
0.655593
0.650117
0.652771
0.670125
0.679302
0.673659
0.667777
0.692533
0.685965
0.690099
0.68892
0.693845
0.701812
0.681543
0.682457
0.679469
0.666667
0.652419
0.650068
0.614919
0.651944
0.664901
0.67918
0.683973
0.671792
0.650099
0.62631
0.646122
0.600708
0.635427
0.67201
0.619993
0.608873
0.692342
0.667567
0.629241
0.779173
0.734667
0.726586
0.751495
0.717721
0.732566
0.71685
0.751027
0.739837
0.718415
