0.638153
0.601077
0.623972
0.637711
0.63118
0.63293
0.607412
0.648204
0.631651
0.626823
0.615041
0.635301
0.661591
0.6506
0.635593
0.64688
0.66178
0.67082
0.646816
0.650778
0.668898
0.67722
0.662895
0.69862
0.682307
0.735609
0.695177
0.670102
0.719373
0.705931
0.625477
0.642176
0.633066
0.655474
0.676555
0.665937
0.684057
0.664889
0.663746
0.628209
0.600531
0.628092
0.584021
0.611082
0.632336
0.62907
0.612826
0.67402
0.634983
0.645319
0.772483
0.743737
0.726687
0.727544
0.709126
0.73615
0.706054
0.753643
0.758391
0.721699
