0.661447
0.646643
0.640337
0.689019
0.63985
0.63579
0.650462
0.6311
0.640044
0.667459
0.663774
0.673395
0.665037
0.651964
0.651348
0.662894
0.629887
0.694173
0.696848
0.678262
0.668898
0.703526
0.715828
0.689594
0.691525
0.718696
0.730871
0.713544
0.772345
0.720354
0.666667
0.652419
0.643165
0.61683
0.644647
0.668211
0.657199
0.658539
0.671792
0.629053
0.616954
0.666438
0.612637
0.636397
0.69838
0.646955
0.611895
0.658524
0.681741
0.631044
0.779173
0.711655
0.726586
0.724516
0.717721
0.732566
0.711846
0.751027
0.765138
0.77722
