-12.83398
-12.00606
-13.02763
-10.99305
-11.49895
-12.74513
-12.15345
-11.38206
-11.58017
-11.83754
-12.42614
-13.25731
-13.81551
-12.04571
-11.21411
-11.69199
-12.91507
-11.05741
-13.12234
-10.76735
-13.30326
-10.64040
-11.54613
-11.51367
-12.88543
-11.41133
-12.37982
-11.88252
-11.66652
-11.47943
-13.69199
-12.61899
-12.86743
-13.81551
-12.73240
-13.35511
-11.17117
-13.41985
-13.81551
-12.82930
-13.43719
-13.47012
-13.25380
-13.39109
-12.41794
-13.23814
-13.13764
-12.70657
-12.91235
-13.20555
-11.75228
-11.23788
-13.42414
-11.83319
-10.67932
-11.00503
-12.38424
-11.67855
-12.33615
-11.59718
