-13.61382
-12.50613
-13.71467
-12.05737
-12.54735
-13.22940
-12.68857
-12.22362
-12.24873
-12.38056
-12.95800
-13.67308
-13.81551
-12.50924
-12.40904
-12.56216
-13.68780
-12.33676
-13.81551
-11.85422
-13.73399
-12.01349
-12.60592
-12.15633
-13.50202
-12.23288
-12.80565
-12.73081
-12.10880
-12.39013
-13.81551
-13.05642
-13.38242
-13.81551
-13.25294
-13.81551
-12.01672
-13.81551
-13.81551
-13.43849
-13.72173
-13.81551
-13.38925
-13.55647
-12.56615
-13.56678
-13.55920
-13.15812
-13.62754
-13.37271
-12.81240
-12.07988
-13.81551
-12.33244
-11.84134
-12.37297
-12.91694
-12.77937
-12.78905
-12.33101
