-1.82932
-1.38240
-2.04695
-1.62405
-1.52328
-1.60808
-1.44553
-1.60477
-1.13126
-1.36725
-1.12433
-1.09823
-1.20114
-1.37410
-1.11875
-1.10103
-1.70813
-1.02630
-1.43720
-1.08745
-1.33873
-1.49977
-1.43986
-1.28773
-1.61692
-1.27850
-1.50032
-1.37744
-1.03810
-1.21093
-1.57874
-1.63377
-1.66717
-1.79963
-1.58708
-1.38240
-1.13652
-1.17492
-1.34870
-1.52975
-1.97490
-1.52592
-2.23538
-1.82272
-1.54277
-1.49801
-1.31370
-1.53506
-1.88364
-1.66987
-1.18926
-1.16287
-1.29780
-1.40223
-1.47529
-1.08373
-2.22275
-1.04088
-1.15610
-1.12230
