-4.83885
-4.91077
-5.86636
-4.04094
-3.35919
-3.92846
-4.80234
-3.52727
-3.27607
-3.74183
-2.13444
-2.10746
-3.18849
-3.11697
-2.76193
-1.68968
-4.36910
-2.14882
-3.27552
-1.52952
-3.67714
-4.28653
-3.47833
-3.43323
-4.62129
-3.29138
-4.40781
-3.03532
-2.59695
-2.53740
-5.22786
-4.75203
-4.05764
-7.56656
-4.06198
-3.63999
-2.45490
-4.23460
-2.96017
-4.95598
-4.40780
-3.99090
-5.18757
-4.77826
-5.13495
-4.43382
-3.82129
-4.49952
-3.97637
-4.69794
-2.71253
-3.30288
-3.85988
-2.93552
-2.92029
-3.23953
-5.74118
-3.16902
-3.12816
-3.36006
