-13.81551
-12.75543
-13.81551
-12.92024
-13.07374
-13.47648
-13.33911
-12.89448
-12.58418
-12.74869
-13.42906
-13.81551
-13.81551
-13.14508
-13.28117
-13.34719
-13.81551
-12.81075
-13.81551
-12.93632
-13.81551
-12.74097
-13.24383
-13.11408
-13.81551
-12.66760
-13.01627
-13.58903
-12.57810
-12.95416
-13.81551
-13.70616
-13.70410
-13.81551
-13.81551
-13.81551
-12.66333
-13.81551
-13.81551
-13.81551
-13.81551
-13.81551
-13.52769
-13.72807
-12.98928
-13.81551
-13.72751
-13.62229
-13.81551
-13.54638
-13.30758
-12.75278
-13.81551
-13.04798
-12.75763
-13.40917
-13.24462
-13.68267
-13.28921
-12.84996
