-13.81551
-13.81551
-13.81551
-13.81551
-13.81551
-13.81551
-13.81551
-13.81551
-13.81551
-13.81551
-13.81551
-13.81551
-13.81551
-13.81551
-13.81551
-13.81551
-13.81551
-13.68138
-13.81551
-13.81551
-13.81551
-13.81551
-13.81551
-13.81551
-13.81551
-13.81551
-13.81551
-13.81551
-13.81551
-13.81551
-13.81551
-13.81551
-13.81551
-13.81551
-13.81551
-13.81551
-13.81551
-13.81551
-13.81551
-13.81551
-13.81551
-13.81551
-13.81551
-13.81551
-13.81551
-13.81551
-13.81551
-13.81551
-13.81551
-13.81551
-13.81551
-13.81551
-13.81551
-13.81551
-13.81551
-13.81551
-13.81551
-13.81551
-13.81551
-13.81551
