-11.46871
-10.56778
-11.56064
-9.45200
-9.76147
-10.83069
-10.59051
-10.18979
-9.58753
-10.17888
-9.58658
-9.92568
-11.46065
-9.51003
-9.47085
-9.39952
-10.61183
-8.22843
-10.04958
-7.43072
-11.39998
-9.29004
-9.42957
-9.60102
-11.15351
-8.73801
-10.95734
-9.46587
-8.85727
-9.62586
-11.26651
-10.55321
-11.28721
-13.45156
-11.35770
-11.51308
-9.55042
-11.04137
-12.22927
-11.71250
-11.81398
-11.56748
-12.16877
-12.65972
-11.40643
-11.26696
-11.09776
-11.12673
-11.36569
-12.24096
-8.99270
-9.69356
-10.86120
-9.76170
-8.72345
-8.89272
-10.39937
-9.62169
-11.15961
-9.64196
