-7.27173
-6.69563
-7.77116
-6.58083
-5.35367
-5.63473
-7.08956
-5.32307
-6.20884
-5.92533
-3.73848
-3.50450
-5.22934
-4.91889
-4.36035
-3.71851
-6.38883
-2.96174
-4.67413
-2.35201
-5.77495
-6.05473
-5.09930
-5.91796
-7.51437
-5.84911
-6.39860
-4.97143
-4.31235
-4.90836
-7.65733
-6.90831
-6.79867
-10.18573
-6.85598
-6.66403
-4.15930
-6.36290
-5.10509
-8.02608
-6.88179
-6.80343
-7.64878
-7.76678
-7.59472
-6.47275
-6.42922
-7.18034
-6.17505
-8.46014
-3.92361
-4.88421
-5.59998
-5.26725
-4.19893
-5.11558
-7.66216
-5.07316
-5.97964
-4.97367
