0 0 0 0 0 0 0 0 0 0 0 0 0 0 0 0 0 0 0 0 0 0 0 0 0 0 0 0 0 0 0 0 0 0 0 0 0 0 0 0 0 0 0 0 0 0 0 0 0 0 0 0 0 0 0 0 0 0 0 0 0 0 0 0 0 0 0 0 0 0 0 0 0 0 0 1 0 0 0 0 0 0 0 0 0 0 0 0 0 0 0 0 0 0 0 0 0 0 0 0 0 0 0 0 0 0 0 0 0 0 0.923077 0.904762 0.037234 0.35 0.307692 0.8 1 0.5 0.5 0 0 0 0 0 1 0.8 0.923077 0.8 0.904762 0.037234 0.4 1 1 1 1 1 0 0 0 1 1 1
0 0 0 0 0 0 0 0 0 0 0 0 0 0 0 0 0 0 0 0 0 0 0 0 0 0 0 0 0 0 0 0 0 0 0 0 0 0 0 0 0 1 0 0 0 0 0 0 0 0 0 0 0 0 0 0 0 0 0 0 0 0 0 0 0 0 0 0 0 0 0 0 0 0 0 0 0 0 0 0 0 0 0 0 0 0 0 0 0 0 0 0 0 0 0 0 0 0 0 0 0 1 1 0 0 0 0 1 1 1 1 0.9 0.0714286 0.4 0 0 0 0 0 0 0 0 0 0 1 0 0 0 0 1 1 0 0 0 0 1 1 1 1 1 1 0.037037 0 0 0.2 1 1 1 1 1 1 0.851852 0.866667 0.938776 0.946809 0.946809 0.946809 0.946809 0.946809 0.946809 0.946809 0.946809 0.946809
0 0 0 0 0 0 0 0 0 0 0 0 0 0 0 0 0 0 0 0 0 0 0 0 0 0 0 0 0 0 0 0 0 0 0 0 0 0 0 0 0 0 0 0 0 0 0 0 0 0 0 0 0 0 0 0 0 0 0 0 0 0 0 0 0 0 0 0 0 0 0 0 0 0 0 0 0 0 0 0 0 0 0 0 0 0 0 0 0 0 0 0 0 0 0 0 0 0 0 0 0 0 0 0 0 0 0 0 0.666667 0.888889 0 1 0.666667 0.666667 0.666667 0.5 0 0 0 1 0.666667 1 0.857143 0.923077 0.0769231 0.4 0.307692 0 0 0 0 0 0 0.142857 1 0.25 1 1 1 1 0.875 0.833333
0 0 0 0 1 0 0 0 0 0 0 0 0 0 0 0 0 1 1 0 0 0 0 0 0 0 0 0 1 0.5 0 1 0 0 0 0 0 0 0 0 0 0 0 0 0 0 0 0 0 0 0 0 0 0 0 0 0 0 0 0 0 0 0 0 0 0 0 0 0 0 0 0 0 0 0 0 0 0 0 0 0 0 0 0 0 0 0 0 0 0 0 0 0 0.75 0.153846 1 1 1 1 0.692308 0.888889 0.923077 0.904762 0.037234 0.25 0.571429 0.8 1 1 1 1 1 0.947368 0.866667 0 0.857143 0.25 0.666667 0.666667 0.5 1 1 1 1 0.692308 0.888889 0.923077 0.904762 0.946809 0.946809
0 0 0 0 0 0 0 0 0 0 0 0 1 1 0.5 0 0 0 0 0 0 0 0 0 0 0 0 0 0 0 0 0 0 0 0 0 0 0 0 0 0 0 0 0 0 0 0 0 0 0 0 0 0 0 0 0 0 0 0 0 0 0 0 0 0 0 1 1 0 0 0 0 0 0 0 0 0 0 0.5 0 0 0 1 0 0 0 0 0 0 0 0 0 0 0 0 0 0 0 0 0 0 0 0 0 0.166667 1 1 0.25 1 1 1 0.666667 0.111111 1 0 0 0 0 0 0 0 1 0.833333 0.923077 0.923077 0.0714286 0.35 0.307692 0.8 1 0.5 1 1 1 1 0.111111 1 0.5 1 0 0 0 0 0 1 1 1 0.833333 0.923077 0.923077 0.904762 0.946809 0.946809 0.946809 0.946809 0.946809
0 0 0 0 0 0 0 0 0 0 0 0 0 0 0 0 0 0 0 0 0 0 0 0 0 0 1 0 0 0 0 0 0 0.333333 0 0 0 1 0.142857 0 0 0 0 0 0 0 0 0 0 0 1 0 0 0 0 0 0 0 0 0 0 0 0 0 0 0 0 0 0 0 0 0 0 0 0 0 0 0 0 0 0 0 0 0 0 0 0 0 0 0 0 0 0 0 0 0 0 0 0 0 0 0 0 0 0 0 0 0 0 0 0 0 0 0 0 0 0 0 0 0.692308 0.888889 0.923077 0.904762 0.0159574 0 0 0 1 1 1 0 0 0 0 0 0 0 0 0 0.0769231 1 0 0 1 0.5 0.5 0 0 0.153846 1 0 1 1 1 0.666667 0.888889 0.947368 0.133333 0 0.428571 1 1 1 1 1 1 0.75 0.938776 0.946809 0.946809
0 0 0 0 0 0 0 0 0 0 0 0 0 0 0 0 0 0 0 1 0 0 0 0 1 0 0 1 1 0 0 0 0 0 0 0 0 0 0 0 0 0 0 0 0 0 0 0 0 0 0 0 0 0 0 0 0 0 0 0 0 0 0 0 0 0 0 0 0 0 0 0 0 0 0 0 0 0 0 0 0 0 0 0 0 0 0 0 0 0 0 0 0 0 0 0 0 0 0 0 0 0 0 0 0 0 0 0 0 0 1 1 1 0.833333 0.923077 0.923077 0.0238095 0.142857 1 1 1 1 1 1 1 0 0.857143 0 0 0 0 0 0 0 1 0.833333 0 1 0 1 1 1 1 0.875 0.833333 0.866667 0.938776 0.946809 0.946809 0.946809 0.946809 0.946809
0 0 0 0 0 0 1 0 0 0 0 0 0 0 0 0 1 1 0 0 0 0 0 0 0 0 0 0 0 0 0 0 0 0 0 0 0 0 0 0 0 0 0 0 0 0 0 0 0 0 0 0 0 0 0 0 0 0 0 0 1 0.666667 0.5 0 0 0 0 0 0 0 0 0 0 0 0 0 0 0 0 0 0 0 0 0 0 0 0 0 0 0 0 0 0 0 0 0 0 0 1 0.5 1 1 1 1 0.888889 0.947368 0.866667 0.938776 0.946809 0.946809 0.946809 0.946809 0.037234 0.35 0.307692 0.8 1 0.5 0.5 1 1 1 0.777778 0 0 0 0 0 0 0 0 0 0 0 0 1 1 0.9 0.904762 0.946809 0.946809 0.946809
0 0 0 0 0 0 0 0 0 0 0 0 0 0 0 0 0 0 0 0 0 0 1 1 1 0 0 0 0 0 0 0 0 0 0 0 0 0 0 0 0 0 0 0 0 0 0 0 0 0 0 0 0 0 0 0 0 0 0 0 0 0 0 0 0 0 0 0 0 0 0 0 0 0 0 1 0.5 1 0 0 0 0 0 0 0 0 0 0 0 0 0 0 0 0 0 0 0 0 0 0 0 0 0 0 0 0 0 0 1 1 1 0 0 0 0 0 0 0 1 0.666667 0.888889 0.947368 0.866667 0.938776 0.0159574 0.857143 0.25 0.666667 0.666667 0.5 0 0 0 1 1 1 1 0.857143 0.923077 0.923077 0.0238095 0.142857 1 1 1 1 1 1 1 0.938776 0.946809 0.946809 0.946809 0.946809 0.946809 0.946809 0.946809 0.946809 0.946809 0.946809 0.946809 0.946809 0.946809
0 0 0 0 0 0 0 0 0 0 0 0 0 0 0 0 0 0 0 0 0 0 0 0 0 0 1 0 0 0 0 0 0 0 0 0 0 0 0 1 0.5 0 0 0 0 0 0 0 0 0 0 0 0 0 0 0 0 0 0 0 0 0 0 0 0 0 0 0 0 0 0 0 0 0 0 0 0 0 0 0 0 0 0 0 0 0 0 0 0 0 0 0 0 0 0 0 0 0 1 0.666667 0.888889 0.0526316 1 0.333333 0.8 1 0.5 0.5 1 1 1 0.777778 0 0 0 0 0 0 0 0 0 0 0 0 0 1 1 1 1 1 0.0526316 0 1 1 1 1 1 1 0.9 0.904762 0.946809 0.946809 0.946809 0.946809 0.946809 0.946809 0.946809 0.946809 0.946809
0 1 0 0 0 0.5 1 0.5 0 0 0 0 0 0 0 0 0 0 0 0 0 0 0 0 0 0 0 0 0 0 0 0 0 0 0 0 1 0 0 0 0 0 0 0 0 0 0 0 0 1 0 0 0 0 0 0 0 0 0 0 0 0 0 0 0 0 0 0 0 0 1 0.5 0 0 0 0 0 0 0 0 0 0 0 0 0 0 0 0 0 0 0 0 0 0 0 0 0 0 1 0.5 0 0.75 0 0 1 1 1 1 0 1 0.5 0.5 0.5 0.666667 0.5 0 0 0 1 0 0 1 0 0 0.5 0 0.689655 0.681818 0.625 0 1 1 1 0.916667 0.882353 0.037037 1 0.333333 0.8 1 0.5 0.5 1 1 1 0.777778 1 0.851852 0.866667 0.938776
0 0.5 1 1 1 1 1 0.5 1 0 0 0 0 1 0 0 0 0 0 0 0 0 0 0 1 1 0 0 0 0.6 0 0 1 1 0 0 0 0 0 0 0 0 0 0 0.5 1 0.615385 0.888889 0 0 0 0 0 0 0 0 0 0 0 0 1 1 0 0 0 0 0 0 0 0 0 0 0 0 0 0.5 0 0 0 0 0 0 0 0 0 0 1 0 0 0 0 1 1 1 0 0 0 0 1 1 1 1
0 1 0.333333 0 0 0 0 0 1 0 0 0 0.5 1 0.333333 0 0 0 0 0 0 0 0 0 0 0 0 0 0 0 0 0 0 0 0 0 1 0 0 0 0 0 0 1 1 1 0 0 0 1 1 0 0 0 0 0 0 0 0 0 0 0 0 0 0 0 0 0 0 0 0 0 0 0 0 0 0 0 0 0 0 0 0 0 0 0 0 0 0 0 0 0 0 0 0.666667 0.5 0.5 0 0 0 0 1 0 0 0 0 0 0 0 0 0 0 0 0 0 0 0 0.129032 0.923077 0.0666667 0 0 0 0 0 0 0 0 0 0 0 0 0 0 0.75 0.777778 1 0.037037 0 1 1
0 0 0 0 0 0 0 1 0 0 0 0 0 0.666667 0.5 0 0 0 0 0 0 0 0 0 0 0 0 0 0 0 0 0 0 1 0.5 1 0 0 0 0 0 0 1 1 0 1 1 1 0.5 0 0 0 0 0 0 0 0 0 0 0 1 0 0 0 0 0 0 0 0 0 1 1 0 0 0 0 0 0 0 0 0 0 0 0 0 0 0.5 1 1 1 0.205882 0.166667 1 1 1 1 0.8 0.923077 0.8 0.904762 0.946809 0.946809 0.946809 0.037234 0.35 0.0769231 0 0 0
0 0 0 0 0 0 0 0 0 0 0 0 0 0 0 1 1 0 0 0 0 0 0 0 0 0 0 0 0.5 0.5 0.5 0.5 0.666667 1 0.75 0.5 0.666667 0.428571 1 0.285714 1 0.2 0 0 1 0 0 0 0 0 0 0 0 1 0 0.666667 0.333333 0 0 0 0 0 0 0 0 0 0 0 0 0 0 0 0 0 0 1 0 0 0 0 0 0 0 0 0 0 0 0 0 0 0 0 0 0 0 0 0 0 0 0 0 0 0 0 0 0 0.681818 0.375 1 0.888889 0.842105 0.761905 0.617647 0.291667 0.7 0.571429 0.5 0.5 0 0 0 0 0 0 0 0 0 0 0 0 0 0 0 0 0 0 0 0 0 0 0.714286 0.384615 0.125 1 1 1 1 1 0.8 0.75 0.938776 0.946809 0.037234 0.35 0.0769231 0.75 0.5 1 1
0 1 1 0 0 0 0 0 0 0 0.5 0 1 0 0 0 0 0 0 0 0 0 0 0 0 0 0 0 0 0 0 0 0 0 0 0 0 0 0 0 0 0 0 1 0.782609 0 0 0 0 0 0 0 0 0 0 0 0 0 0 0 0 1 0 0.617647 0.291667 0.7 0.428571 0.9 0.866667 0.64 0.714286 0.735294 0.83871 0 0 0 0 0 0 0 0 0 0 0 0 1 0 0 0 0 0.5 0.5 0.333333 0.9 0 0.5 0 1 0 0 0 0 0 0 0 0 0 0 0.689655 0.0909091 1 1 1 0.916667 0.117647 1 0.666667 1 1 1 1 1 0.818182 0.923077 0.904762
0 0 0 0 0 0 0 0 0 0 0 0 0 0 0 0 0 0 1 0 0.285714 0.5 0 0 0 0 0 0 0 0 0 0 0 0 0 0 0 0 0 0 0 0 0 0 0 0 0 0 0 0 0 0 0 0 0 0 0 0 0 0 0 0 0.5 0.75 1 0.5 0 0 0 0 1 1 0.666667 0.5 0 0 0 0 0 0 0 0 0 0 0 0 0 0 0 0 0 0.681818 0.375 1 0.888889 0.842105 0.761905 0 1 1 1 1 0.857143 0 0 0 1 1 1 1
0 0 0 0 0 0 0 0 0 0 0 0 0 0 0 0 0 0 0 1 1 1 0.666667 0.5 0.5 0 0 0 0 0 0 0 0 0 0 0 1 1 0 0 0 0 0 0 0 0 0 0 0 0 0 0 0 0.129032 0.923077 0.933333 0.0263158 0 0 0 0 0 0 1 1 0.5 1 0.866667 0.08 0.333333 1 0.333333 0 0 0 0 0 0 0.625 0.625 0.625 0.375 1 0.888889 0.842105 0 0 0 0 0 0 0 0 0 0 0 0.666667 1 0.205882 0.666667 0.714286 0.615385 0.0714286 0.666667 1 0.666667 1 0.857143 0.923077 0.923077 0.904762 0.946809 0.946809 0.946809 0.946809 0.946809 0.946809
0 0 0 0 0 0 0 0 0 0 0 0 0 0 0 0 0 0 1 1 0.5 1 1 0 1 0.5 1 0 0 0 0 0 0 1 1 0 1 0 0 0 1 1 1 0 0 0 0 0 0 0 0 0 0 0 0 0.291667 0.7 0 0 0 0 0 0 0 1 0.5 0 0.689655 0.681818 0.625 0.625 0.625 0 0 0 0 0 0 0 0 0 0 0 0 0.666667 0 0 0 0 1 0 0 0 0 0 0 0 0 0 0 0 0 0 1 0.111111 0 0 0 0 0 0.5 0.8 0.75 0.938776 0.946809 0.0159574 0.857143 0 0 0 0
0 1 1 1 0 0 0 0 1 0 0 0 0 0 0 0 0 1 1 0 0 0 0 0 0 0 0 0 0 0 0 0 0 0 0 0 1 0.285714 0 0 0 0 0 0 0 0 0 0 0 0 0 1 0.75 0 1 0 0 0 1 1 0 0 0 1 1 1 1 1 1 1 0 0.333333 0 0 1 1 0.5 0 0 0.75 0.75 0.714286 0.735294 0.83871 0.689655 0.227273 1 0.888889 0.842105 0.761905 0.617647 0.291667 0 0 0 1 1 0.333333 1 1 0 0 0 0.5 1 0.571429 0.75 0.583333 0.666667 0.83871 0.689655 0.681818 0.375 1 0.888889 0.842105 0.0714286 0.666667 1 0.666667 1 0.142857 0 0 0 0 0 0 0 0 0.888889
0 0 0 0 0 0 1 0 0 0 0 0 0 0 0 0 0 0 0 0 0 0 0 0 0 0 0 0 0 0 0 0.666667 0.762963 0.762963 0.762963 0.762963 0 0 0 0 0 0 0 0 0 1 0 0 0 0 0 0 0 0 0 0 0 0 0 0 0 0 0 0 0 0 0 1 0 0 0 0 0 0 0 0 0 0.5 0.5 0 0 0 0 0 0 0 0 0 0 0 0 0 0 0 0 0 0 0 0 0 0 0 0 0 0 0.111111 0 0 0 1 0 0 0 0 0 1 0 0 0 0.735294 0.0322581 1 0 0 0 0 0 0 0 0 0 0.866667 0.64 0.714286 0.735294 0.83871 0.241379 0 0 0 0 0 0 0 0 0 1 0 0 0 0 1 0 0 0 0 1 1 1 1 0.9
0 0 0 0 0 0 0 0 0 0 0 0 0 0 0 0 0 0 0 0 0 0 0 0 0.26087 0.5 0.333333 1 1 0 0 0 0 0 0 0 0 0 0 0 0 0 0 0 0 0 0 0 0 0 0 0 0 0 0 0 0 0 0 0 0 0 0 0 0 0 0 0 0 0.666667 1 1 1 1 1 1 1 0.0612245 0.35 0.0769231 0.75 0.5 1 1 1 1 0.888889 0.947368 0.866667 0.938776 0.946809 0.946809 0.037234 0.25 0.428571 1 1
0 0 0 0 0 0 1 1 0 0 0 0 0 0 0 0 0 0 0 0 0 0 0 0 0 0 0 0 0 0 0 0 0 0.666667 0.762963 0.125926 0.608696 0.52381 0.733333 0.615385 0.111111 0 0 0 0 0 0 0 0 0 0 0 0 0 0 0 1 0.5 0 0 0 0 0 0.5 0 0 0 0 0 0 0 0 0 0 0 0 0 0 0 0 0 0 0 0 0 0 0 0 0 0 1 0.5 0 0 0 0 0 0 0 0 0 0 0 0 0 0 0 0 0 0 0 0 0 0.666667 0.888889 0 1 0.333333 1 1 1 0 0 0 1 1 1 1 1 0.818182 0.923077 0.0714286 0.35 0.0769231 0.75 0.5 1 1 1 1 0.888889 0.947368 0.866667 0.938776 0.946809 0.946809 0.037234 0.25 0.428571 1 1 1
0 0 0 0 0 0 0 0 0 0 0 0 0 0 0 0 0 0 0 0 0 0 0 0 0.666667 0.125926 0.608696 0.238095 0.6 0.666667 1 1 0.5 0 0 0 0 0 0 0 0 0 0 0 0 0 0 0 0 0.5 0 0 0 0 0 0 0 0 0 0 1 0.5 1 0 0 0 0 0 0 0 0 0 0 0 1 0.25 0.5 0 0 0 0 0 0 0 0 0 0 0 0 0 0 0 0 0 0 0 0 0 0.8 0.75 0.938776 0.946809 0.946809 0.946809 0.946809 0.946809 0.037234 0.35 0.0769231 0.75 0.5 0 0 0 0 1 1 1 1 0.692308 0.888889 0.923077 0.904762 0.946809 0.946809 0.946809 0.946809 0.0159574 0 0 0 0 0 0 0 0 0 0 0 1 1 1
0 0 0 0 0 0 0 0 0 0 0 0 0 0 0 0 0 0 0 0 0 0 0 0 1 0.125926 0.130435 0 0 0 0 0 0 0 0 0 0 0 0 0 0 0 0 0 0 0 0 0 0 0 0 0 0 0 0 0 0 0 0 0 0 0 0 1 0 0 0 0 0 0 0 0 0 0 0 0 0 0 0 0 0 0 0 0 0 0 0 0 0 0 0 0 0 0 0 0 0 0 0 0.166667 0.923077 0.733333 0.857143 0.714286 0.735294 0.0322581 1 1 1 0.0833333 0 0 1 1 1 0 0 0 0 0 0 0 0 0 0.833333 0 1 0 1 1 1 1 0.875 0.833333 0.866667
0 0 0 0 0 0 0 0 0 1 0.666667 1 0 0 0 0 0 0 0 0 0 0 0 0 0 0 1 1 0.666667 0.5 0 0.333333 0.25 1 0 0 0 0 0 0 0 0 0 0 0 0 0 0 0 0 0 0 0 0 0 0 0 0 1 0.666667 0.5 0 0 0 0 0 0 0 0 0 0 0 0.5 0.5 0.5 1 0.666667 0 0 0 0 0 0 0 0 0 0 0 0 0 0 0 0 0 0 0 0 1 0.666667 0.888889 0.947368 0.866667 0.0612245 0.4 1 1 1 1 1 1 0.9 0.904762 0.946809 0.946809 0.946809 0.946809 0.037234 0.25 0.428571 1 1 1 1 1 1 0.75 0.938776
1 0 0 0 0 0 0 0 0 0 0 0 0 0 0 0 0 0 0 0 0 0 0 0 0 0 0 0 0 0 0 0 0.25 0 0 0 0 0 0 0 0 0 0 0 0 0 0 0 0 0 0 0 0 0 0 0 0 0 0 0 0 0 0 0 0 0 0 0 0 0 0 0 0 0 0 0 0 0 0 0 0 0 0 0 0 1 1 1 0.166667 0 0 0 0 0 0 0 0 0 0 0 0 0 0 0 0.6 0 1 1 1 1 0.117647 1 0 0 0.5 1 1 1 1 0.888889 0.947368 0.866667 0.938776 0.946809 0.946809 0.946809 0.946809 0.946809
0 0 0 0 0 0 0 0 0.5 0.5 0 0 0 0 0 0 0 0 0 0 0 0 0 0 0 0 0 0 0 0 0 1 1 0 0 0 0 0 0 0 0 0 1 0 0 0 0 0 0 0 0 0 0 0 0 0 0 0 0 0 0 0 0 0 0 0.5 1 0 0 0 0 0 0 0 0 0 0 0 0 0 0.153846 1 1 1 1 0.692308 0.888889 0.0769231 0.4 0.0769231 0.75 0.5 0.5 1 1 1 0.777778 0 0 0.5 0 1 1 1 0.333333 1 0 0 0 0 0 0 0 0 0 0 0 1 0.875 0.833333 0.866667 0.938776 0.946809 0.946809 0.946809 0.946809 0.037234 0.4 1
1 1 0.5 1 0.5 1 0.666667 0 0 0 0 0 0 0 0 0 0 0 0 0 0 0 0 0 0 0 0 0 0 0 0 0 1 0.52381 0.133333 1 0 0 0 0 0 0 0 0 0 0 0 0 0 0 0 0 0 1 0 1 0.5 1 0.6 0 0 0 0 0.333333 0 0 0 0 0 0 0 0 0 0 0 0 0 0 0 0 0 0 0 0 0.777778 1 0.851852 0.133333 0.5 0.0769231 0 0 0 0 0 0 0.8 0.75 0.938776 0.946809 0.946809 0.946809 0.946809 0.946809 0.946809 0.946809 0.037234 0.25 0.571429 0.8 1 1 1 1 1 0.947368
1 0 0 0 0 0 0 0 0 0 0 0 0 0 0 0 0 0 0 0 0 0 0 0 0 0 0 0 0 0 0 0 1 0.333333 1 1 0 0 0 0 0 0 0 0 0 0 0 0 0 0 0 0 0 0 0 0 0 0 0 1 0 0 0 0.333333 0 0 0 0 0 0 0 0 0 0 0 0 0 0 0 0 1 0.777778 1 0.111111 0 0 1 0 0 0 0 0 0 1 1 0.9 0.904762 0.0159574 0.142857 1 1 1 1 1 1 1 0.938776 0.946809 0.946809 0.946809 0.946809 0.946809 0.037234 0.25 0.428571 1 1 1
1 0.5 0 0 0 0 0 0 0 0 0 0 0 0 0 0 0 0 0 0 0 0 0 0 0 0 0.666667 0.762963 0.762963 0.762963 0.762963 0.0148148 1 0.2 0 0 0 0 0 0 0 0 0 0 0 0 0 0 0 0 0 0 0 0 0 0 0 0 0 0 0 0 0 0 0 0 0 0 0 0 0 0 0 0 0 0 0 0 0 0 0 0 0 0 0 0 0 0 0 0 0 0 0 0 0 0 0 1 0.25 0.166667 0 0.166667 0.8 1 0.25 0.166667 1 1 0.25 0.5 0 0
0 0 0 0 0 0 1 0 0 0 0 0 0 0 0 0 0 0 0 0 0 0 0 0 0 1 1 1 0.625 0.782609 0.810811 0.766667 0.762963 0.762963 0.762963 0.125926 0.608696 0.52381 0.733333 0.0769231 0.5 1 1 0 0 0 0 0 0 0 0 0 0 0 0 0 0 0 0 0 0 0 0 0 0 0 0 0 0 0 0 0 0 0 0 0 0 0 0 0 0 0 0 0 0 0 0 0 0 0 0 0 0 0 0 0 0 1 0.5 0 0 0 0 0 1 0.5 1 0 1 0.583333 0.333333 0.75 0.153846 0 0 0 0 0 0 0 0 0 0 0 0 1 1
0 0 0 0 0 0 0 0 0 1 1 0 0 0 0 0 0 0 0 0 0 0 0 1 0.8 1 0.782609 0.810811 0.766667 0.762963 0.0148148 1 0.333333 1 1 0 0 0 0 0 0 0 0 0 0 0 0 0 0 0 0 0 0 0 0 0 0 0 0 0 0 0 0 0 0 0 0 0 0 0 0 0 0 0 0 0 0 0 0 0 0 0 0 0 0 0 0 0 0 0 0 0 0 0 0 0 0 0 0 0 0 1 1 0.857143 0.714286 0.205882 0.666667 0.714286 0.615385 0.166667 0.0769231 0 0 0 0 0 0 0 0 0 0 0 0 0 0 0 0 0 0 0 1
0 0 0 0 0 0 0 0 0 0 0 0 0 0 0 0 0 0 0 0 0 0 0 0 0 0 0 0 0 0 0 0 0 0 0 0 0.810811 0.766667 0.0148148 0 0 0 0 0 0 0 0 0 0 0 0 0 0 0 0 0 0 0 0 0 0 0 0 0 0 0 0 0 0 0 0 0 0 0 0 0 0 0 0 0 0 0 0 0 0 0 0 0 0 0 0 0 0 0 0 0 0 0 0 0 0
0 0 0 0 0 0 0 0 0 0 0 0 0 0 0 0 0 0 0 0 0 0 1 1 0.8 0.8 1 0.782609 0.189189 0.285714 0 0 0 0 0 0 0 0 0 0 0 0 0 0 0 0 0 0 0 0 0 0 0 0 0 0 0 0 0 0 0 0 0 0 0 0 0 0 0 0 0 0 0 0 0 0 0 0 0 0 0 0 0 0 0 0 0 0 0 0 0 0.733333 0.857143 0.714286 0.205882 0.666667 0.714286 0.615385 0.166667 0.923077 0.0666667 1
1 0.5 0 0 0 0 1 0 0 0 0 0 0 0 0 0 0 0 0 0 0 0 0 0 1 1 0.875 0.782609 0.189189 0.285714 0.4 1 0.5 0 0 0 0 0 0 0 0 0 0 0 0 0 0 0 0 0 0 0 0 0 0 0 0 0 0 0 0 0 1 0 0 0 0 0 0 0 0 0 0 0 0 0 0 0 0 0 0 0 0 0.4 0.666667 0 0
1 1 0.5 0 0 0 0 0 0 0 0 0 0 0 0 0 0 0 0 0 0 0 0 0 0 1 1 0.875 0.782609 0.810811 0.166667 0.608696 0.52381 0.733333 0.615385 0.888889 0.25 0 0 0 0 0 0 0 0 0 0 1 0 0 0 0 0 0 0 0 0 0 0 0 0 0 0 0 0 0 0 0 0 0 0 0 0 0 0 0 0 0.75 0 0 0 0 0 0 0 0 0 0 0 0 0 0 0 0 0 0 0 0 0 0 0 0 0.129032 0.923077 0.933333 0.842105 0.761905 0.382353 1 0.625 0.75 0.714286 0.205882 0.666667 0.714286 0.615385 0.166667 0.923077 0.733333 0.857143 0.714286 0.735294 0.129032 0.923077 0.933333
0 0 0 0 0 1 1 0 0 0 0 0 0 0 0 0 0 0 0 0 0 0 0 0 0 0 0.189189 0.285714 0.4 1 0.5 1 0 0 0 0 0 0 0 0 0 0 0 0 0 0 0 0 0 0 0 0 0 0 0 0 0 0 0 0 0 0 0 0 0 0 0 0 0 0 0 1 1 1 0.5 0 0 0 0 0 0 0 0 0 0 0 0.714286 0.205882 0.166667 0 0 0 0 0 1 0 0 0 0 0 1 1 1 0.666667 0.83871 0.689655
0 0 0 1 0 0 0 0 0 0 0 0 0 0 0 0 0 0 0 0 0 0 1 0 0 0 1 0 0 0 0 0 0 0 0 0 0 0 0 0 0 0 0 0 0 0 0 0 0 0 0 0 0 0 0 0 0 0 0 0 0 0 0 0 0 0 0 0 0 0 0 0.6 0.6 0 0 0 1 0.333333 0 0 0 0 1 0.5 0.6
0.75 0.4 0.5 1 1 1 0.5 0 0 0 0 0 0 0 0 0 0 0 0 0 0 0 0 0 0 0 0 0 0 0 0 0 0 1 0.762963 0.762963 0.762963 0.762963 0.762963 0.762963 0.0148148 1 0.6 0 0 0 0 0 0 0 0 0 0 0 0 0 0 0 0 0 0 0 0 0 0 0 0 0 0 0 0 0 0 0 0 0 0 0 0 0 0 0 0 0 0 0 0 0 0 0 0 0 0 0 0 0 0 0 0 0 0 0 0 0 0 0 0 0 0 0 1 0 0 0
0.25 0 0 0 0 0 0 0 0 0 0 0 0 0 0 0 0 0 0 0 0 0 0 0 0 0 0 0 0 0 0 0 0 0 0 0 0 0 0 0 0 0 0 0 0 0 0 0 0 0 0 0 0 0 0 0 0 0 0 0 0 0 0 0 0.888889 0.875 0.782609 0 0 0.333333 0 0 0 0 0 0 0 0 0 0 1 0 0 0 0 0 0 0 0 0 1 1 0.5 0 0 0 0 0 0 0 0 0 0 0 0 0 0 0 0 0 0 0 0 0 0 1 1 1 1 0 1 0 0 0 0 0 0 0 0 0 0 0 1 1 1 1 0.947368 0.866667 0.0612245 0.35 0 0 0 0 0 0 0 0
0 0 0 0 0 0 1 1 0.5 0 0 0 0 0 0 0 0 0 0 0 0 0 0 0 0 0 0 0 0 0 0 0 0 0 0 0 0 0 0 0 0 0 0 0 0 0 0 0 0 0 0 0 0 0 0 1 1 1 0.5 0.125 1 0.333333 1 0.5 0 0 0 0 0 0 0 0 0 0 0 0 0 0 0 0 0 0 0 0 0 0 0 0 0 1 1 0.333333 1 0 0 0 0 0 0 0 0 0 0 0 0 0 0 0 0 0 0 0 0 0 0 0 0 0 0 0 0 0 0 0 0 0 0 0 0 0 0 0 0 0 0 0 0 0 0 0 0 0 0 0 0 0 1 0.857143 0.923077 0 0 1 1 1 1 0 0 0 0 1 1 1 1
0 0 0 0 0 0 1 1 0 0 0 0 0 0 0 0 0 0 0 0 0 0 0 0 0 0 0 0 0 0 0 0 0 0 0 0 0 0 0 0 0 0 0 0 0 0 0 0 0 0 0 0 0 1 0 0 0 0 0 0 0 0 0 0 0 0 0 0 0 0 0 0 0 0 0 1 1 1 0.625 0.782609 0.189189 0 0 1 1 0 0 0 0 0 0 0 0 0 0 0 0 0 0 0 0 0 0 0.5 0 0 0 0 0 0 0 0 0 0 0 0 0 0 0 0 0 0 0 0 0 0 0 1 0 0 0 0 0 0 0 0 0 0 0 0 0 0 0 0 0 0 0 0 0 0 0 0 0 0 0 0 0 0 0 0 0 0 0 0 0 0 0 0 0 0 0 0 0 0 0 0 0 0 0.857143 0.923077 0.923077 0.904762 0.946809 0.946809 0.946809 0.946809 0.946809 0.946809 0.946809 0 0 0 0 0 0 0 0 0 0
0 0 0 0 0 0 0 0 0 0 0 0 0 0 0 0 0 0 0 0 0 0 0 0 0 0 0 0 0 0 0 0 0 0 0 0 0 0 0 0 0 0 0 0 0 0 0 0 0 0 0 0 0 0 0 0 0 0 1 0 0 0 0 0 0 0 0 0 0 0 0 0 0 0 0 0 0 0 1 1 0 0 0 1 0 0 0 0 0 0 0 0 0 0 0 0 0 0 0 0 0 0 0 0 0 0 0 0 0 0 0 0 0 0 0 0 0 0 0 0 0 0 0 0 0 0 0 0 0 0 0 0 0 0 0 1 0.0833333 0 0 0 0 0 0 0 0 0 0 0 0 0 0 0 0 0 0 0 0 1 1 1 1 0.938776 0.946809 0.946809 0.946809
1 1 0 0 0 0 0 0 0 0 0 0 0 0 0 1 0 0 0 0 0 0 0 0 0 0 0 0 0 0 0 0 0 0 0 0 0 0 0 0 0 0 0 0 0 0 1 1 0 0 0 0 0 0 0 0 0 0 0 0 0 0 0 0 0 0 0 0 0 0 0 0 0.5 0.625 0.782609 0 0 0.5 0 0 0 0 0 0 0 0 0 0 0 0 0 0 0 0 0 0 0 0 0 0 0 0 0 0 0 0 0 0 0 0 0 0 0 0 0 0 0 0 0 0 0 0 0 0 0 0 0 0 0 0 0 0 0 0 0 0 0 0 1 1 1 1 1 0.9 0.904762 0.946809 0.946809 0.946809 0.946809 0.0159574 0.142857 1 1 1 1 1 1
0 0 0 0 0 0 0 0.75 0.333333 0 0 0 0 0 0 0 0 0 0 0 0 0 0 0 0 0 0 0 0 0 0 0 0 0 0 0 0 0 0 0 0 0 0 0 0 1 1 0 0 0 0 1 0 0 0 0 0 0 0 0 0 0 0 0 0 0 0 0 0 0 0 1 1 0.888889 0.875 0.782609 0 0 0.333333 0.333333 0.5 0 0 0 0 0 0 0 0 0 0 0 0 0 0 1 0 0 0 0 0 0 0 0 0 0 0 0 0 0 0 1 0.5 0.5 0 0 0 1 0 0 0 0 0 0 0 0 0 0 0 0 0 0 0 0 0 0 0 0 0 0 0 0 0 0 0 0 0 0 0 0 0 0.692308 0.111111 0 0 1 1 1 1 0 0 0 1 1 1 1 1 1 0.938776 0.946809
0 0 0 0 0 1 1 0 0 1 1 0 0 0 0.5 1 0 0 0 0 0 0 0 0 0 0 0 0 0 0 0 0 0 0 0 0 0 0 0 0 0 0 0 0 0 0 0 0 0 0 0 0 0 0 0 0 0 0 0 0 0 0 0 0 0 0 0 0 0 0 0 0 1 1 1 1 0.888889 0.875 0.130435 0.333333 0.5 0 0 0 0 0 0 0 0 0 0 0 0 1 0 0 0 0 0 0 0 0 0 0 0 0 0 0 0 0 0 0 0 0 0 0 0 0 0 0 0 0 0 0 0 0 0 0 0 0 1 0.833333 0.923077 0 1 0 0 0 0 0 0 0 0.692308 0.888889 0.0769231 0.4 0.571429 0 0 0 0 0 0 0 0.666667 1 0.857143 0.923077 0 0 1 1 1 1
0 0 0 1 0 0 0 0 0 0 0 0 0 0 0 0 0 0 0 0 0 0 0 0 0 0 0 0 0 0 0 0 0 0 0 0 0 0 0 1 0 0 0 1 1 0 0 0 0 0 0 0 0 0 0 1 0.727273 1 0.130435 0.666667 0.75 0 0 0 0 0 0 0 0 0 0 0 0 0 0 0 0 0 0 0 0 0 0 0 0 0 0 0 0 0 0 0 0 1 0 0 0 0 0 0 0 0 0 0 0 0 0 0 0 0 0 0 0 0 0 0 0 0 0 0 0 0 0 0 0 0 0 0.5 0 0 0 0 1 1 0.916667 0.882353 0.851852 0.866667 0.0612245 0.35 0.307692 0.2 1 1 1 1 1 0.923077 0.923077 0.904762
1 0.5 1 0 0 0 0 0 0 0 0 0 0 0 0 0 0 0 0 0 0 0 0 0 0 0 0 0 0 0 0 0 0 0 0 0 0 0 0 0 0 0 0 0 0 0 0 0 0 0 0 0 0 0 1 0 0 0 0 0.888889 0.875 0.130435 0.666667 0.75 0.733333 0.615385 0.888889 0.25 0 0 0.333333 0 0 0 0 0 0 0 0 0 0 0 0 0 0 0 0 0 0 0 0 0 0 0 0 0 0 0 0 0 0 0 0 0 0 0 0 0 0 0 0 0 0 0 0 0 0 0 0 0 0 0 0 0 0 0 0 0 1 1 1 1 1 1 0 0 0 0 0 0 0 0 0 0 0.947368 0.866667 0.938776 0.037234 0.35 0.307692 0.2 1
0 0 0 0 0 0 0 0 0 0 0 0 0 0 0 0 0 0 0 0 0 0 0 0 0 0 0 0 0 0 0 0 0 0 0 0 0 0 0 0 0 0 0 0 0 0 0 0 0 0 0 0 0 0 0 0 0 0 0 0 0 0 0 0 0 0 0 1 0.0416667 1 0 0 0 0 0 0 0 0 0 0 0 0 0 0 0 0 0 0 0 0 0 0 0 0 0 0 0 0 0 0 0 0 0 0 0 0 0 0 0 0 0 0 0 0 0 0 0 0 0 0 0 0 0 0 1 0 0 0 0 0 0 0 0 0 0 0 0.5 0 0 0 0 0 0 0 0 0 0 1 1 0.8 0.75 0.0612245 0.35 0.615385 1 1 1 1 1 0.818182 0.923077
1 0.5 1 0 0 0 0 0 0 0 0 0 0 0 0 0 0 0 0 0 0 0 0 0 0 0 1 0.782609 0.810811 0.766667 0.0814815 0.5 0.166667 1 0 0 0 0 0 0 0 0 0 0 1 1 0 0 0 0 0 0 0 0 0 0 1 0 0 0 0 0 0 0 0 0 0 0 0 1 1 1 0 0 0 0 0 1 0 0 0 0 1 0 0 0 1 0 0 0 0 0 1 0.5 1 0.6 0.6 1 0.833333 0.3 0.241379 1 0 0 1 1 1 0.692308 0.888889 0.923077 0.904762 0.946809 0.946809 0.946809 0.946809
0 0 0 0 0 0 0 0 0 0 0 0 0 0 0 0 0 0 0 0 0 0 0 0 0 0 1 0.727273 1 0.130435 0.666667 0.75 0.733333 0.307692 0.666667 0.75 0.666667 1 0.333333 1 1 0.666667 0 0 0 0 0 0 0 0 0 0 0 0 0 0 0 0 0 0 0 0.5 1 0 0 0 0 0 0 0 0 0 0 0 0 0 0 1 0 0 1 0 0 0 0 0 0 0 0 0 0 0 0 0 0 0 0 0 0 0 0 0 0 0 0.733333 0 0 1 1 0.777778 1 0.851852 0.866667 0.938776 0.037234 0.35 0.615385 1 1 1 1 1 0.818182 0.923077
0 0 0 0 1 0 0 0 0 0.25 0 0 0 0 0 0 0 0 0 0 0 0 0 0 0 0 0 0 0 1 0.0148148 1 0.333333 0 0 0 0 0 0 0 0 0 0 0 0 0 0 0 0 0 0 0 0 0 0 0 0 0 0 0 0 0 0 0 0 0 0 0 0 0 1 0.333333 1 0.333333 0.4 0 0 1 1 0 0 0 0 0 0 0 0 0 0 0 0 0 0 0.666667 0.83871 0.241379 1 0.888889 0.0263158 1 1 0 0 0.5 0.333333 0 0 0.4 0.64 0.714286 0.735294 0 0 0 0 0 0 0 0 0 0 0 0 0 0 0 0 0 0 0 0 0 0 0 0 0 0 0 1 1 1 0.833333 0.923077
0 0 0 0 0 0 1 0 0 0 0 0 0 0 0 0 0 0 0 0 0 0 0 0 0 0 0 1 1 1 0.625 0.782609 0 0 0 0 0 0 0 0 0 0.666667 0.762963 0.125926 0.608696 0.52381 0.733333 0.615385 0.888889 0.25 0 0 0 0 0 0 0 0 0 0 0 0 0 0 0 0 0 0 0 0.5 0 0 0 0 0 0 0 0 0 0 0 0 0 0 0 0 0 0 1 0 0 0 0 0 0 0 0 0 0 0 0 0 0 0 0 0 0 0.8 0.923077 0.733333 0 0 1 1 0.777778 0 1 0.666667 1 1 1 1 1 0.818182 0.923077 0.0238095 0.857143 0.75 1 1 1 1 0.875
1 1 1 1 0 0 0 0 0 0 0 0 0 0 0 0 0 0 0 0 0 0 0 0 0 0 0 0 0 0 0 1 1 0.5 0.666667 0.762963 0.762963 0 0 0 0 0 0 0 0 0 0 1 1 1 0 0 0 0 0 0 0 0 0 0 0 0 0 0 0 0 0 0 0 0 0 0 0 0 0 0 0 0 0 0 0 0 0 0 0 0 0 0 1 0 1 0.5 0.5 0.5 0.333333 0.9 0.133333 0 0 0 0 0 0 0 0 0 0 0 0 0 0 0.75 1 0.933333 0.842105 0.761905 0.617647 0.291667 0.3 1 0.866667 0.64 0.714286 0.735294 0.83871 0.689655 0.0909091 1 1 1 0.0833333 1 0 0 0 1 1 1 1 0.923077 0.923077 0.0714286 0.25 0.571429 0.2 1 1 1 1 1
1 0.4 0.4 0.5 0 0 0 0 0 0 0 0 1 1 1 0.727273 1 0.782609 0.810811 0.766667 0.762963 0.0814815 0.333333 0.5 1 0.666667 0.5 1 0 0 0 0 0 0 0 0 0 0 0 0 0 0 1 0 0 0 0 0 0 0 0 0 0 0 0 0 0 0 0 0 0 1 0 0 0.5 1 0 0 0 0 0 0 0 0 0 0 0 0 0 0 0 0 0 0 0 0 0 0 0 0 0 0 0 1 1 1 1 0.833333 0.923077 0.8 0.904762 0.037234 0.25 0.428571 1 1 1 1 1
0 0 0 0 0 0 0 0 0 0 0 0 0 0 0 0 0 0 0 0 0 0 0 0 0 0 0 0 0 0 1 0.0814815 0.333333 0.5 1 0.666667 0.5 1 0 0 0 0.5 0 0 0 0 1 1 1 0 0 1 0 0 0 0 0 0 0 0 0 0 0 0 0 0 0 0 0 0 0 0 0 0 0 0 0 0 0 0 0 0 0 0 0 0 0 0 0 0 0 0 0 0 0 0 0 0 0 0 0 0 0 0.214286 0.888889 0.153846 0 0 0 0 0 0.5 0.8 0.75 0.0612245 0.35 0.0769231 0.75 0.5 1 1 1 1 0.888889 0.947368 0.866667 0.938776 0.946809
0.75 0 0 0 0 0 0 0 0 0 0 0 0 0 0 0 0 0 1 1 1 0.782609 0 0 0.5 0 0 0 0 0 0 0 0 0 0 0 0 0 0 0 0 0 0 0 0 0 0 0 0 0 0 0 0 0 0 0 0 0 0.333333 0 0 0.4 0.64 0.214286 0.888889 0.153846 1 0 0 0 0 0 0 0 0 0 0 0 0 0 0 0 0 0 0 0 1 0.866667 0.64 0.714286 0.735294 0.129032 0.923077 0.933333 0.0526316 1 1 1 1 0.833333 0.923077 0.0769231 0.2 1 1 1 1 1 0 0 0
0 0 0 0 0 0 0 0 0 0 0 0 0 0 0 0 0 0 0 0 0 0 1 1 0.875 0.782609 0.189189 0.714286 0.52381 0.733333 0.615385 0 0 0 0 0 0 0 0 0 0 0 0 0 0 0 0 0 0 0 0 0 0 0 0 0 0 0 0 0 0 0 0 0 0 0 0 0 0 0 0 1 0 0 0.333333 1 0.333333 0 0 0 0 0 0 0 0 0 0 0 0 0 0 0 0 0 0 0 0 0 0 0 0 0 0 1 1 1 1 1 0.75 0.938776 0.946809 0.946809
0 0 0 0 0 0 0 0 0 0 0 0 0 0 0 0 0 0 0 0.333333 0 0 0 0 0 0 1 1 0.875 0.782609 0.189189 0.714286 0.52381 0.133333 1 0 0 0 0 0 0 0 1 1 0.666667 0 0 0 0 0 0 0 0 0 0 0 0 0 0 0 0 0 0 0 0 0 0 0.5 1 1 1 1 0 0 0 0 0 0 0 0 0 0.333333 0 0 0 0 0 0 0 0 0 0 0 0.923077 0.8 0.904762 0.946809 0.946809 0.946809 0.946809 0.946809 0.946809 0.946809 0.946809 0.946809 0.946809 0.946809
