-13.81551
-13.81551
-13.81551
-13.81551
-13.81551
-13.81551
-13.81551
-13.81551
-13.81551
-13.81551
-13.81551
-13.81551
-13.81551
-13.81551
-13.81551
-13.81551
-13.81551
-13.81551
-13.81551
-13.81551
-13.81551
-13.81551
-13.81551
-13.81551
-13.81551
-13.81551
-13.81551
-13.81551
-13.81551
-13.81551
-13.81551
-13.81551
-13.81551
-13.81551
-13.81551
-13.81551
-13.81551
-13.81551
-13.81551
-13.81551
-13.81551
-13.81551
-13.81551
-13.81551
-13.81551
-13.81551
-13.81551
-13.81551
-13.81551
-13.81551
-13.81551
-13.81551
-13.81551
-13.81551
-13.81551
-13.81551
-13.81551
-13.81551
-13.81551
-13.81551
