-13.81551
-13.81551
-13.81551
-13.81551
-13.81551
-13.81551
-13.81551
-13.81551
-13.72341
-13.81551
-13.81551
-13.81551
-13.81551
-13.81551
-13.81551
-13.81551
-13.81551
-13.54983
-13.81551
-13.81551
-13.81551
-13.81551
-13.81551
-13.81551
-13.81551
-13.81551
-13.81551
-13.81551
-13.81551
-13.81551
-13.81551
-13.81551
-13.81551
-13.81551
-13.81551
-13.81551
-13.81551
-13.81551
-13.81551
-13.81551
-13.81551
-13.81551
-13.81551
-13.81551
-13.81551
-13.81551
-13.81551
-13.81551
-13.81551
-13.81551
-13.81551
-13.81551
-13.81551
-13.70038
-13.81551
-13.81551
-13.81551
-13.81551
-13.81551
-13.66854
