-13.22488
-12.25388
-13.32129
-11.63251
-12.01997
-13.06648
-12.41902
-11.76069
-12.08284
-12.10462
-12.68751
-13.53356
-13.81551
-12.29159
-11.97158
-12.12281
-13.55927
-11.86151
-13.46127
-11.24868
-13.55950
-11.32381
-12.07875
-11.79808
-13.19781
-11.84174
-12.70287
-12.30811
-11.89351
-11.94463
-13.81551
-12.83214
-13.16827
-13.81551
-13.00917
-13.66576
-11.59846
-13.68006
-13.81551
-13.19375
-13.62644
-13.81551
-13.32054
-13.47405
-12.49512
-13.48434
-13.39244
-12.88976
-13.35345
-13.28936
-12.44820
-11.65116
-13.61673
-12.03420
-11.30277
-11.74716
-12.70136
-12.41720
-12.55555
-11.95632
