-10.62517
-9.93774
-10.84906
-8.91022
-8.87369
-9.59681
-9.69104
-9.27124
-9.08035
-9.40877
-7.43787
-8.28917
-9.78540
-8.39185
-7.93873
-8.00092
-9.72415
-7.05816
-8.51160
-5.71580
-9.77837
-8.81333
-8.32478
-8.53437
-10.30272
-8.07714
-10.17696
-8.28944
-7.54963
-8.07537
-10.37325
-9.76809
-10.71449
-12.92497
-10.35139
-10.63066
-8.10081
-9.71656
-10.26944
-11.28046
-10.78012
-10.63472
-11.37239
-11.94567
-10.66629
-10.17236
-9.93442
-10.25830
-10.27415
-11.67450
-6.86349
-8.16005
-9.57771
-8.65827
-7.12703
-8.09001
-9.60190
-8.57229
-10.21309
-8.33635
