-1.27111
-1.31294
-1.48706
-1.23379
-1.22324
-1.29905
-1.28700
-1.18660
-1.15627
-1.14384
-1.11545
-1.11813
-1.16851
-1.23227
-1.13222
-1.00383
-1.38667
-0.93714
-1.18531
-1.02796
-1.16364
-1.27434
-1.20115
-1.08470
-1.23916
-1.13023
-1.25855
-1.18820
-1.03980
-1.09219
-1.33071
-1.21250
-1.32331
-1.52823
-1.35007
-1.34092
-1.10436
-1.19635
-1.19944
-1.42592
-1.55503
-1.34481
-1.78397
-1.50058
-1.39703
-1.29293
-1.28422
-1.27318
-1.59312
-1.38410
-1.13660
-1.13904
-1.22059
-1.12503
-1.21935
-1.19816
-1.42238
-1.12019
-1.14110
-1.05335
