-2.83593
-2.81543
-3.89400
-2.42618
-2.20972
-2.48267
-2.37322
-2.17169
-1.65002
-2.42210
-1.55922
-1.32595
-1.65602
-2.00224
-1.59587
-1.25057
-3.04192
-1.26024
-2.30818
-1.27060
-2.26862
-2.51318
-2.33441
-2.00711
-2.74866
-1.94108
-2.25877
-1.64180
-1.61513
-1.66239
-2.88993
-2.72068
-2.42361
-3.75427
-2.08953
-1.80720
-1.53111
-1.91909
-2.00191
-2.61603
-3.05837
-2.27150
-3.12777
-2.52370
-2.78306
-2.55216
-1.75484
-2.68669
-2.60634
-2.75826
-1.74621
-1.39438
-2.37748
-1.96592
-1.89407
-1.50725
-3.56958
-1.70743
-1.68145
-2.14212
