-11.84650
-11.34834
-12.09157
-10.14787
-10.33393
-11.67006
-11.37269
-10.65170
-10.05143
-10.78168
-11.27701
-11.49145
-12.66477
-10.58371
-10.26930
-10.66824
-11.44458
-9.27387
-11.36820
-9.03481
-12.56421
-9.60669
-10.20254
-10.51442
-11.92307
-9.53021
-11.55513
-10.53163
-10.19349
-10.40229
-12.16670
-11.58855
-11.78046
-13.68001
-11.71832
-12.58513
-10.05507
-11.90884
-13.18379
-12.05805
-12.51966
-12.12095
-12.71470
-13.05854
-12.00267
-12.36547
-11.98568
-11.90542
-12.05817
-12.70038
-10.26716
-10.52424
-12.00053
-10.65609
-9.40774
-9.61046
-11.15638
-10.42089
-11.73818
-10.36553
