-9.02337
-8.46365
-9.79494
-7.93994
-7.34168
-7.55483
-8.72101
-7.50626
-8.24535
-7.85903
-5.19086
-5.71728
-7.58793
-6.75663
-6.06944
-6.34905
-7.81654
-5.05400
-6.41034
-4.05476
-7.79841
-7.77242
-6.50289
-7.46648
-9.08470
-7.20169
-8.73269
-6.56092
-6.06722
-6.26043
-9.43738
-8.57572
-9.07903
-12.04174
-9.21772
-9.31742
-6.19780
-8.10327
-7.88375
-10.05708
-9.22216
-9.39536
-10.01447
-10.26403
-9.45387
-8.63152
-8.51135
-9.03163
-8.40804
-10.71221
-4.98977
-6.89687
-7.81198
-7.06765
-5.69693
-6.73367
-8.81132
-6.67003
-8.55034
-6.64689
