-12.37602
-11.76085
-12.73721
-10.51638
-11.07447
-12.36261
-11.88857
-11.01712
-10.75103
-11.39085
-11.89523
-12.71027
-13.61673
-11.43481
-10.66212
-11.15545
-12.29474
-10.25732
-12.44031
-10.15778
-12.87790
-10.11160
-11.10868
-11.15584
-12.47823
-10.55786
-11.96287
-11.46440
-11.09476
-10.91075
-12.82956
-12.20764
-12.44932
-13.81551
-12.34640
-13.05353
-10.54026
-12.90386
-13.64906
-12.47702
-12.97048
-12.78578
-13.11655
-13.30923
-12.33809
-12.91597
-12.72137
-12.34891
-12.49531
-13.04251
-11.07716
-10.93280
-12.84978
-11.32773
-10.08358
-10.17260
-11.76585
-10.96783
-12.09685
-11.09391
