0 0 0 0 0 0 0 0 0 0 0 0 0 0 0 0 0 0 0 0 0 0 0 0 0 0 0 0 0 0 1 0 0 0 0 0 0 0 0 0 0 0 0 0 0.5 0 0.5 0 0 0 0 0 0 0 0 0 0 0 0 0 0 0 0 0 0 0 0 0 0 0 0 0 0 0 0 1 1 0 1 0 0 0 0 0 0 0 0 0 0 0 0 0 0 1 0 0 0 0 0 0 0 0 0 0 0 0 0 0 0 0 0.878788 0.882353 0.942308 0.042735 0.393939 0.263158 0.666667 1 0.5 0.5 0 0 0 0 1 1 0.8125 0.9375 0.882353 0.942308 0.042735 0.393939 1 1 1 0.944444 1 0 0 1 1 1 1
0 0 0 0 0 0 0 0 0 0 0 0 0 0 0 0 0 0 0 0 0 0 0 0 0 0 0 0 0 0 0.5 0 0 0 0 0 0 0 0 0 0 1 0.625 0 0 0 0 0 0 0 0 0 0 0 0 0 0 0 0 0 0 0 0 0 0 0 0 0 0 0 0 0 0 0 0 0 0 0 0 0 0 0 0 0 0 0 0 0 0 0 0 0 0 0 0 0 0 0 0 0 0 1 1 1 0 0 0 1 1 0.944444 1 1 0.882353 0.042735 0.393939 0 0 0 0 0 0 0 0 0 1 1 0 0 0 1 1 0.944444 0 0 0 0.2 1 1 1 1 0.846154 0.933333 0.0576923 0 0.625 0.2 1 1 1 1 0.846154 0.933333 0.884615 0.854839 0.942308 0.942308 0.942308 0.942308 0.942308 0.942308 0.942308 0.942308 0.942308 0.942308
0 0 0 0 0 0 0 0 0 0 0 0 0 0 0 0 0 0 0 0 0 0 0 0 1 0 0 0 0 0 0 0 0 0 0 0 0 0 0 0 0 0 0 0 0 0 0 0 0 0 1 0.333333 0 0 0 0 0 0 0 0 0 0 0 0 0 0 0 0 0 0 0 0 0 0 0 0 0 0 0 0 0 0 0 0 0 0 0 0 0 0 0 0 0 0 0 0 0 0 0 0 0 0 0 0 0 0 0 0 1 0.95 0.904762 0.0576923 1 0.461538 0.6 0.666667 0.5 0 0 0.75 1 0.666667 1 0.866667 0.878788 0.0980392 0.393939 0.263158 0.166667 0 0 0 0 1 0.133333 0.666667 0.25 1 1 1 1 0.875 0.884615
0 0 0 0 1 1 0 0 0 0 0 0 0 0 0 0 0 1 1 1 0 0 0 0 0 0 0 0 0.666667 0.5 0.5 0.25 1 0 0 0 0 0 0 0 0 0 0 0 0 0 0 0 0 0 0 0 0 0 0 0 0 0 0 0 0 0 0 0 0 0 0 0 0 0 0 0 0 0 0 0 0 0 0 0 0 0 0 0 0 0 0 0 0 0 0 0 0 0.285714 0.866667 0.125 1 1 1 1 0.714286 0.878788 0.882353 0.942308 0.042735 0.212121 0.625 0.8 1 1 1 1 0.904762 0.884615 0.854839 0.0149573 0.888889 0.461538 0.6 0.666667 0.5 1 1 1 1 0.714286 0.878788 0.882353 0.942308 0.942308 0.942308
0 0 0 0 0 0 1 0 0 0 0 0.333333 0.5 0.8 1 0.5 0 0 0 0 0 0 0 0 0 0 0 0 0 0 0 0 0 0 0 0 0 0 0 1 0 0 0 0 0 0 0 0 0 0 0 0 0 0 0 0 0 0 0 0 0 0 0 0 0 0 0.5 1 1 0 0 0 0 0 0 0 0 0 1 0.5 0 0 1 1 0 0 0 0 0 0 1 0 0 0 0 0 0 0 0 0 0 0 0 0 0.285714 0.166667 0.363636 1 0.222222 1 1 1 0.95 0.0952381 1 0 0 0 0 0 0 1 0.857143 0.866667 0.878788 0.882353 0.042735 0.393939 0.263158 0.666667 1 0.5 1 1 1 0.95 0.0952381 1 0.5 0.1 0 0 0 0 1 1 1 0.857143 0.866667 0.878788 0.882353 0.942308 0.942308 0.942308 0.942308 0.942308 0.942308
0 0 0 0 0 0 0 0 0 0 0 0 0 0 0 0 0 0 0 0 1 0 0 0 0 0 1 1 0.5 0 0 0 0 0.75 0.5 0.2 0 0.6 0.875 0.142857 0 0 0 0 0 0 0 0 0 0 1 1 0 0 0 0 0 0 0 0 0 0 0 0 0 0 0 0 0 0 0 0 0 0 0 0 0 0 0 0 0 0 0 0 0 0 0 0 1 0 0 1 0 0 0 0 0 0 0 0 0 0 0 0 0 0 0 0 0 0 0 0 0 0 0 0 0 0 0 1 0.714286 0.878788 0.882353 0.942308 0.0149573 0 0 1 1 1 1 0 0 0 0 0 0 0 0 1 0.0714286 1 0 0.666667 1 0.5 0.5 0 0.866667 0.1875 1 0.0909091 1 1 1 0.95 0.904762 0.884615 0.129032 0.212121 0.375 1 1 1 1 1 0.923077 0.854839 0.942308 0.942308 0.942308
0 0 0 0 0 0 0 0 0 0 0 0 0 0 1 0 0 0 0 1 1 0 0 0 1 0.75 0 0.5 1 0.5 0 0 0 0 0 0 0 0 0 0 0 0 0 0 0 0 0 0 1 0 0 1 0 0 0 0 0 0 0 0 0 0 0 0 0 0 0 0 0 0 0 0 0 0 0 0 0 0 0 0 0 0 0 0 0 0 0 0 0 0 0 0 0 0 0 0 0 0 0 0 0 0 0 0 0 0 0 0 0 0 1 1 1 0.857143 0.866667 0.878788 0.882353 0.0149573 0.111111 1 1 1 1 1 1 0.854839 0.0149573 0.888889 0 0 0 0 0 0 1 0.857143 0.866667 0.030303 1 0.538462 1 1 1 1 0.875 0.884615 0.854839 0.942308 0.942308 0.942308 0.942308 0.942308 0.942308
0 0 0 0 0 0 1 1 0 0 0 0 0 0 0 0 1 1 1 0.2 0 0 0 0 0 0 0 0 0 0 0 0 0 0 0 0 0 0 0 0 0 1 0 0 0 0 0 0 0 1 0 0 0 0 0 0 0 0 0 0 0.5 1 0.666667 0.5 0 0 0 0 0 0 0 0 0 0 1 0 0 0 0 0 0 0 0 0 0 0 0 0 0 0 0 0 0 0 0 0 0 0 0.666667 1 0.5 1 1 1 0.95 0.904762 0.884615 0.854839 0.942308 0.942308 0.942308 0.942308 0.942308 0.042735 0.393939 0.263158 0.666667 1 0.5 0.5 1 0.833333 0.9 0.846154 0 1 0 0 0 0 0 0 0 0 0 0.944444 1 1 0.882353 0.942308 0.942308 0.942308 0.942308
0 0 0 0 0 0 0 0 0 0 0 0 0 0 0 0 0 0 1 0 0 0 1 1 0.5 0.333333 0 0 0 0 0 0 0 0 0 0 0 0 0 0 0 0 0 0 0 0 0 0 0 0 0 0 0 0 0 0 0 0 0 0 0 0 0 0 0 0 0 0 0 0 0 0 0 0 0 0.5 1 0.5 1 0 0 0 0 0 0 0 0 0 0 0 0 0 0 0 0 0 0 0 0 0 0 0 0 0 0 0 0 1 0.0714286 1 1 0.8 0 0 0 0 0 0 1 1 0.95 0.904762 0.884615 0.854839 0.942308 0.0149573 0.888889 0.461538 0.6 0.666667 0.5 0 0 0.0243902 1 1 1 1 0.866667 0.878788 0.882353 0.0149573 0.111111 1 1 1 1 1 1 0.854839 0.942308 0.942308 0.942308 0.942308 0.942308 0.942308 0.942308 0.942308 0.942308 0.942308 0.942308 0.942308 0.942308 0.942308
0 0 0 0 0 0 0 0 0 0 1 0 0 0 0 0 0 0 0 0 0 0 0 0 0 0.5 0.4 0.833333 0 0 0 0 0 0 0 0 1 0 0 0.5 1 0.333333 0 0 0 0 0 0 0 0 0 0 0 0 0 0 0 0 0 0 0 0 0 0 0 0 0 0 0 0 0 0 0 0 0 0 0 0 0 0 0 0 0 0 0 0 0 0 0 0 0 0 0 0 0 0 0 0 1 1 0.95 0.904762 0.0576923 0.75 0.263158 0.666667 1 0.5 0.5 1 0.833333 0.9 0.846154 0 0 0 0 0 0 0 0 0.857143 0 0 0 0.8 1 1 1 1 0.904762 0.0576923 0.25 1 1 1 0.944444 1 1 0.882353 0.942308 0.942308 0.942308 0.942308 0.942308 0.942308 0.942308 0.942308 0.942308 0.942308
0 0.5 0.75 0.1 0 1 0.5 1 0.5 0 0 0 0 0 0 0 0 0 0 0 0 1 0.5 0 0 0 0 0 0.5 0 0 0 0 0.5 0 1 0.125 1 0 0 0 0 0 0 0 0 0 0 0 1 1 0 0 0 0 0 0 0 0 1 0 0 0 0 0.5 0 1 0 0 0 1 1 0.5 0 0 0 0 0 0 0 0 0 0 0 0 0 0 0 0 0 0.571429 0 1 0 0 0 0 0 1 1 0.5 0.150943 0.769231 0 1 1 0.5 1 1 0.8 0.8 0.571429 0.5 0.6 0.545455 0.545455 0 0 1 1 0 1 1 0 0.4 0.5 0.674419 0.709677 0.634921 0.634921 0.031746 1 1 1 0.947368 0.933333 0.0576923 0.75 0.263158 0.666667 1 0.5 0.5 1 0.833333 0.9 0.846154 0.933333 0.884615 0.854839 0.942308
0 0.4 0.5 1 1 1 1 1 0.5 1 0 0 0 0.5 1 0 0 0 0 0 0 0 0 0 0.5 1 1 0 0 0.625 0.333333 0 0.5 1 1 0 0 0 0 0 0 0 0 0 1 0.5 0.764706 0.529412 0.888889 0 0 0 0 0 0 0.2 0 0 0 0 1 1 0.5 0 0 0.5 0 0 0 0 0 0 0 0 0 1 0.8 0 0 0 0 0 0 0 0 0 1 0.857143 0 0 0 1 1 1 1 0 0 0 1 1 1 1 1
0 1 1 0.25 0 0 0 0 1 1 0 0 0.4 0.5 1 0.25 0.5 0 0 0 0 0.2 0 0 0 0 0 0 0 0 0 0 0 0 0 0 1 1 0 0 0 0 0 1 1 0.857143 0.884615 0 0 0.333333 0.5 1 0 0 0 0 0 0 0 0 0 0 0 0 0 0 0 0 0 1 0 0 0 0 0 0 0 0 0 0 0 0 1 0 0 0 0 0 0 0 0 0 0 0 0.6 0.545455 0.545455 0.545455 0 0 0 0.25 1 0 1 0 0 0 0 0 0 0 0 0 0 0 0.5 0.645833 0.302326 0.9375 0.0952381 0 0 0 0 1 0 0 0 0 0 0 0 0 1 0.9 0.846154 0.933333 0.0576923 0.25 1 1
0 0.333333 0 0 0 0 0 1 1 0 0 0 0 1 0.666667 0.5 0 0 0 0 0 0 0 0 0 0 0 0 0 0 0 0 0 0.125 0.5 0.5 1 0 0 0 0 0 1 1 0.857143 0.0192308 1 1 0.5 0.666667 0 0 0 0 0 0 0 0 0 0 0.5 1 0 0 0 0 0 0 0 0 1 0.5 1 0 0 0 0 0 0 0 0 0 0 0 0 0.5 0.666667 0.333333 1 0.666667 0.723404 0.25 0.105263 1 1 1 1 0.8125 0.9375 0.882353 0.942308 0.942308 0.942308 0.942308 0.042735 0.393939 0.210526 0 0 0
0 0 0 0 0 1 0 0 0 0 0 0 0 0 0 1 1 1 0 0 0 1 0 0 0 0 0 0 0.571429 0.4 0.666667 0.5 0.75 0.8 0.8 0.428571 0.3 0.875 0.5 0.875 0.285714 0.833333 0.125 0 0.5 1 0 0 0 0 1 0.333333 0 1 0.75 0.333333 0.75 0.4 0 1 0 0 0 0 0 0 0 0 0 0 0 0 0 0 0.5 0.0192308 1 0 0 0 0 0 0 0.5 0 0 0 0 0.8 0.1 0 0 0 0 0 1 0 0 0 0 0 0 0 0 0 0 0.709677 0.634921 0.31746 1 0.904762 0.792453 0.68 0.585366 0.344828 0.7 0.545455 0.545455 0.454545 0 0 0 0 0 0 0 0 1 0 0 0 0 0 0 0 0 0 0 0 0 0.736842 0.764706 0.150943 0.0769231 1 1 1 1 0.857143 0.923077 0.854839 0.942308 0.942308 0.042735 0.393939 0.210526 0.8 0.6 1 1
0 0.5 1 1 0 0.666667 0 0 0 0 0.5 0.5 0.25 0.5 0 0 0 0 0 0 0 0 0 0 0 0 0 0 0 0 0 0 0 0 0 0 0 0 0 0 0 0 0 0.5 0.884615 0.787234 0 0 0 0 0 0 0 0 0.6 0 0 0 0 0 0 1 0.4 0.68 0.585366 0.344828 0.7 0.454545 0.882353 0.757576 0.666667 0.723404 0.645833 0.674419 0 0 0 0 0 0 0 0 0 0 0 1 1 0 0 1 0.571429 0.5 0.6 0.454545 0.882353 0.0606061 0.333333 0.5 1 0 0 0 0 0 0 0 0 0 0.674419 0.709677 0.031746 1 1 1 0.947368 0.0666667 1 0.666667 1 1 1 0.9375 0.933333 0.878788 0.882353 0.942308
0 0 0 0 0 0 0 0 0 0 0 0 0 0 0 0 0 0 1 1 0.875 0.285714 0.666667 0 0 0 0 0 0 0 0 0 0 0 0 0 0 0 0 0 0 0 0 0 0 0 0 0 0 0 0 0 0 0 0 0 0 0 0 0 0 0 1 0.8 0.571429 1 0.5 0 0 0 1 1 1 0.5 0.2 0 0 0 0 0 0 0 0 0 0 0 0 0 0 0 0 0.709677 0.634921 0.31746 1 0.904762 0.792453 0.68 0.0243902 1 1 1 1 0.866667 0.030303 0 1 1 1 1 1
0 0 0 0 0 0 0 0 0.8 0 0 0 0 0 0 0 0 0 0.25 0.5 0.333333 1 0.75 0.666667 0.5 0.5 0 0 0 0 1 0 0 0 0 0 1 1 0.857143 0 0 0 0 0 0 0 0 0 0 0 0 0 1 0.645833 0.302326 0.9375 0.904762 0.0188679 0 0 0 0 0.333333 0.333333 1 0.5 0.4 0.882353 0.757576 0.0714286 0.25 1 0.25 0 0 0 0 0 0.634921 0.634921 0.634921 0.634921 0.31746 1 0.904762 0.792453 0 0 0 0 0 0 0 0 0 0 1 0.666667 0.723404 0.25 0.736842 0.764706 0.792453 0.06 0.75 1 0.666667 1 0.866667 0.878788 0.882353 0.942308 0.942308 0.942308 0.942308 0.942308 0.942308 0.942308
0 0 0 0 0 0 0 0 0 0 0 0 0 0 0 0 0 0 0.5 1 1 0.25 1 1 0.125 0.5 0.5 1 0 0 0 0 0 1 1 0.857143 0.0192308 1 0 0 1 1 1 1 0 0 0 0 0 0 0 0 0 0 0 0.585366 0.344828 0.7 0 0 0 0 0 0 0.666667 1 0.5 0.674419 0.709677 0.634921 0.634921 0.634921 0.634921 0.015873 0 0 0 0 1 0 0 0 0.5 0 0.6 0.545455 0 0 0 1 1 0 0 0 0 0 0 0 0 0 0 0 0 0.225806 1 0.0952381 0 0 0 0 1 0.857143 0.923077 0.854839 0.942308 0.942308 0.0149573 0.888889 0 0 0 0
1 0.5 1 0.5 1 0.333333 0 0 1 1 0 0 0 0 0 0 0 1 1 1 0 0 0 0 0 0 0 0 0 0 0.5 0 0 0 0 0 0.5 0.875 0.285714 0 0 0 0 0 0 0 0 0 0 0 0 1 1 0.722222 0.0192308 1 0 0 1 1 1 0 0.833333 0.125 1 1 1 1 1 1 1 0.1875 0.333333 0 1 1 1 0.333333 0 1 0.8 0.666667 0.723404 0.645833 0.674419 0.709677 0.31746 1 0.904762 0.792453 0.68 0.585366 0.344828 0 0 1 1 1 0.333333 0.333333 1 0 0 0.4 0.4 1 0.5 0.571429 0.642857 0.645833 0.674419 0.709677 0.634921 0.31746 1 0.904762 0.792453 0.06 0.75 1 0.666667 1 0.133333 0 0 0 0 0 0 0 0.714286 0.878788
0 0 0 1 0 1 0.25 1 0 0 0 0 0 0 0 0 0 0 0 0 0 0 0 0 0 0 0 0 0 0 0 0.5 0.771429 0.771429 0.771429 0.771429 0.771429 0.00571429 0 0 0 0 0 0 0 1 1 0 0 0 0 0 0.285714 0 0 0 0 0 0 0 0 0 0 0 0 0 0 1 0.5 0 0 0 0 0 0 0 0 1 0.5 0.6 0 0 0 0 0 0 0 0 0 0 0.5 0 0 0 0 0 0 0 0 0 0 0 0 0 0 0.95 0.0952381 0 0 1 1 0 0 0 0 1 1 0 0 0.723404 0.645833 0.0232558 1 0 0 1 0 0 0 0 0 0.882353 0.757576 0.666667 0.723404 0.645833 0.674419 0.225806 0 1 0 0 0 0 0 0 1 1 0 0 0 1 1 0 0 0 1 1 0.944444 1 1 0.882353
0 0 0 0 0 0 1 0 0 0 0 0 0 0 0 0 0 0 0 0 0 0 0 0.666667 0.131429 0.1875 0.5 0.5 1 1 0 0 0 0 0 0 0 0 0 0 0 0 0 0 0 0 0 0 0 0 0 0 0 0 0 0 0 0 0 0 0 0 0 0 0 0 0 0 0 0.214286 0.333333 1 1 1 1 1 1 0.854839 0.042735 0.393939 0.210526 0.8 0.6 1 1 1 0.95 0.904762 0.884615 0.854839 0.942308 0.942308 0.942308 0.042735 0.212121 0.375 1 1
0 0 0 0 0 0 0.4 1 0.75 0 0 0 0 0 0 0 0 0 0 0 0 0 0 0 0 0 0 0 0 0 0 0 0 0.5 0.771429 0.771429 0.131429 0.65625 0.555556 0.764706 0.529412 0.111111 0 0 0.5 0 0 0 0 0 0 0 0 0 0 0 1 0.4 0.5 0 1 0 0 0.666667 0.333333 0 0 0 0 0 0 0 0 0 0.714286 0 0 0 1 0 0 0 0 0 0 0 1 0 0 0 1 1 0.5 0 0 0 0 0 0 0 0 0 0 0 0 0 0 0 0 0 0 0 0 1 0.95 0.904762 0.0576923 1 0.538462 1 1 1 0 0 0.8 1 1 1 0.9375 0.933333 0.878788 0.882353 0.042735 0.393939 0.210526 0.8 0.6 1 1 1 0.95 0.904762 0.884615 0.854839 0.942308 0.942308 0.942308 0.042735 0.212121 0.375 1 1 1
0 0 0 0 0 0 0 0 0 0 1 0 0 0 0 0 0 0 0 0 0 0 0 0 0.5 0.771429 0.131429 0.65625 0.185185 0.6 0.666667 1 1 0.5 0 0 0 0 0 0 0 0 0 0 0 0 0 0 0 0.666667 0.5 0 0 0 0.5 0.5 0 0 0 0 1 0.666667 0.2 0.5 0 0 0 0 0 0 0 0 0 0 0.666667 1 0.4 0.585366 0 0 0 0 0 0 0 0 0 0 0 0 0 0 0 0 0 0 0 0 0.857143 0.923077 0.854839 0.942308 0.942308 0.942308 0.942308 0.942308 0.942308 0.042735 0.393939 0.210526 0.8 0.4 0 0 0 0.125 1 1 1 1 0.714286 0.878788 0.882353 0.942308 0.942308 0.942308 0.942308 0.942308 0.0149573 0 0 0 0 0 0 0 0.714286 0.030303 0 1 1 1 1
0 0 0 0 0 0 0 0 0 0 0 0 0 0 0 0 0 0 0 0 0 0 0 0 0.8 0.771429 0.131429 0.15625 0 0 0 0 0 0 0 0 0 0 0.5 0 0 0 0 0 0 0 0 0 0 0 0 0 0 0 0 0 1 0 0 0 0 0 0 1 1 0 0 0 0 0 0 0 0 0 0 0 0 0 0 0 0 0 0 0 0 0 0 0 0 0 0 0 0 0 0 0 0 0 0 0.792453 0.26 0.833333 0.777778 0.823529 0.723404 0.645833 0.0232558 1 1 1 0.0526316 0 1 1 1 0.944444 0 0 0 0 0 0 0 0 0.857143 0.866667 0.030303 1 0.538462 1 1 1 1 0.875 0.884615 0.854839
0 0 0 0 0 0 0 0 0 1 1 0.666667 1 0 0 0 0 0 0 0 0 0 0 0 0 0 1 1 1 0.666667 0.8 0.0685714 0.333333 0.2 1 0 0 0 0 0 0 0 0 0 0 0 0 0 0 0 0 0 0 0 0 0 0 0 1 0.75 0.5 0.5 0 0 0 0 0 0 0 0 0 0 1 0.5 0.4 0.333333 1 0.666667 0.0425532 0 0 0 0 0 0 0 0 0 0 0 0 0 0 0 0 0 0 1 1 0.95 0.904762 0.884615 0.854839 0.042735 0.393939 1 1 1 0.944444 1 1 0.882353 0.942308 0.942308 0.942308 0.942308 0.942308 0.042735 0.212121 0.375 1 1 1 1 1 0.923077 0.854839 0.942308
1 1 0 0 0 0 0.666667 0 0 0 0 0 0 0 0 0 0 0 0 0 0 0 0 0 0 0 0 0 0 0 0 0 0.333333 0.2 0 0 0 0 0 0 0 0 0 0 0 0 0 0 0 0 0 0 0 0 0 0 0 1 0 0 0 0 0 0 0 0 0 0 0 0 0 0 0 0 0 0 0 0 0 0 0 0 0 0 0 1 1 1 1 0.0625 0 0 0 0 0 0 0 0 0 0 0 0 0 0 0.714286 0.5 0.0769231 1 0.666667 1 0.947368 0.0666667 1 0 0.8 0.6 1 1 1 0.95 0.904762 0.884615 0.854839 0.942308 0.942308 0.942308 0.942308 0.942308 0.942308
0 0 0 0.5 0.333333 0 0 0 1 0.666667 0.333333 0 0 0 0 0 0 0 0 0 0 0 0 1 0 0 0 0 0 0 0 1 1 0.5 0.00571429 0 0 0 0 0 0 0 1 1 0 0 0 0 0 0 0 0 0 0 0 0 0 0 0 0 0 0 0 0 0 0.666667 0.5 1 0 0 0 0 0 0 0 0 0 0 0 0 0.866667 0.125 1 1 1 1 0.714286 0.878788 0.0980392 0.393939 0.210526 0.8 0.4 0.5 1 1 0.9 0.846154 0 1 0.5 0.3 1 1 1 0.333333 1 0 0 0 0 0 0 0 0 0 0 1 1 0.875 0.884615 0.854839 0.942308 0.942308 0.942308 0.942308 0.942308 0.042735 0.393939 1
1 1 1 0.333333 1 0.166667 1 0.75 0 0 0 0.5 0.5 0 0 0 0 0 0 0 0 1 0 0 0 0 0 0 0 0 0 0.333333 0.166667 0.65625 0.555556 0.117647 1 0 0 0 0 0 0 0 0 0 0 0 0 0 0 0 0 0.5 1 0.2 0.666667 0.6 1 0.714286 0 0 0 1 0.333333 0 0 0 0 0 1 0 0 0 0 0 0 0 0 0 0 0 0 0 0.9 0.846154 0.933333 0.884615 0.129032 0.393939 0.210526 0 0 0 0 0 0.857143 0.923077 0.854839 0.942308 0.942308 0.942308 0.942308 0.942308 0.942308 0.942308 0.942308 0.042735 0.212121 0.625 0.8 1 1 1 1 0.904762 0.884615
1 1 0 0 0 0 0 0 0 0 0 0 0 0 0.5 0 0 0 0 0 0 0 0 0 0 0 0 0 0 0 0 0 0.6 0.6 0.333333 1 1 0 0 0 0 0 0 0 0 0 0 0 0 0 0 0 0 0.5 0 0 0 0 1 0.666667 1 0 0 1 0.25 0 0 0 0 0 1 0 0 0 1 0 0 1 0 0 0.833333 0.9 0.846154 0.933333 0.0576923 0 1 1 0 0 0 0 1 0.944444 1 1 0.882353 0.942308 0.0149573 0.111111 1 1 1 1 1 1 0.854839 0.942308 0.942308 0.942308 0.942308 0.942308 0.942308 0.042735 0.212121 0.375 1 1 1
1 1 0.5 0.333333 0 0 1 0 0 0 0 0 0 0 0 0 0 0 0 0 0 0 0 0 0 1 0.5 0.771429 0.771429 0.771429 0.771429 0.771429 0.0114286 1 0.166667 0 0 0 0 0 0 0 0 0 0 0 0 0 0 0 0 0 0 0 0 0 0 0 0 0 0 0 0 0 0 0 0.0555556 0 0 0 0 0 0 0 0 0 0 0 0 0 0 0 0 0 0 0 0 0 0 0 0 0 0 0 0 0 0 0.571429 0.75 0.285714 0.166667 0.545455 0.384615 0.571429 0.75 0.285714 0.166667 0.363636 1 0.222222 0.5 0 0
0 0 0 0 0 0 0.333333 1 0 0 0 0 0 0 0 0 0 0 0 0 0 0 0 0 0 1 1 1 0.8 0.884615 0.787234 0.810811 0.771429 0.771429 0.771429 0.771429 0.131429 0.65625 0.555556 0.764706 0.117647 0.5 1 1 0 0 0 0 0 0 0 0 0 0 0 0 0 0 0 0 0 0 0 0 0 0 0 0 0 0 0 0 0 0 0 0 0 0 0 0 0 0 0 0 0 0 0 0 0 0 0 0 0 0 0 0 0 0.666667 1 0.5 0 0 0 0 1 1 0.333333 0.5 0.333333 0.75 0.571429 0.285714 0.866667 0.1875 0 0 0 0 0 0 0 0 0 0.6 0.2 0.25 1 0.777778
0 0 0 0 0 0 0 1 0 1 1 1 0 0 0 0 0 0 0 0 0 0 0 1 0.833333 0.857143 0.884615 0.787234 0.810811 0.771429 0.771429 0.0114286 1 0.333333 1 1 0 0 0 0 0 0 0 0 0 0 0 0 0 0 0 0 0 0 0 0 0 0 0 0 0 0 0 0 0 0 0 0 0 0 0 0 0 0 0 0 0 0 0 0 0 0 0 0 0 0 0 0 0 0 0 0 0 0 0 0 0 0 0 0 0 0.25 1 0.777778 0.823529 0.723404 0.25 0.736842 0.764706 0.792453 0.26 0.111111 0 0 0 0 0 0 0 0 0 0.285714 0 0 0 0 0 0 0 0 0.166667 0.363636
0 0 0 0 0 0 0 0 0 0 0 0 1 0 1 0 0 0 0 0 0 0 0 0 0 0 0 0 0 0 0 0 0 0 0 0 0.787234 0.810811 0.771429 0.0114286 0 0 0 0 0 0 0 0 0 0 0 0 0 0 0 0 0 0 0 0 0 0 0 0 0 0 0 0 0 0.5 0 0 0 0 0 0 0 0 0 0 0 0 0 0 0 0 0 0 0 0 0 0 0 0 0 0 0 0 0 0 0 0
1 0 0 0 0 1 0.333333 0 0 0 0 0 0 0 0 0 0 0 1 0 0 0 1 1 1 0.833333 0.857143 0.884615 0.787234 0.189189 0.15625 0 0 0 0 0 0 0 0 0 0 0 0 0 0 0 0 0 0 0 0 0 0 0 0 0 0 0 0 0 0 0 0 0 0 0 0 0 0 0 0 0 0 0 0 0 0 0 0 0 0 0 0 0 0 0 0 0 0.5 0 0.142857 0.833333 0.777778 0.823529 0.723404 0.25 0.736842 0.764706 0.792453 0.26 0.833333 0.0555556 0.5
1 1 0.5 0.333333 0 0 1 0.5 0 0 0 0 0 0 0 0 0 0 0 0 0 0 0 0 1 1 0.96 0.884615 0.787234 0.189189 0.15625 0.4 1 0.333333 0 0 0 0 0 0 0 0 0 0 0 0 0 0 0 0 0 0 0 0 0 0 0 0 0 0 0 0 1 1 0 0 0 0 0 0 0 0 0 0 0 0 0 0 0 0 0 0 0 0.714286 0.5 0.666667 0 0
1 1 1 0.5 0 0 1 0 0 0 0 0 0 0 0 0 0 0 0 0 0 0 0 0 0 1 0.8 0.96 0.884615 0.787234 0.810811 0.131429 0.65625 0.555556 0.764706 0.529412 0.888889 0.25 0 0.166667 0 0 0 0 0 0 0 0.5 1 0 0 0 0 0 0 0 0 1 0 0 1 0.5 0 0 0 0 0 0 0 0 0 0 0 0 0 0 0.5 0.150943 0.769231 0 0 0 0 0 0 0 0 1 0 0 0 0 0.25 0 0 0 0 0 0 0 0 0.5 0.645833 0.302326 0.9375 0.904762 0.792453 0.68 0.365854 0.941176 0.666667 0.666667 0.723404 0.25 0.736842 0.764706 0.792453 0.26 0.833333 0.777778 0.823529 0.723404 0.645833 0.302326 0.9375 0.904762
0 0 0 0 0 0.142857 1 1 0.5 0 0 0 0 0 0 0 0 0 0 0 0 0 0 0 0 0 0.787234 0.189189 0.15625 0.4 1 0.333333 1 0 0 0 0 0 0 0 0 0 0 0 0 0 0 0 0 0 0 0 0 0 0 0 0 0 0 0 0 0 0 0 0 0 0 0 0 0 0 0.333333 1 1 1 0.428571 0 0 0 0 0 1 0 0 0 1 0.666667 0.723404 0.25 0.157895 0.25 0 0 0 1 1 0 0 1 0 1 1 1 0.642857 0.645833 0.674419 0.709677
1 0.5 0 1 1 0 0 0 0 0 0 0 0 0 0 0 0 0 0 0 0 0 1 1 0.12766 0 0.4 1 0.333333 0 0 0 0 0 0 0 0 0 0.5 0 0 0 0 0 0 0 0 0 0 0 0 0 0 0 0 0 0 0 0 0 0 0 0 0 0 0 0 0 0 1 0 1 0.714286 0.5 0 0 0.1875 1 0.181818 0.5 0 0 0.285714 1 0.625 0.6
1 0.555556 0.4 0.333333 0.333333 1 0.666667 0.5 0 0 0 0 0 0 0 0 0 0 0 0 0 0 0 0 0 0 0 0 0 0 0 0 0 0.8 0.771429 0.771429 0.771429 0.771429 0.771429 0.771429 0.771429 0.0114286 1 0.666667 0 0 0 0 0 0 0 0 0 0 0 0 0 0 0 0 0 0 0 0 0 0 0 0 0 0 0 0 0 0 0 0 0 0 0 0 0 0 0.5 0 0 0 0 0 0 0 0 0 0 0 0 0 0 0 0 0 0 0 0 0 0 0 0 0 0 0 1 1 0 0 0
0.666667 0.142857 0 0 0 0 0 0 0 0.5 0 0 0 0 0 0 0 0 0 0 0 0 0 0 0 0 0 0 0 0 0.5 0 0 0 0 0 0 0 0 1 0 0 0 0 0 0 0 0 0 0 0 0 0 1 0 0 0 0 0 0 0 0 0 0 0.9 0.96 0.884615 0.787234 0 1 0.333333 0 0 0 0 0 0 0 0 0 0.5 0.5 0 0 0 0 0 0 0 0 1 1 0.666667 0.2 0 0 0 0 0 0 0 0 0 0 0 0 0 0 0 0 0 0 0 0 0 1 1 1 1 1 0.016129 0.888889 0 0 0 0 0 0 0 0 0 0 1 1 1 1 0.904762 0.884615 0.854839 0.042735 0.393939 0 0 0 0 0 0 0 0
0 0 0 0 0 0 0.333333 1 1 0.5 0 0 0 0 0 0 0 0 0 0 0 0 0 0 0 0 0 0 0 0 0 0 0 0 0 0 0 0 0 0 0 0 0 0 0 0 0 0 0 0 0 1 0 0 0 1 1 1 1 0.8 0.0576923 1 0.333333 0.5 0.5 0 0 0 0 0 0 0 0 0 0 0 0 0 0 0 0 0 0 0 0 0 0 0 0 1 1 0.5 0.2 1 0.5 0 1 0 0 0 1 0 0 0 0 0 0 0 0 0 0 0 0 0 0 0 0 0 0 0 0 0 0 0 0 0 0 0 0 0 0 0 0 0 0 0 0 0 0 1 0 0 0 0 0 0 0.666667 1 0.866667 0.878788 0.0196078 0.111111 1 1 1 1 0 0 0 1 1 1 1 1
0 0 0 0 0 0 0.5 1 1 0 0 0 0 0 0 0 0 0 0 0 0 0 0 0 0 0 1 0 0 0 0 0 0 0 0 0 0 0 0 0 0 0 0 0 0 0 0 0 0 0 0 0 0 1 1 0 0 0 0 0 0 0 0 0 0 0 0 0 0 0 0 0 0 0 0 1 1 1 0.8 0.884615 0.787234 0.189189 0 0.5 1 1 0 0 0 0 0 0 0 0 0 0 0 0 0 0 0 1 0 1 0.333333 0 0 0 0 0 0 0 0 0 0 0 0 0 0 0 0 0 0 0 0 0 0 1 1 0 0 0 0 0 0 0 0 0 0 0 0 0 0 0 0 0 0 0 0 0 0 0 0 0 0 0 0 0 0 0 0 0 0 0 0 0 0 0 0 0 0 0 0.263158 0.166667 0 0 0 0 1 0.866667 0.878788 0.882353 0.942308 0.942308 0.942308 0.942308 0.942308 0.942308 0.942308 0.942308 0 0 0 0 0 0 0 0 0 1
0 0 0 0 0 0 0 0 0 0 0 0 0 0 0 0 0 0 0 0 0 0 0 0 0 0 0 0 0 0 0 0 0 0 0 0 0 0 0 0 1 0 0 0 0 0 0 0 0 0 0 0 0 0 0 0 0 0 0.5 1 0 0 0 0 0 1 0 0 0 0 0 0 0 0 0 0 0 0 0.5 0.857143 0.884615 0 0 0.333333 1 0 0 0 0 0 0 0 0 0 0 0 0 0 0 0 0 0 0 0 0 0 0 0 0 0 0 0 0 0 0 0 0 0 0 0 0 0 0 0 0 0 0 0 0 0 0 0 0 0 0 1 0.923077 0.016129 0 0 0 0 0 0 0 0 0 0 1 0 0 0 1 0 0 0 0 1 1 1 1 0.854839 0.942308 0.942308 0.942308 0.942308
1 1 1 0 0 0 0.5 0 0 0 0 0 0 0 0 1 1 0 0 0 0 0 0 0 0 0 0 0 0 0 0 0 0 0.5 0 0 0 0 0 0 0 0 0 0 0 0 1 1 0.5 0 0 0 0 0 0 0 0 0 0 0 0 0 0 0 0 0 0 0 0 0 0 0 1 0.8 0.884615 0.787234 0 0.5 0.555556 0 0 0 0 0 0 0 0 0 0 0 0 0 0 0 0 0 0 0 0 0 0 0 0 0 0 0 0 0 0 0 0 0 0 0 0 0 0 0 0 0 0 0 0 0 0 0 0 0 0 0 0 0 0 0 0 0 0.0625 0 1 1 1 0.944444 1 1 0.882353 0.942308 0.942308 0.942308 0.942308 0.942308 0.0149573 0.111111 1 1 1 1 1 1
0 0 0 0 0 0 0 0.666667 0.75 0.333333 0 0 0 0 0 0 0 0 0 0 0 1 0 0 0 0 0 0 0 0 0 0 0 0 0 0 0 0 0 0 0 0 0 0 0 0.5 1 1 0 0 0 1 1 0 0 0 0 0 0 0 0 0 0 0 0 0 0 0 0 0 0 1 1 0.9 0.96 0.884615 0.787234 0 0.5 0.333333 0.5 0.5 0 0 0 0 0 0 0 0 1 0 0 0 0 1 1 0 0 0 0 0 0 0 0 0 0 0 0 0 0 1 1 0.666667 0.333333 0 0.5 0.333333 1 0 0 0 0 0 0 0 0 0 0 0 0 0 0 0 0 0 0 0 0 0 0 0 0 0 0 0 0 0 0 0 0 1 0.714286 0.0909091 0 1 1 1 0.944444 1 0 0 1 1 1 1 1 1 0.854839 0.942308 0.942308
1 0 0 0 0 1 1 1 0 1 1 1 0 0 0.666667 0.5 1 0 0 0 0 0 0 0 0 0 0 0 0 0 0 0 0 0 0 0 1 0.2 0 0 0 0 0 0 0 0 0 0 0 0 0 0 0 0 0 0 0 0 0 0 0 0 0 0 0 0 0 0 0 0 0 0 1 1 1 1 0.9 0.96 0.884615 0.12766 0.333333 0.5 0 0 0 0 0 0 0 0 0 0 0 1 1 0 0 0 0 0 0 0 0 1 0 0 0 0 0 0 0 0 0 0 0 0 0 0 0 0 0 0 0 0 0 0 0 0 0 0 1 1 0.8125 0.9375 0.0196078 0.888889 0 0 0 0 0 0 1 0.714286 0.878788 0.0980392 0.212121 0.625 0 0 0 0 0 0 1 0.666667 1 0.866667 0.878788 0.0196078 0.111111 1 1 1 1
1 0.5 0 1 1 0 0 0 0 0 0 0 0 0 0 0 0 0 0 0 0 0 0 0 0 0 0 0 0 0 0 0 0 0 0 0 0 0 0 1 1 0 0 0.5 1 1 0 0 0 0 0 0 0 0 0 1 1 0.722222 0.884615 0.12766 0.666667 0.555556 0 0 0 0 0 0 0 0 0.5 0 0 0 0 0 0 0 0 0 0 0 0 0 0 0 0 0 0 0 0 0 0 0.5 1 0 0 0 0 0 0 0 0 0 0 0 0 0 0 0 0 0 0 0 0 0 0 0 0 0 0 0 0 0 0 0 0 0.8 0.4 0 0 0 1 1 1 0.947368 0.933333 0.884615 0.854839 0.042735 0.393939 0.263158 0.166667 1 1 1 1 0.866667 0.878788 0.882353 0.942308
1 1 0.5 0.666667 0 1 0 0 0 0 0 0 0 0 0 0 0 0 1 0 0 0 0 0 0 0 0 0 0 0 0 0 0 0 0 0 0 0 0 0 0 0 0 0 0 0.666667 0.333333 0 0 1 0 0 0 0 1 1 0 0 0 0.9 0.96 0.884615 0.12766 0.666667 0.555556 0.764706 0.529412 0.888889 0.25 0 0.5 0.2 0 0 1 0 0 0 0 0 0 0 0 0 0 0 0 0 0 0 0 0 0 0 0 0 0 0 0 0 0 0 0 0 0 0 0 0 0 0 0 0 0 0 0 0 0 0 0 0 0 0 0 0 0 0 0 0 0.111111 1 1 1 1 1 1 0.016129 0 0 0 0 0 0 0 0 0.904762 0.884615 0.854839 0.942308 0.042735 0.393939 0.263158 0.166667 1
0 0 0 0 0 0 0 0 0 0 0 0 0 0 0 0 0 0 0 0 0 0 0 0 0 0 0 0 0 0 0 0 0 0 0 0 0 0 0 0 0 0 0 0 0 0 0 0 0 1 0 0 0 0 0 0 0 0 0 0 0 0 0 0 0 0 0 1 0.96 0.0192308 1 0 0 0 0 0 0 0 0 0 0 0 0 1 0.333333 0 0 0 0 0 0 0 0 0 0 0 0 0 0 0 0 0 0 0 0 0 0 0 0 0 0 0 0 0 0 0 0 0 0 0 0 0 0 0 0.2 1 0 0 0 0 0 0 0 0 0 0 1 0.857143 0 0 0 0 0 0 0 0 0 1 1 0.857143 0.923077 0.854839 0.042735 0.393939 0.526316 1 1 1 0.9375 0.933333 0.878788 0.882353
1 1 0.5 0.666667 0 0 0 0 0 0 0 0 0 0 0 0 0 0 0 0 0 0 0 0 0 0 0.722222 0.884615 0.787234 0.810811 0.771429 0.0685714 0.5 0.111111 1 0 0 0 0 0 0 0 0 0 1 0.666667 1 0 0 0 0 1 0 0 0 0 0.5 1 0 0.5 0 0.666667 0 0 0 0 1 0 0 1 1 1 1 0.25 0.333333 0 1 0.25 1 0.333333 0 0 1 1 0 0 1 1 0.5 0 0 0 0.2 0.666667 0.6 1 0.714286 0.5 0.923077 0.666667 0.674419 0.225806 1 0 1 1 1 1 0.714286 0.878788 0.882353 0.942308 0.942308 0.942308 0.942308 0.942308
0 0 0 0 0 0 0 0 0 0 0 0 1 0.5 0 0 0 0 0 0 0 0 0 0 0 0 1 1 0.722222 0.884615 0.12766 0.666667 0.555556 0.764706 0.352941 0.666667 0.75 0.666667 1 0.25 1 0.75 0.75 0.1 0 0 0 0 0 0 0 0 0 0 0 0 0 0 0.5 0.333333 0.25 0.333333 0.5 0.666667 0 0 0 0 0 0 0 0 0 0 0 0 0 1 1 0 1 1 0 1 0 0 0 0 0 0 0 0 0 0 0 0 0 0 0 0 0 0.5 0 0.142857 0.833333 0.777778 0 1 0.833333 0.9 0.846154 0.933333 0.884615 0.854839 0.942308 0.042735 0.393939 0.526316 1 1 1 0.9375 0.933333 0.878788 0.882353
0 0 0 0 1 1 0 0 0 0.666667 0.25 0 0 0 0 0 0 0 0 0 0 0 0 0 0 0 1 0 0 0.5 0.771429 0.0114286 1 0.333333 0.25 0 0 0 0 0 0 0 0 0 0 0.5 0 0 0 0 0 0 0 0 0 0 0 0 0 0 0 0 0 0 0 0 0 0 0 0 0.5 1 0.4 1 0.625 0.4 0 1 1 1 0 0 0 0 0 0 0 0 0 0 0 0 0 0.642857 0.645833 0.674419 0.225806 1 0.904762 0.0188679 1 1 0 1 0.75 0.333333 0 0.833333 0.757576 0.666667 0.723404 0.645833 0 0 0 0 0 0 0 0 0 0 0 0 0 0 0 0 0 1 0 0 0 0.2 0 0 0 0 1 1 1 0.857143 0.866667 0.878788
0 0 0 0 0 0 0.125 0.5 0 0 0 0 0 0 0 0 0 0 0 0 0 0 0 0 0 0 0 1 1 1 0.8 0.884615 0.787234 0 0 0 0 0 0 0 0 0.5 0.771429 0.771429 0.131429 0.65625 0.555556 0.764706 0.529412 0.888889 0.25 0 0.333333 0 0 0 0 0 0 0 0 0 0 0 0 0 0 0 0 1 0.25 0 0 0 0 0 0 0 0.5 0 0 0 0 0 0 0 0 0 1 1 0 0 0 0 0.8 0.0714286 0 0 0 0 0 0 0 0 0 0 0 0.625 0.26 0.833333 0.777778 0 1 0.833333 0.9 0.846154 0.0666667 1 0.666667 1 1 1 0.9375 0.933333 0.878788 0.882353 0.0149573 0.888889 0.538462 1 1 1 1 0.875
1 1 1 1 1 0 0 0 0 0 0 1 0 0 0 0 0 0 0 1 0 0 1 0 0 0 0 0 0 0 0 1 0.8 1 0.5 0.771429 0.771429 0.771429 0.00571429 0 1 0 0 0 0 0 0.5 0.25 0.5 1 1 0 0 0.5 0.5 0 0 0.5 0.25 0 0 0 0 0 0 0 0.5 0 0 0 0 0 0 0 0 0 0 0 0 0 0 0 0 1 0 0 0 0 1 1 0.8 0.8 0.571429 0.5 0.6 0.454545 0.882353 0.0909091 0 0 0 0 0 0 0 0 0 0 0 0 0 0.571429 0.6 0.9375 0.904762 0.792453 0.68 0.585366 0.344828 0.3 0.882353 0.757576 0.666667 0.723404 0.645833 0.674419 0.709677 0.031746 1 1 1 0.0526316 1 0 0 1 1 1 1 0.866667 0.878788 0.882353 0.042735 0.212121 0.625 0.2 1 1 1 1 0.846154
0.833333 1 0.555556 0.4 0.6 0 0 0 0 0 0 0 1 1 1 1 0.722222 0.884615 0.787234 0.810811 0.771429 0.771429 0.0685714 0.333333 0.6 0.6 0.666667 0.5 1 0 0.25 0 0 0 0 0 0 0 0 0 0 0 1 1 0 0 0 0 0 0 0 0 0 0 0 0 0 0 0 0 0 1 1 0 1 0.5 1 0 0 0 0 0 0 0 0 0 0 0 0 0 0 0 0 0 0 0 0 0 0 0 0 0 0 0.166667 1 1 1 1 0.8125 0.9375 0.882353 0.942308 0.042735 0.212121 0.375 1 1 1 1 1
0 0 0 0 0 0 0 0 0 0 0 0 0 0 0 0 0 0 0 0 0 0 0 0 0 0 0 0 0 0 0.666667 0.771429 0.0685714 0.333333 0.6 0.6 0.666667 0.5 1 0 0.25 0.333333 0.5 0 0 0 1 1 1 1 0 0.142857 1 0 0 0 0 0 0 0 0 0 0 0 0 0 0 0 0 0 0 0 0 0 0 0 0 0 0 0 0 0 0 0 0 0 0 0 0 0 0 0 0 0 0 0 0 0 0 0 0 0 1 0.666667 0.191489 0.866667 0.1875 0 0 0 0 1 0.857143 0.923077 0.854839 0.042735 0.393939 0.210526 0.8 0.6 1 1 1 0.95 0.904762 0.884615 0.854839 0.942308 0.942308
1 0.555556 0 0 0 0 0 0 0 0 0 0 0 0 0 0 0 0 1 0.5 0.857143 0.884615 0.787234 0 0.166667 0.5 0 0 0 0 0 0 0 0 0 0 0 0 0 0.5 0 0 0 0 0 0 0 0 0 0 0 0 0 0 0 0 0 0 0.75 0.333333 0 0.833333 0.757576 0.666667 0.191489 0.866667 0.1875 1 0 0 0 1 0 0 0 0 0 0 0 0 0 0 0 0 0 0 1 0.882353 0.757576 0.666667 0.723404 0.645833 0.302326 0.9375 0.904762 0.0377358 1 1 1 0.857143 0.866667 0.878788 0.0980392 0.393939 1 1 1 0.944444 1 0 0 1
0 0 0 0 0 0 0 0 0 0 0 0 0 0 0 1 0 0 0 0 0 0 1 1 0.96 0.884615 0.787234 0.189189 0.65625 0.555556 0.764706 0.529412 0 0 0 0 0 0 0 0 0 0 0 0 0 0 0 0 0 0 0 0 0 0 0 0 0 0 0 0 0 0 0 0 0 0 0 0 0 0.5 0 1 1 0 0.75 0.4 1 0.333333 0 0 0 0 0 0 1 0 0 0 0 0 0 0 0 0 0 0 0 0 0 1 0 0 0 1 1 1 1 1 0.923077 0.854839 0.942308 0.942308 0.942308
0 0 0 0 0 0.333333 0 0 0 0 0 0 0 0 0.333333 0 0.5 0.5 0 0.333333 0.25 0 0 0 0 0 1 1 0.96 0.884615 0.787234 0.189189 0.65625 0.555556 0.117647 1 0 0 0 0.5 0 0 1 1 1 0.666667 0 0 0 0 0 0 0 0 0 0 0 0 0 0 0 0 0 0 0 0 0 1 0.5 1 1 1 1 0 0 0 0 0 0 0 0 1 0.142857 0 0 0 0 0 0 0 0 0 0 0.8125 0.9375 0.882353 0.942308 0.942308 0.942308 0.942308 0.942308 0.942308 0.942308 0.942308 0.942308 0.942308 0.942308 0.942308
