-13.71393
-12.67438
-13.81551
-12.48918
-12.81295
-13.39431
-13.05850
-12.59649
-12.41897
-12.56217
-13.23986
-13.81551
-13.81551
-12.76482
-12.84095
-13.01053
-13.81551
-12.57268
-13.81551
-12.39952
-13.81551
-12.29732
-12.96665
-12.71226
-13.70841
-12.44926
-12.90958
-13.25954
-12.34187
-12.71876
-13.81551
-13.38908
-13.59446
-13.81551
-13.67160
-13.81551
-12.32955
-13.81551
-13.81551
-13.68759
-13.81551
-13.81551
-13.45878
-13.64173
-12.81099
-13.64950
-13.64502
-13.43175
-13.81551
-13.45898
-13.05707
-12.41642
-13.81551
-12.74035
-12.47715
-13.02635
-13.02282
-13.16423
-13.03350
-12.58805
