-13.81551
-13.09782
-13.81551
-13.59288
-13.53356
-13.64389
-13.62229
-13.50388
-13.01372
-13.32210
-13.61955
-13.81551
-13.81551
-13.40798
-13.63130
-13.69641
-13.81551
-13.04798
-13.81551
-13.70795
-13.81551
-13.65852
-13.71890
-13.41043
-13.81551
-13.23011
-13.35112
-13.81551
-13.05377
-13.56837
-13.81551
-13.81551
-13.81551
-13.81551
-13.81551
-13.81551
-13.11039
-13.81551
-13.81551
-13.81551
-13.81551
-13.81551
-13.67008
-13.81551
-13.34877
-13.81551
-13.81551
-13.81551
-13.81551
-13.72462
-13.68518
-13.45511
-13.81551
-13.25843
-13.32560
-13.81551
-13.81551
-13.81551
-13.81551
-13.11151
