-13.81551
-13.27373
-13.81551
-13.70616
-13.62626
-13.72916
-13.71822
-13.60618
-13.18462
-13.61673
-13.71683
-13.81551
-13.81551
-13.53641
-13.72279
-13.81551
-13.81551
-13.16993
-13.81551
-13.81551
-13.81551
-13.81551
-13.81551
-13.60618
-13.81551
-13.46127
-13.46427
-13.81551
-13.30071
-13.81551
-13.81551
-13.81551
-13.81551
-13.81551
-13.81551
-13.81551
-13.33497
-13.81551
-13.81551
-13.81551
-13.81551
-13.81551
-13.81551
-13.81551
-13.53356
-13.81551
-13.81551
-13.81551
-13.81551
-13.81551
-13.81551
-13.57313
-13.81551
-13.36623
-13.61815
-13.81551
-13.81551
-13.81551
-13.81551
-13.24642
