0 1 0 0 0 1 0 0 0 0 0 0 0 0 0.5 0 0 0 0 0 0 0 0 0 0 0 0 0 0 0 1 0.666667 0.2 0 0 0 0 0 0 0 0 1 0 1 0.333333 0.75 0.4 0.333333 0 0 0 0 0 0 0 0 0 0 0 0 0 0 1 0 0 0 0 0 0 0 0 0 0 0 0 1 1 1 0.166667 1 0 0 0 0 0 0 0 0 0 0 0 0 0 0.5 0.604167 0 0 0 0 0 0 0 0 0 0 0 0 0 0 0 0.840909 0.9 0.927835 0.927835 0.056701 0.463415 0.26087 0.666667 1 0.5 0.5 0.208333 0 0 1 1 1 0.842105 0.9 0.927835 0.927835 0.056701 0.341463 1 1 1 0.944444 1 0.0333333 0.0714286 1 1 1 1
0 0 0 0 0 0 0 0 0 0 0 0 0 0 0 0 0 0 0.2 0 1 0.25 0 0 0 0 0 0 0 0 0.666667 0.333333 0 0 0 0 0 0 0 0 0.5 0.5 0.888889 0.625 0.0555556 0.8 0.1 0 0 0 0 1 0 1 0 0.333333 0 0 0 0 0 0.5 0 0 0 0 0 0 0 0 0 0 0 0 0 0 0 0 0 0 0 0 0 0 0 0 0 0 0 0 0 0 0 0 0 0 0 0 0 0 0 0.5 1 1 1 0 0 1 1 1 0.944444 1 0.9 0.927835 0.056701 0.341463 0 0 0 0 0 0 0 0 1 1 1 0 0 1 1 1 0.944444 0 0 0.625 0.2 1 1 1 0.928571 0.885714 0.915254 0.0571429 0.195122 0.625 0.2 1 1 1 0.928571 0.885714 0.915254 0.9 0.927835 0.927835 0.927835 0.927835 0.927835 0.927835 0.927835 0.927835 0.927835 0.927835 0.927835
0 0.166667 0 0 0 0 0 0 0 0 0 0 0 0 0 0 0 0 0 0 0 0 0 0 1 0.6 0 0 0.2 0 0 0 0 0 0 0 0 1 0 1 0 0 0 0 0.333333 0.2 0 0 0 0 0.5 0.6 0.25 0 0 0 0 0 0 0 0 0 0 0 0 0 0 0 0 0 0 0 0 0 0 0 0 0 0 0 0 0 0 0 0 0 0 0 0 0 0 0 0 0 0 1 0 0 0 0 0 0 0 0 0 0 0 0 1 1 0.92 0.915254 0.0428571 0.928571 0.526316 0.6 0.666667 0.5 0 0.0588235 0.75 1 0.875 0.9375 0.840909 0.9 0.056701 0.463415 0.26087 0.166667 0 0 0 0.875 0.9375 0.136364 0.571429 0.473684 1 1 1 1 0.915254 0.9
0 0 1 0 0.5 1 1 0 0 0 0 0 0 0 0 0 0 1 1 1 0.5 0.5 0 0 0 0 0 1 0.375 0.666667 0.4 0.8 0.166667 0.666667 0.2 0 0 0 0 0 0 0 0 0 0 0 0 0 0 0 0 0 0 0 0 0 0 0 0 0 0 0 0 0 0 0 0 0 0 0 0 0 0 0 1 0 0 0 1 0 0 0 0 0 0 0 0 0 0 0 0 0 0 0.608696 0.208333 0.888889 0.125 1 1 1 1 0.840909 0.9 0.927835 0.927835 0.056701 0.195122 0.625 0.8 1 1 1 0.92 0.915254 0.9 0.927835 0.0154639 0.928571 0.526316 0.6 0.666667 0.5 1 1 1 1 0.840909 0.9 0.927835 0.927835 0.927835 0.927835
0 0 0 0 0 0 1 1 0 0 0 0.428571 0.5 0.555556 0.8 1 0.375 0.166667 0 0 0 0.5 0 0 1 0 0 0 0 1 0 0 0.333333 0 0 0.5 0 0 0 0.333333 0.5 0 0 0 0 0 0 0 0 0 0 0 0 0 0 0 0 0 0 0 0 0 0 0 0 0 1 0.25 0.5 1 0.428571 0 0 0 0 0 0 1 0.5 1 0.5 0 1 0.5 1 0 0 0 0 0 0.538462 1 0 0 1 0 0 0 0 0 0 0 0 0 0.677419 0.26087 0.55 0.333333 1 0.12 1 1 1 0.92 0.0338983 1 0 0 0 0 0 1 1 0.9375 0.840909 0.9 0.927835 0.056701 0.463415 0.26087 0.666667 1 0.5 1 1 1 0.92 0.0338983 1 0.526316 0.1 0 0 0 0.0447761 1 1 1 0.9375 0.840909 0.9 0.927835 0.927835 0.927835 0.927835 0.927835 0.927835 0.927835
0 0 1 0 0 0 0 0 0 0 0 0 1 0.5 0 0 0 0 0 0 1 1 0 0 0.166667 0 1 1 0.25 0.25 0 0.555556 0 0.5 0.8 0.555556 0.1 0.588235 0.5 0.875 0.133333 0 1 0 0 0 0 0 0.75 0 0.25 0.333333 0.5 0.166667 0 0 0 0 0 0 0 0 0 0.333333 0 0 0 0 0 0.0555556 0 0 0 0 0 0 0 0 0 0 0 0 0 0 0 0 0 0 0.333333 0.666667 0.333333 0.125 0.5 0.625 0 0 0 0 1 0 0 0 0 1 0 0 0 0 0 0 0 0 0 0 0 0 0 0 0 1 1 0.840909 0.9 0.927835 0.927835 0.0154639 0 1 1 1 1 1 0.0526316 0.571429 0 0 0 0 0 1 1 0.0227273 0.333333 0.26087 0.666667 1 0.5 0.5 0.208333 0.888889 0.1875 0.916667 0.12 1 1 1 0.92 0.915254 0.9 0.056701 0.195122 0.375 1 1 1 1 0.9375 0.9 0.927835 0.927835 0.927835 0.927835
0 0 0 0 0 0 0 0 0 0 0 0 0 0 1 1 0 0 0 0.142857 1 1 0 0 0.5 0.8 0.307692 0.333333 0.5 1 0.5 0 0 0 0 1 0 0 0 0 0 0 0 0 0 0 0 0 0.5 1 0 0.5 0.666667 0.333333 0.2 0 0 0 0 0 0 0 0 0 0 0 0 0 0 0 0 0 0 0 0 0 0 0 0 1 0 0 0 0 0 0 0 0 0 0 0 0 0 0 0 0 0 0 0 0 0 0 0 0 0 0 0 0 0 0 0.0666667 1 1 1 0.9375 0.840909 0.9 0.927835 0.0154639 0.0714286 1 1 1 1 1 0.9 0.927835 0.0154639 0.928571 0 0 0 0 0 1 1 0.9375 0.840909 0.0333333 0.928571 0.473684 1 1 1 1 0.915254 0.9 0.927835 0.927835 0.927835 0.927835 0.927835 0.927835 0.927835
0 0 0 0 0 0 0.333333 1 0.666667 0 0.333333 0 0 1 0 0 1 1 0.75 0.833333 0.2 0 0 0 0 0 1 0.333333 0 0 0 0 0 0 0 0 0 0 1 0 0 0.5 0.5 0 0 0 0 1 0 1 0.4 0 0 0 0 0 0 0 0 0.222222 0.4 0.6 1 0.8 0.5 0.0714286 0.5 0 0 0 0 0 0 0 1 1 0 0 0 0 0 0 0 0 0 0 0.666667 0 0 0 0 0 0 0 0 0 0 0.333333 0.26087 0.666667 1 0.5 1 1 1 0.92 0.915254 0.9 0.927835 0.927835 0.927835 0.927835 0.927835 0.927835 0.056701 0.463415 0.26087 0.666667 1 0.5 0.5 1 0.909091 0.928571 0.885714 0.0338983 1 0 0 0 0 0 0 0 0 1 0.944444 1 0.9 0.927835 0.927835 0.927835 0.927835 0.927835
0 0 0 0 0 0 0 0 0 0 0 0 0 0 0 0 0 0 1 1 0 0 1 1 0.333333 0.428571 0.25 0 0 0 0 0 0 0 0 0 1 0 0 1 0 0 0 0 1 0 0 0 0 0 0 0 0 0 0 0 0 0 0 0 0 0.5 0 0 0 0 0 0 0 0 0 0 0 0 0 0.5 0.5 1 0.1 1 0 0 0 0 0 0 0 0 0 0 0 0 0 0 0 0 0 0 0 0 0 0 0 0 0 0 0 1 1 0.0227273 0.333333 0.217391 0.833333 0 0 0 1 0 1 1 1 0.92 0.915254 0.9 0.927835 0.927835 0.0154639 0.928571 0.526316 0.6 0.666667 0.5 0 0.602941 0.0208333 1 1 0.875 0.9375 0.840909 0.9 0.927835 0.0154639 0.0714286 1 1 1 1 1 0.9 0.927835 0.927835 0.927835 0.927835 0.927835 0.927835 0.927835 0.927835 0.927835 0.927835 0.927835 0.927835 0.927835 0.927835 0.927835
0 0 0 0 0 0 0.25 0.5 0.1 0 0.5 1 0 0 0 0 0 0 0 0 0 0 0 0 0 0.333333 0.416667 0.352941 0.888889 0 0 0 0 0 0 0 0.2 1 0.5 0.4 0.5 0.375 0.25 0.333333 0 1 0 0 0 0 0 0 0 0 0.333333 0 0 0 0 0 0 0 0 0 0.0454545 0 0 0 0 0 0 0 0 0 1 0 0 0 0 0 0 0 1 0 0 0 0 0 0 0 0 0 0 0 0 0 0 0 1 1 1 0.92 0.915254 0.0571429 0.463415 0.26087 0.666667 1 0.5 0.5 1 0.909091 0.928571 0.885714 0.0338983 0 0 0 0 0 0 1 0.9375 0.0227273 0 0.625 0.8 1 1 1 0.92 0.915254 0.0571429 0.341463 1 1 1 0.944444 1 0.9 0.927835 0.927835 0.927835 0.927835 0.927835 0.927835 0.927835 0.927835 0.927835 0.927835 0.927835
0 1 0.666667 0.625 0.142857 0.571429 1 0.5 1 0.333333 0 0.5 0 0 0 0 0 0 0 0 0 0.2 1 0.5 0 0 1 0 0.5 0.5 0 0 0 1 0.5 0.5 0.888889 0.125 0.25 0.2 0.25 0 0 0 0 0 0 0 0 1 1 0.777778 0 0 0 1 0 0 0 1 1 0 0 0.5 0.5 0.588235 0.0625 1 0 0 1 1 1 0.428571 0 0 0 0 0 0 0 0 0.75 0 1 0.25 0 0 0 0 0.388889 0.588235 0.0625 1 0 0 0 0 1 0.666667 1 0.828125 0.19403 0.666667 0.0322581 1 0.333333 0.5 1 1 0.714286 0.875 0.533333 0.454545 0.564103 0.564103 0.564103 0 1 0.5 1 0.4 1 1 0.5 0.444444 0.641791 0.645833 0.649485 0.649485 0.649485 0.0412371 1 1 1 0.885714 0.915254 0.0571429 0.463415 0.26087 0.666667 1 0.5 0.5 1 0.909091 0.928571 0.885714 0.915254 0.9 0.927835 0.927835
0 0.625 0.4 0.5 0.5 1 1 0.571429 1 0.136364 0.571429 0 0.5 0.285714 0.333333 1 0 0 1 0 0 0.142857 0 0 1 0.5 1 1 0.333333 0.8 0.45 0.333333 0.2 0.2 1 0.666667 0 0 0 0 0 0 1 0 0.037037 1 0.566667 0.809524 0.529412 0.888889 0 0 0 0 0 0.625 0.0909091 0.55 0 0 0.333333 0.5 1 0.25 0 1 0.109375 0 0 0 0 0.333333 0 0 0 1 1 0.875 0 0 0 0 0 0 0 0 1 1 0.9375 0.0227273 0 0.375 1 1 1 1 0.0625 0 0.375 1 1 1 1 0.9375
0 0.166667 1 0.666667 0.352941 0 0 0 1 1 0.75 0 0.5 0.444444 0.6 0.8 0.2 0.6 0 0 0 0.833333 0.2 0.333333 0.5 0 0 0 0 1 0 0 0 0 0 0 0.5 1 0.6 0 0 0 0 1 1 0.777778 0.83871 0.87037 0 1 0.285714 0.5 1 0 0 0 0 0 0 0 0 0 0 0 0 0 0 0 0 1 0.333333 0 0 0 0 1 0 0 0 0 0 0 0.333333 0.5 0 0 0 0 0 0 0 0 0 1 0.454545 0.564103 0.564103 0.564103 0.564103 0 0 1 0.2 0.4 0.25 1 0.5 0.649485 0 0 0 0 1 0 0 1 0.666667 0.666667 0.641791 0.333333 0.976744 0.109375 0 0 0 1 1 0 0 0 0 0 0 0 1 0.909091 0.928571 0.885714 0.915254 0.0571429 0.341463 1 1
0 0.352941 0.333333 0 0 0 0 1 1 0.5 0.5 0 0 1 0.75 0.5 0.352941 0 0 0 1 0.5 0 0 0 0 0 0 0 0 1 0 0.333333 0.8 0.2 0.4 0.5 0.8 0 0 0 0 1 1 0.777778 0.83871 0.037037 1 0.571429 0.6 0.666667 0 0 0 0 0 0 0 1 0 0.333333 0.5 1 0 0 0 0 0 0 0 1 1 0.333333 1 0 0 0 0 0 0 0 0 0 0 0 1 0.428571 0.6 0.5 0.857143 0.701493 0.666667 0.283582 0.0869565 1 1 1 1 0.842105 0.9 0.927835 0.927835 0.927835 0.927835 0.927835 0.056701 0.463415 0.217391 0 0 0
0 0 0 1 0.333333 0.5 1 0 1 0.4 0 0 0 1 0 0.333333 0.5 1 0.5 0 0 1 1 0.25 0 0 0 0 0.388889 0.588235 0.375 0.666667 0.4 0.833333 0.666667 0.777778 0.454545 0.5 0.888889 0.615385 0.388889 0.352941 0.888889 0.125 0.5 0.333333 1 0 0 0 1 0.6 0.333333 0.142857 0.8 0.45 0.333333 0.5 0.333333 0.2 0.666667 0 0 0 0 0 0 0 0 0 0 0 0 0 1 0.83871 0.037037 1 0 0 0 0 0 0.285714 0.333333 0 0 0 0.833333 0.666667 0.0555556 0 0 0 0 1 1 0 0 0 0 0 0 0 0 0 0.645833 0.649485 0.649485 0.278351 0.976744 0.828125 0.746269 0.602941 0.604167 0.344828 0.564103 0.564103 0.564103 0.435897 0.027027 0 0 0.333333 0 0 0 0.25 0.75 0 0.333333 0 0 0 0 0 0 0 0 0 0.283582 0.73913 0.828125 0.19403 0.0833333 1 1 1 1 0.9375 0.9 0.927835 0.927835 0.927835 0.056701 0.463415 0.217391 0.833333 0.6 1 1
0 1 0.166667 1 0.333333 0.176471 0.666667 0 0 0 0.666667 0.4 0.8 0.333333 0.75 0 0 0 0 0 1 0 0 0 0 0 0 0 0 0 0 0 0 0 0 0 0 0 1 0 0 0 0 1 0.83871 0.87037 0.787234 0.00438596 0.5 0 0 0 0 0 0.833333 0.6 0 0 0 0 0 1 0.625 0.746269 0.602941 0.604167 0.344828 0.564103 0.435897 0.891892 0.736842 0.701493 0.666667 0.641791 0.645833 0.0309278 0 0 0 1 0 1 0 0 0 0.5 1 1 0.5 0.25 0.875 0.533333 0.454545 0.564103 0.435897 0.891892 0.0526316 0.285714 0.5 0.2 0 0 0 0 0 0 0 0 0.641791 0.645833 0.649485 0.0412371 1 1 1 0.885714 0.0508475 0.75 0.521739 1 1 1 0.941176 0.840909 0.9 0.927835 0.927835
0 0 0 0 1 0.333333 0.4 0 0.5 0 0 0 0 0 0 0 0 0.2 0.333333 0.5 0.5 0.875 0.2 0.5 0 1 0 0 0 0 0 0 0 0 0 0 0 0 0 0 0 0 0 0 0 0 0 0 0.571429 0 0 0 0 0 0 0 0 0 1 0.0294118 0.333333 0 1 1 0.875 0.5 1 0.25 0 1 0.5 1 0.75 1 0.555556 0.533333 0 1 0 0 0 0 0 0 0 0 0 0 0 0 0 0.645833 0.649485 0.649485 0.278351 0.976744 0.828125 0.746269 0.602941 0.0208333 1 1 0.875 0.9375 0.840909 0.0333333 0.0714286 1 1 1 1 1
0 0 0 0 0 0.5 0 0.2 0.384615 0.8 0 0 0 0 0 0 0 0 0.8 0.333333 0.428571 0.25 1 0.75 0.666667 0.5 0.833333 0 0 0 0.333333 0.6 0 0 0 0 1 1 0.777778 0.83871 0 0 0 0 0 0 0 0 0 0 0 0 1 0.666667 0.641791 0.333333 0.976744 0.828125 0.0149254 0 0 1 0.6 0.5 0.25 0.533333 0.454545 0.435897 0.891892 0.736842 0.0597015 0.375 0.8 0.25 0 0 0 0.5 0.649485 0.649485 0.649485 0.649485 0.649485 0.278351 0.976744 0.828125 0.746269 0.0294118 0.333333 0.5 0 0 1 0.5 0.666667 0.125 0.428571 0.857143 0.701493 0.666667 0.283582 0.73913 0.828125 0.746269 0.0588235 0.75 1 0.875 0.9375 0.840909 0.9 0.927835 0.927835 0.927835 0.927835 0.927835 0.927835 0.927835 0.927835
0 0 0 0 0 1 0 0 0 1 0 0 0 0 0 0 0 0 0.333333 0.666667 0.666667 0.666667 0.2 0.833333 0.8 0.2 0.4 0.5 0.8 0 0 0 0 1 1 0.777778 0.83871 0.037037 1 0 1 1 1 1 0.588235 0.0625 0 0 0 0 0 0 0 0 0 0.602941 0.604167 0.344828 0.564103 0 0 0 0 1 0.75 0.666667 0.444444 0.641791 0.645833 0.649485 0.649485 0.649485 0.649485 0.649485 0.0309278 0 0 0.5 0.333333 1 0 1 0.4 0.333333 0.454545 0.564103 0.564103 0 1 0.5 1 1 0 1 0.142857 0 0 0 0 0 0 0 0 0.645833 0.278351 0.976744 0.109375 0 0 0 1 1 0.9375 0.9 0.927835 0.927835 0.927835 0.0154639 0.928571 0 0 0 0
1 0.333333 0.333333 0.666667 0.333333 1 0.333333 0.25 0.0625 1 1 0 0 0 0 1 0 1 1 0.5 1 0 0 0 0 0 0 0 0 0 0.333333 0.5 0.333333 0 0 0 0.888889 0.615385 0.388889 0.352941 0 0 0 0 0 0 0.333333 0 0 0 0 1 1 1 0.83871 0.037037 1 0 1 1 1 1 0.352941 0.888889 0.125 1 1 1 1 1 1 0.888889 0.1875 0.166667 0.333333 1 1 0.5 0.25 0.266667 1 0.736842 0.701493 0.666667 0.641791 0.645833 0.649485 0.278351 0.976744 0.828125 0.746269 0.602941 0.604167 0.344828 0 1 0.5 1 0.6 0.5 0.25 0.428571 0 0.555556 0.454545 0.538462 1 0.677419 0.608696 0.666667 0.641791 0.645833 0.649485 0.649485 0.278351 0.976744 0.828125 0.746269 0.0588235 0.75 1 0.875 0.9375 0.136364 0.142857 0 0 0 0 0 1 0.840909 0.9
0 0 0 1 1 0.333333 0.571429 0.142857 0.5 0 0 0 0 1 0 0 0 0 0 0 0 0 0 0 0 0 0 0 0 0 0 0.75 0.767544 0.767544 0.767544 0.767544 0.767544 0.767544 0.00438596 0.5 0 0 0 0 0 1 1 1 0 0 0 0 0.388889 0.352941 0 0 0 0 0 0 0 0 0 0 0 1 0 0.2 0.5 0.666667 0 0 0 0 0 0 0 0.666667 0.8 0.625 0.555556 0 0 0 0 0 0 1 0 0 0.5 0.5 0 0.5 0 0 0 0 0 0 0 1 0 0 0 1 0.92 0.0338983 0 1 1 1 0 0 0 0.166667 1 1 0 0.701493 0.666667 0.641791 0.0208333 1 0 0.5 0.5 0 0 0 0 0.435897 0.891892 0.736842 0.701493 0.666667 0.641791 0.645833 0.278351 0.0232558 0.4 0 0 1 0 0 1 1 1 0 0 1 1 1 0 0 1 1 1 0.944444 1 0.9 0.927835
0 0 0 1 0 0 1 1 0.333333 0 0 0 0 0 0 1 0 0 0 0 0 0 0 1 0.767544 0.140351 0.15 0.571429 0.4 1 1 0 0 0 0 0 0 0 0 0 0 0 0 0 0 0 0 0 0 0 0 0 0 0 0 0.25 0 1 0 0 0 0 0 0 0 0 0 0 0 1 0.136364 0.285714 1 1 1 1 1 0.9 0.927835 0.056701 0.463415 0.217391 0.833333 0.6 1 1 1 0.92 0.915254 0.9 0.927835 0.927835 0.927835 0.927835 0.056701 0.195122 0.375 1 1
0 0 0 0 0 1 0.555556 0.333333 0.571429 0.857143 0.25 0 0 0 0 0 0 0 0 0.25 0.5 0.1 0 0 0 0 0 0 0 0 0 0 0 0.75 0.767544 0.767544 0.767544 0.140351 0.675 0.566667 0.809524 0.529412 0.111111 0 1 0.5 0 0 1 0 0 0 0 0 0 1 0.5 0.833333 0.333333 0.5 0.428571 0.75 0.166667 0.375 0.75 0.2 0 0 0 0 0 0 0 0 1 0.75 0.04 0 0.2 1 0 0 0 0 0 0 1 1 0 0 0.5 0.666667 1 0.5 0 1 0 0 0 0 0 0 0 0 0 0 0 0 0 0 0 0 0 1 1 0.92 0.915254 0.0428571 0.928571 0.473684 1 1 1 0 0.833333 0.8 1 1 1 0.941176 0.840909 0.9 0.927835 0.056701 0.463415 0.217391 0.833333 0.6 1 1 1 0.92 0.915254 0.9 0.927835 0.927835 0.927835 0.927835 0.056701 0.195122 0.375 1 1 1
0 0 0 0 0 0 0 0 0 0 0.4 1 0 0 0 0 0 0 0 0 0 0 0 0 0.75 0.767544 0.767544 0.140351 0.675 0.166667 0.6 0.5 1 1 0.333333 0 0 0 0 0 0 0 0 1 0 0 0 0 0 0.75 0.666667 0.5 0 0 0.4 0.333333 0.333333 0 0 0 0.5 1 0.625 0.2 0.333333 0 0 0 0 0 0 0 0.5 0 1 0.8 0.769231 0.602941 0.604167 0 0 0 0 0 0 0 0 0 0 0 0 0 0 0 0 0 0 0 1 0.9375 0.9 0.927835 0.927835 0.927835 0.927835 0.927835 0.927835 0.927835 0.056701 0.463415 0.217391 0.833333 0.4 0 0 0.888889 0.125 1 1 1 1 0.840909 0.9 0.927835 0.927835 0.927835 0.927835 0.927835 0.927835 0.0154639 0 0 0 0 0 0 1 0.840909 0.0333333 0.0714286 1 1 1 1
0 0 0 0 0 0 0 0 0 1 0 1 0 0 0 0 0 0 0 0 0 0 0 0 0.833333 0.767544 0.767544 0.140351 0.125 0 0 0 0 0 0 0.333333 0 0 0.2 0.333333 0 0 0 0 0 0 0 0 0 0 0 0 0 0 0 0 1 1 0 0 0 0 0 0.333333 1 1 0 0 0 0 0 0 0 0 0 0 0 0 0 0 0 0 0 0 0.333333 0 0 0 0 0 0 0 0 0 0 0 0 0 1 0.828125 0.746269 0.264706 0.818182 0.73913 0.701493 0.666667 0.641791 0.0208333 1 1 1 0.114286 0.166667 1 1 1 0.944444 0 0.142857 0 0 0 0 0 1 0.9375 0.840909 0.0333333 0.928571 0.473684 1 1 1 1 0.915254 0.9 0.927835
0 0 0 0 0 0 0 0 0 1 0.75 1 0.666667 1 0.25 0 1 0 0 0 0 0 0 0 0 0 1 1 1 1 0.833333 0.767544 0.0526316 0.3125 0.142857 1 0 0 0 0 0 0 0 0 0 0 0 0 0 0 0 0 0 0 0 0 0 0.5 0.5 0.8 0.307692 0.333333 0.5 0 0 0 0 0 0 0 0 0 0.666667 0.8 0.625 0.333333 0.428571 0.857143 0.701493 0.0694444 0 0 0 0 0 0 0 0 0.4 0 0 0 0 0 0 0 0 1 1 1 0.92 0.915254 0.9 0.927835 0.056701 0.341463 1 1 1 0.944444 1 0.9 0.927835 0.927835 0.927835 0.927835 0.927835 0.927835 0.056701 0.195122 0.375 1 1 1 1 0.9375 0.9 0.927835 0.927835
1 1 1 0.2 0 1 0.375 0.75 0 0 0 0 0 0 0 0 0 0 0 0 0 0 0 0 1 0 0 0 0 0 0 1 0.0526316 0.3125 0.142857 0 0 0 0 0 0 0.333333 0 0.1 0 0 0 0 0 0 0 0 0 0 0 0 0 1 1 0 0 0 0 0 0 0 0 0 0 0 0 0 0.125 0 0 0 0 0 0 0 0 0 0 0 0 0.111111 1 1 1 1 0.0526316 0.571429 0 0 0 0 0 0 0 0 0 0 0 0 1 0.75 0.52 0.117647 1 0.666667 1 0.885714 0.0508475 0.75 0.217391 0.833333 0.6 1 1 1 0.92 0.915254 0.9 0.927835 0.927835 0.927835 0.927835 0.927835 0.927835 0.927835
0 0 0 1 0.6 0.5 0.166667 0 0.4 1 0.75 0.333333 0 0 0 1 0 0.6 0 0 0 0 0 1 0.5 0 0 0 0 0 0 1 1 0.666667 0.767544 0.00438596 0.5 0 0 0 0 0 0.5 1 0.666667 0 0 0 1 0 0 0 0 0 0 0 0 0 0 0 0 0 0 0 0 0.428571 0.5 0.5 1 0 0 0 0 0 0 0 0 0 1 0.666667 0.208333 0.888889 0.125 1 1 1 1 0.840909 0.9 0.056701 0.463415 0.217391 0.833333 0.4 0.5 1 0.909091 0.928571 0.885714 0.0338983 1 0.526316 0.3 1 1 1 0.114286 0.833333 0 0.166667 0 0 0 0.125 0 0 0 1 1 1 0.915254 0.9 0.927835 0.927835 0.927835 0.927835 0.927835 0.927835 0.056701 0.341463 1
1 1 1 1 0.222222 0.857143 0.3 1 0.75 0 0 0.285714 0.4 0.6 0.45 0.0833333 0 0 0 0 0 1 1 0 0 0 0 0 0 0 0 1 0.75 0.140351 0.675 0.566667 0.0952381 1 0 0 0 0 0 0 0 0 0 0 0 0 0 0 0 0.4 0.333333 1 0.105263 0.555556 0.454545 1 0.75 0.04 0 0.5 1 0.5 0 0 1 0 0.166667 1 0 0 0 0 0 0 0 0 1 0 0 0 0.909091 0.928571 0.885714 0.915254 0.9 0.056701 0.463415 0.217391 0 0 0 0 1 0.9375 0.9 0.927835 0.927835 0.927835 0.927835 0.927835 0.927835 0.927835 0.927835 0.927835 0.056701 0.195122 0.625 0.8 1 1 1 0.92 0.915254 0.9
1 1 1 0 0.5 0.5 0.333333 0 0 0 0 0 0 0 1 0.5 0 0 0 0 0 0 0 0 0 0 0 0 0 0 0 0 0.3125 0.714286 0.6 0.333333 1 1 0 0 0 0 0 0 0 0 0 0 0 0 1 0 0 0.8 0.625 0 0 0 1 0.75 0.666667 1 0 0.375 0.8 0.25 0 0 0 0.25 0.25 1 0 0 1 1 0 0.666667 1 0 1 0.909091 0.928571 0.885714 0.915254 0.0428571 0.0714286 1 1 0 0 0 1 1 0.944444 1 0.9 0.927835 0.927835 0.0154639 0.0714286 1 1 1 1 1 0.9 0.927835 0.927835 0.927835 0.927835 0.927835 0.927835 0.927835 0.056701 0.195122 0.375 1 1 1
1 1 1 0.6 0.5 0.166667 0.2 1 0 0 0 0 0 0.5 0 0 0 0 0 0 0 0 0 0 0 1 0.75 0.767544 0.767544 0.767544 0.767544 0.767544 0.767544 0.0219298 1 0.166667 0 0 0 0 0 0 0 0 0 0 0 0 0 0 0 0 0 0 0 0 0 0 0 0 0 0 0 0 0 0 0.818182 0.0869565 0 0 0 0 0 0 0 0 0 0 0 0 0 0 0 0 0 0 0 0 0 0 0 0 0 0 0 0 0 0.466667 0.666667 0.677419 0.26087 0.55 0.541667 0.466667 0.666667 0.677419 0.26087 0.55 0.333333 1 0.24 0.727273 0 1
0 0 0 0 0 0 1 0.125 1 0.142857 0.5 0 0 0 0 0 0 0 1 0 0 0 0 0 0 1 1 1 1 0.83871 0.87037 0.787234 0.767544 0.767544 0.767544 0.767544 0.767544 0.140351 0.675 0.566667 0.809524 0.117647 0.5 1 1 0 0 0 0 1 0 0 0 0 0 0 0 0 0 0 0 0 0 0 0 0 0 0 0 0 0 0 0 0 0 0 0 0 0 0 0 0 0 0 0 0 0 0 1 0 0 0 0 0 0 0 1 0.75 0.666667 0.444444 0.641791 0 0 0 0.5 1 1 0.5 0.230769 0.666667 0.677419 0.608696 0.208333 0.888889 0.1875 0.0833333 0 0 0 0 0 0 0 0.555556 0.454545 0.307692 0.333333 0.818182 0.73913
0 0 0 0 0.5 0.166667 0 0.2 0.333333 0.333333 1 1 1 0 0.333333 0 0 0 0 0 0 0 0 1 1 0.777778 0.83871 0.87037 0.787234 0.767544 0.767544 0.767544 0.0131579 1 0.142857 1 1 0 0 0 0 0 0 0 0 0 0 0 1 0 1 0 0 1 0 0 0 0 0 0 0 0 0 0 0 0 0 0 0 0 0 0 0 0 0 0 0 0 0 0 0 0 0 0 0 0 0 0 0 0 0 0 0 0 0 1 0 0 0 0 0 0.307692 0.333333 0.818182 0.73913 0.701493 0.666667 0.283582 0.73913 0.828125 0.746269 0.264706 0.0909091 0 0 0 0 0 0 0 0 1 0.25 0.0909091 0.5 0.333333 0 0 0 1 0.26087 0.55 0.333333
0 0 0 0 0 0 0 0 0 0 0 0 0.2 0.5 0.5 0.5 0 0 0 0 0 0 0 0 0 0 0 0 0 0 0 0 0 0 1 0 0.87037 0.787234 0.767544 0.767544 0.0131579 0 0 0 0 0 0 0 0 0 0 0 0 0 0.333333 0 1 0 0 0 0 0 0 0 0 0 0 0 0 1 0.5 0 0 0 0 0 0 0 0 0 0 0 0 0 0 0 0 0 0 0 0 0 0 0 0 0 0 0 0 0 0 0 0
1 1 0 0 0 0.5 0.75 0.333333 0 0 0 1 0 0 0 0 0 0 1 0.5 0 0 1 1 1 1 0.777778 0.83871 0.87037 0.787234 0.140351 0.125 0 0 0 0 0 0 0 0 0 0 0 0 1 0 0 0 0 0 0 0 0 0 0 0 0 0 0 0 0 0 0 0 0 0 0 0 0 0 0 0 0 0 0 0 0 0 0 1 0 0 0 0 0 0 0 0 0.666667 0.5 0.466667 0.264706 0.818182 0.73913 0.701493 0.666667 0.283582 0.73913 0.828125 0.746269 0.264706 0.818182 0.0869565 0.333333
1 1 1 0.6 0.5 0 0.5 1 0.5 0 0 0 0 0 0 0 0 0 0 0 0 0 0 0 1 1 0.925926 0.83871 0.87037 0.787234 0.140351 0.125 0.4 1 0.333333 0 0 0 0 0 0 0 0 0 0 0 0 0 0.333333 0 0 0 0 0 0 0 0 0.5 0 0 0 0 1 1 1 0 1 0 0 0 0 0 0 0 0 0 0 0 0 0 0 0 0 1 0.75 0.24 0.777778 0.333333 0
1 1 1 1 0.6 0 0.2 1 0 0 0 0 0 0 0 0 0 0 0 0 0 0 0 0 0 1 1 0.925926 0.83871 0.87037 0.787234 0.767544 0.140351 0.675 0.566667 0.809524 0.529412 0.888889 0.25 0.352941 0.125 0 0 0 0 1 0.666667 0.25 0.25 0.666667 0 0 0 0 0 0.333333 0 0.25 1 0 1 0.666667 0.2 0.333333 0 1 0.6 0 0 0 0 0 0 0 0 0 1 0.828125 0.19403 0.666667 0.0322581 0 0 0 0 0 0 1 1 0.454545 0 0 1 0.2 0 0 0 0 0 0 0 0.666667 0.666667 0.641791 0.333333 0.976744 0.828125 0.746269 0.602941 0.354167 0.947368 0.736842 0.701493 0.666667 0.283582 0.73913 0.828125 0.746269 0.264706 0.818182 0.73913 0.701493 0.666667 0.641791 0.333333 0.976744 0.828125
0 0 0 0 0 0.777778 0.111111 1 0.857143 0.375 0 0 0 0 0 0 0 0 0 0 0 0 0 0 1 0 0.87037 0.787234 0.140351 0.125 0.4 1 0.333333 1 0 0 0 0 0 0 0 0 0 0.5 0 0 1 0 0 0 0 0 0 0 0 0 0.125 0.142857 0 0 0 0 0 0 0 0 0 0 0 0 0 1 0.2 1 1 0.636364 0.666667 0 0 0 0 1 1 0 0 1 0.736842 0.701493 0.666667 0.283582 0.173913 0.4 0 0 0.5 1 0.333333 0.0909091 0.333333 0.25 0.4 0.666667 1 0.608696 0.666667 0.641791 0.645833 0.649485
1 1 0.5 0.111111 1 0.857143 0 0 0 0 0 0 0 0 0 0 0 0 0 0 0 0 1 1 0.87037 0.12766 0.125 0.4 1 0.333333 0 0 0 0.333333 0 0 0 0 1 0.5 0 0 1 0 0 0.5 0 0 0 1 0 0 0.5 0 0 0 0 0 0 0 0 0 0 0 0 0 1 0 1 0.125 1 0.454545 1 0.75 0.52 0 0.888889 0.1875 0.916667 0.24 0.727273 0 1 0.25 0.727273 0.625 0.538462
1 1 0.555556 0.3 0.5 0.1 0.6 0.666667 0.5 0 0 0 0 0 0 0 1 0 0 0 0 0 0 0 1 0 0 0 0 0 0 0 0 0.833333 0.767544 0.767544 0.767544 0.767544 0.767544 0.767544 0.767544 0.767544 0.0219298 1 0.666667 0 0 0 0 0 0 0 0.125 0.5 0 0 0 0 0 0 0 0 0 0 0 0 0 0 0 0.666667 0 0 0 0 0 0 0 0 0 0 0 0 1 0.333333 0 0 0 0 0 0 0 0 0 0 0 0 0 0 1 0 0 0 0 0 0 0 0 0 0 0 1 0.25 0.777778 0.333333 0 0
0.666667 0.777778 0.111111 0 1 0 0 0 0 1 0.5 0 0 0 0 1 0 0 0 0 0 1 0 0 0 0 0 0 0 0 0.666667 0.666667 0 0 1 0 0 0 0 1 0.5 0.2 0 0 0 0 0 0 0 0 0 0 0 1 1 0 0 0 0 0 0 0 0 0 1 0.925926 0.83871 0.87037 0.787234 0.0131579 1 0.142857 0 0 0 0 0 0 0 0 0.666667 0.666667 0.4 0 0 0 0 0 0 0 0.5 0.5 1 0.625 0.1 0.25 0 0 0 0 0 0 0 0 0 0 0 0 0 0 0 0 0 0 0 1 1 1 1 1 0.9 0.0154639 0.928571 0 0 0 0 0 1 0 0 0 0.8 1 1 1 0.92 0.915254 0.9 0.927835 0.056701 0.463415 0 0 0 0 0 0 0 0
0 0 0 0 0 0 0.6 0.2 1 1 0.5 0 0 0 0 0 0 0 0 0 0 0 0 0 0 0 0 0 0 0 0 0 0 0 0.5 0 0 0 0 0 0 0 1 0.333333 0 0 0 0 0 0 0 1 1 0 0 1 1 1 1 1 0.83871 0.0555556 1 0.333333 0.5 0.5 0 0 0 0 0 0 0 0 0 0 0 0 0 0 0 0 0 0 0 0.5 0 1 0 1 0.333333 0.352941 0.625 0.2 1 0.5 0.333333 1 0 0 1 0.5 0 0 0 0 0 1 0 0 0 0 0 0 0.5 0 0 0 0 0 0 0 0 0 0 0 0 0 0 0 0 0 0 0 0 0 0 0 0 0.0526316 0.142857 0 0 0 0 0 1 0.875 0.9375 0.840909 0.9 0.0154639 0.0714286 1 1 1 1 0 0 1 1 1 1 1 0.9
0 0 0 0 1 0 0.5 0.333333 1 1 0.333333 0 0 0 0 0 0 0 0 1 0 0 1 0 0 0 0.5 1 0 1 0 0 0 0 0 0 0 0 0 0 0 0 0 0 0 0 0 0 0 0 0 0 0 1 1 1 0 0.25 0 0 0 0 0.4 0.25 0 0 0 0 0 0 0 0 0 0 0 1 1 1 1 0.83871 0.87037 0.787234 0.140351 0.05 0.5 1 1 0 0 0 0 0 0 0 0 0 0 0 0 0 0 1 1 0.5 1 0.333333 0 0 0 0 0 0 0 0 0 0 0 0.142857 0 0 0 0 0 0 0 0 0 1 1 0.5 0 0 0 0 0 0 0 0 0 0 0 0 0 0 0 0 0 0 0 0 0 0 0 0 0 0 0 0 0 0.6 0 0 0 0 0 0 0 0 0 0 0 0 0.463415 0.26087 0.166667 0 0 0 0.875 0.9375 0.840909 0.9 0.927835 0.927835 0.927835 0.927835 0.927835 0.927835 0.927835 0.927835 0.927835 0 0 0 0 0 0 0 0 1 1
0 0 0 0 0 0 0 0 0 0 0 0 0 0 0 0 0 0 0 0 0 0 0 1 0 1 0 0 0 0.333333 0 0 0.25 0.5 0 0 0 0 0 0 1 1 0 0 0 0 0 0 1 0 0 0 0 0 0 0 0 0 0.666667 0.333333 0.5 0.5 0 0 0 1 1 0 0 1 0 0 0 0 0 0 0 0 1 0.777778 0.83871 0.87037 0 1 0.142857 1 0 0 0 0 0 0 0 0 0 0 0 0 0 0 0 0 0 0 0 0 1 0.25 0 0 1 0 0 0 0 0 1 0 0 0 0 0 0 0 0 0 0 0 0 0 0 0 0 0 0 1 0.9375 0.9 0.0154639 0 0 0 0 0 0 0 0 0 1 1 0 0 1 1 0 0 0 1 1 1 1 0.9 0.927835 0.927835 0.927835 0.927835 0.927835
1 1 1 1 0.125 0 1 0.5 0 0 0 0 0 0 0 1 1 1 0 0 0 0.2 0.333333 0 0 0 0 0 0 0 0 0 0 1 0.5 0 0 0 0 0 0 0 0 0 0 0 0.333333 1 1 0.5 0 0 1 0 0 0 0 0 0 0 0 0 0 0.5 0 0 0 0 0 0 0 0 1 1 0.83871 0.87037 0.787234 0.0526316 0.5625 0.5 0 0 0 0 0 0 0 0 0 0 0 0 0 0 0 0 0 0 0 0 0 0 0 0 0 0 0 0 0 0 0 0 0 0 0 0 0 0 0 1 0 0 0 0 0 0 0 0 0 0 0 0 0 0 0 0 0.842105 0.0666667 0.341463 1 1 1 0.944444 1 0.9 0.927835 0.927835 0.927835 0.927835 0.927835 0.927835 0.0154639 0.0714286 1 1 1 1 1 0.9
0 0 0 0 0 0 0.5 0.6 0.666667 0.6 0.333333 0 0 0 0 0 0 0 0 0 0 1 1 0 0 0 0 0 0 0 0 0 0 0 0 0 0 0.5 0 0 0 0 0 0 0 0.285714 0.333333 1 1 0 0 1 1 1 0 0 0 0 1 0.25 0 0 0 0 0 0 0 0 0 0 0 1 1 1 0.925926 0.83871 0.87037 0.787234 0.0526316 0.5625 0.333333 0.5 0.5 0 0 0 0 0 0 0 1 1 0 0 0 1 1 1 0 0 0 0 0 0 0 0 0 0 0.5 0 1 0.1 1 1 0.375 0.333333 0.285714 0.6 0.333333 0.5 0 0 0 0 0 0 0.5 0 0 0 0 0 0 0 0 0 0 0 0 0 0 0 0 0 0 0 0 0 0 0 0 1 1 0.840909 0.0666667 0.341463 1 1 1 0.944444 1 0.0333333 0.0714286 1 1 1 1 1 0.9 0.927835 0.927835 0.927835
1 1 0 0 0 1 1 1 1 0.5 1 0.5 1 0 0.75 0.4 0.333333 1 0 0 0 0 0 0 0 1 0 0 0 0 0 0 0 0 0 0 1 0.625 0.2 0 0 0 0 0 0 0 0 0 0 0 0 0 0 0 0 0 1 0 0 0 0 0 0 0 0 0 0 0 1 0 0 0 1 1 1 1 1 0.925926 0.83871 0.87037 0.12766 0.05 0.5 0 0 0 0 0 0 0 0 0 0 0.5 1 1 0 0 0 0 0 0 1 0.25 1 0 0 0 0 0 1 0 0 0 0 0 0 0 0 1 0 1 0 0 0 0 0 0 0 0 1 1 1 0.842105 0.9 0.0154639 0.928571 0 0 0 0 0 1 1 0.840909 0.9 0.056701 0.195122 0.625 0 0 0 0 0 0.75 1 0.875 0.9375 0.840909 0.9 0.0154639 0.0714286 1 1 1 1
1 1 0.5 0.111111 1 0.857143 0.25 0 0 0 0 0 0 0 0 0 0 0 0 0 0.5 0 0 0 0 0 0 0 0 0 0 0 0 0 0 0 0 0 1 0.5 0.5 1 0.0625 0.333333 0.333333 1 0.5 0 0 0 0 0 0 0 0 1 1 1 0.83871 0.87037 0.12766 0.675 0.566667 0 0 0 0 1 0 0 0.666667 0.4 0 0 0 0 0 0 0 0 0 0 0 0 0 0 0 0.5 0 0 0 0 0 0.4 0.5 0.5 0 0 0 0 0 0 0 0 0 0 0 0 0 0 0 0 0 0 0 0 0 0 0 0 0 0 0 0 0 0 0 0.217391 0.833333 0.4 0 0 0.0746269 1 1 1 0.885714 0.915254 0.9 0.927835 0.056701 0.463415 0.26087 0.166667 1 1 1 0.9375 0.840909 0.9 0.927835 0.927835
1 1 1 0.6 0.5 0.333333 0.857143 0 0 0 0 0 0 0 0 0 1 0.333333 0.5 1 0.5 0 0 0 1 0 0 0 0 0 0 0 0 0 0 0 0.666667 0 1 0 0 0 0 0 0 0.428571 0.6 0.25 0 1 0.75 0 0 1 0.5 1 1 0 0 1 0.925926 0.83871 0.87037 0.12766 0.675 0.566667 0.809524 0.529412 0.888889 0.25 0.352941 0.625 0.2 0 1 0.5 0 0 0 0 0 0 0 0 0 0 0 0 0 0 0 0.5 0 0 0 0 0 0 0 0 0 0 0 0 0 0 0 0 0 1 0 0 1 0 0 0 0 0 0 0 0 0 0 0 0 0 0 0 0.0154639 0.0714286 1 1 1 1 1 0.9 0.0154639 0 0 0 0 0 0 1 0.92 0.915254 0.9 0.927835 0.927835 0.056701 0.463415 0.26087 0.166667 1
0 0 0 0 0 0 0 0 0 0 0 0 0 0 0 0 0 0 0 0 0 0 0 0 0 0 0 0 0 0 0 0 0 0 0 0 0 0 0 0 0 0 0 0 0 0 0 0 0 0.5 1 0 0 0 0 0 0 0 0 1 0 1 0 0 0 0 0 1 0.925926 0.83871 0.037037 1 0.142857 0 0 0 0 0 0 0 0 0 0 1 1 0.333333 0 0 0 0 0 0 0 0 0 0 1 0 0 0 0 0 0 0 0 0 0 0 0 0 0.5 0 0 0 0 0 0 0 0 0 0 0 0 0 0.5 0.111111 0.888889 0 0 0 0 0 0 0 0 0 1 1 0.9375 0.0428571 0 0 0 0 0 0 0 1 1 1 0.9375 0.9 0.927835 0.056701 0.463415 0.521739 1 1 1 0.941176 0.840909 0.9 0.927835
1 1 1 0.6 0.5 0.333333 0.142857 0 0 0 0 0 0 0 0 0 0 0 0 0 0 0 0 0 0 0 1 0.83871 0.87037 0.787234 0.767544 0.767544 0.0526316 0.5625 0.166667 0.75 0 0 0 0 0 0 0 0 0.25 1 0.666667 0.75 0 0 0 1 1 0 0 0 0.666667 0.5 1 0.333333 0.5 0.75 0.666667 0 0 0 1 0.25 0 0.5 0.5 1 0.75 1 0.333333 0.428571 0.142857 0.571429 0.333333 1 0.25 0 1 0.666667 1 0.046875 0.166667 1 1 0.5 0.5 0 1 0.105263 0.555556 0.454545 1 0.75 0.52 0.882353 0.641791 0.645833 0.278351 0.976744 0.015625 1 1 1 1 0.840909 0.9 0.927835 0.927835 0.927835 0.927835 0.927835 0.927835
0 0 0 0 0 0 0 0 0 0 0 0.5 0.5 0.333333 0.5 0 0 0 0 0 0 0 0 0 0 0 1 1 1 0.83871 0.87037 0.12766 0.675 0.566667 0.809524 0.352941 0.666667 0.75 0.5 0.8 0.142857 0.8 0.666667 0.625 0.142857 0 0 0 0 0 0 0 0 0 0 0 0 1 0.285714 0.375 0.4 0.352941 0.333333 0.75 0.666667 0.142857 0 0 0 0 0 0 0 0 0 0 1 0.333333 1 1 0.0149254 1 1 0.666667 0.8 0 0 0 0 0 0 0 0 0 0 0 0 0 0 0 0 0.666667 0.5 0.466667 0.264706 0.818182 0.73913 0.0597015 1 0.909091 0.928571 0.885714 0.915254 0.9 0.927835 0.927835 0.056701 0.463415 0.521739 1 1 1 0.941176 0.840909 0.9 0.927835
0 0 0 0 1 1 1 0 0.5 0.6 0.666667 0.4 0 0 0 0 0 0 0 0 0 0 0 0 0 0 1 1 0 0.666667 0.767544 0.767544 0.0131579 1 0.571429 0.2 0 0 0 0 0 0 0 0 0 0.333333 0.666667 0 0 0 0 0 0 0 0 0 1 0 0.5 0 0 0 0 0 0.5 0.444444 0 0 0 0 1 0.6 0.833333 0.375 0.727273 0.625 0.307692 0.166667 0.333333 0.5 1 0.4 0 0 0 0 0 0 0 0 0 0 0 0.608696 0.666667 0.641791 0.645833 0.278351 0.976744 0.828125 0.0149254 1 1 0.666667 0.8 0.5 0.333333 0.545455 0.891892 0.736842 0.701493 0.666667 0.641791 0 0 0 0 0 0 0 0 0 0 0 0 0 0 0 0 1 1 0.105263 0 0.625 0.2 0 0 0 0.0666667 1 1 1 0.9375 0.840909 0.9
0 0 0 0 0 0 0.4 0.1 0.5 0 0 0 0 0 0 0 0 0 0.333333 0 0 0.5 0 0 0 0 0 1 1 1 1 0.83871 0.87037 0.787234 0.0526316 0 0 0 0 0 0 0.75 0.767544 0.767544 0.767544 0.140351 0.675 0.566667 0.809524 0.529412 0.888889 0.25 0.352941 0.333333 0 0 0 0 0 0.5 0.5 0 1 0 0 1 0 0 0 1 0.666667 0.142857 0 0 0 0 0 0 0.166667 0.538462 0 0 0 0 0 0 0 0 1 1 1 0 0 0 1 0.736842 0.0597015 0 0 0 0 0 0 0 0 0 0 0.5 0.746269 0.264706 0.818182 0.73913 0.0597015 1 0.909091 0.928571 0.885714 0.0508475 0.75 0.521739 1 1 1 0.941176 0.840909 0.9 0.927835 0.0154639 0.928571 0.473684 1 1 1 1 0.915254
1 1 1 1 1 1 0 0 0 0 0 1 1 0 0 0 0 0 0 1 1 0.125 0.5 1 0 0 0 0 0 0 0 1 1 0.8 0.75 0.767544 0.767544 0.767544 0.767544 0.00438596 0.5 1 0 0 0 0 1 0.666667 0.285714 0.0909091 0.5 1 0 0.666667 0.285714 0.6 0 1 0.666667 0.166667 0 0 0 0 0 0 0.666667 0.5 0 0 0 0.5 0 0 0 0 0 0 0 0 0 0 0 1 1 0 0.333333 0 0.5 1 1 0.714286 0.875 0.533333 0.454545 0.564103 0.435897 0.891892 0.105263 0 0 0 0 0 0 0 0 0 0 0 0 1 0.625 0.333333 0.976744 0.828125 0.746269 0.602941 0.604167 0.344828 0.435897 0.891892 0.736842 0.701493 0.666667 0.641791 0.645833 0.649485 0.0412371 1 1 1 0.114286 0.833333 0 0.166667 1 1 1 0.9375 0.840909 0.9 0.927835 0.056701 0.195122 0.625 0.2 1 1 1 0.928571 0.885714
1 0.833333 1 0.555556 0.5 0.6 0.2 0 0 0 0 0 1 0.833333 1 1 1 0.83871 0.87037 0.787234 0.767544 0.767544 0.767544 0.0526316 0.3125 0.714286 0.6 0.666667 0.5 1 0.4 0.352941 0 0 0.5 0 0 0 0 0 0 0 1 1 1 0 0 0 0 0 0 0 0 0 0 0 0 0 0 0 0 0.5 0.5 1 0.2 0.666667 0.5 1 0 0 0 0 0 0 0 0 0 0 0 0 0 0 0 0.5 0 0 0 0 0 1 0 0 1 0.105263 0.111111 1 1 1 1 0.842105 0.9 0.927835 0.927835 0.056701 0.195122 0.375 1 1 1 1 0.9375
0 0 0 0 0 0 0 0 0 0 0 0 0 0 0 0 0 0 0 0 0 0 0 0 0 0 0 0 0.5 0 1 0.767544 0.767544 0.0526316 0.3125 0.714286 0.6 0.666667 0.5 1 0.4 0.352941 0.333333 0.75 0 0 0.5 1 1 0.571429 1 0.318182 0.0625 1 0 0 0 0 0 0 0 0 0 0 0 0 0 0 0 0 0 0 0 0 0 0 0 0 0 0 0 0 0 0 0 1 0 0 0 0 0 0 0 0 0 0 0 0 0 0 0 0 1 0.736842 0.701493 0.208333 0.888889 0.1875 0 0 0 1 1 0.9375 0.9 0.927835 0.056701 0.463415 0.217391 0.833333 0.6 1 1 1 0.92 0.915254 0.9 0.927835 0.927835 0.927835
1 1 0.555556 0 0 1 0 0 0 0 0 0 0 0 0 0 0 0 1 1 0.777778 0.83871 0.87037 0.787234 0.0526316 0.125 0.5 0 0 0 0 0 0 0 0 0 0 0.5 0.5 0.666667 0.5 0 0 1 0 0.5 0 0 0 0 0 0 0 0 0 0 0 0 0.8 0.5 0.333333 0.545455 0.891892 0.736842 0.701493 0.208333 0.888889 0.1875 0.916667 0 0.333333 0.5 1 0.25 0 0 0 0 0 0 0 0 0 0 0 0 1 0.435897 0.891892 0.736842 0.701493 0.666667 0.641791 0.333333 0.976744 0.828125 0.0447761 1 1 1 0.9375 0.840909 0.9 0.056701 0.341463 1 1 1 0.944444 1 0.0666667 0.341463 1
0 0 0 0 0.5 0 0 0 0 0 0.5 0 0 0 0 1 0.666667 0 0 0 0 0 1 1 0.925926 0.83871 0.87037 0.787234 0.140351 0.675 0.566667 0.809524 0.529412 0 0 0 0 0 0 0 0 0 0 0 0 0 0 0 0 0 0 0 0 0 0 0 0 0 0 0 0 0 0 0 1 0 0 0 0 0.666667 0.5 0.25 0.428571 0.857143 0.0597015 0.625 0.5 1 0.5 0 0 1 0 0.166667 0.333333 1 0 0 0 0 0 0 0 0 0 1 0 0 0 1 1 0.0625 0 0.375 1 1 1 1 0.9375 0.9 0.927835 0.927835 0.927835 0.927835
0 0 0 0 1 0.3 0.166667 0.2 0 0 0 0 0 0 0.375 0.333333 0.285714 0.4 0.6 0.45 0.333333 0.2 0 0 0 0 1 1 0.925926 0.83871 0.87037 0.787234 0.140351 0.675 0.566667 0.0952381 1 0 0 0.333333 0.666667 0 0.25 0.666667 0.6 1 0.8 0 0 0.166667 0 0 0 0 0 0 0 0 1 0 0 0 0 0 0 0 0 0.5 1 0.1 1 1 1 1 0 0 0 0 0 0 1 0.3 0.777778 0.0322581 0 0 0 0 0 0 0 0 0 1 0.842105 0.9 0.927835 0.927835 0.927835 0.927835 0.927835 0.927835 0.927835 0.927835 0.927835 0.927835 0.927835 0.927835 0.927835
