-13.81551
-13.45194
-13.81551
-13.81551
-13.72023
-13.81551
-13.81551
-13.71005
-13.36220
-13.81551
-13.81551
-13.81551
-13.81551
-13.67454
-13.81551
-13.81551
-13.81551
-13.29417
-13.81551
-13.81551
-13.81551
-13.81551
-13.81551
-13.71005
-13.81551
-13.69641
-13.57935
-13.81551
-13.55236
-13.81551
-13.81551
-13.81551
-13.81551
-13.81551
-13.81551
-13.81551
-13.57313
-13.81551
-13.81551
-13.81551
-13.81551
-13.81551
-13.81551
-13.81551
-13.72088
-13.81551
-13.81551
-13.81551
-13.81551
-13.81551
-13.81551
-13.69325
-13.81551
-13.47578
-13.81551
-13.81551
-13.81551
-13.81551
-13.81551
-13.38378
