-1.39803
-1.33867
-1.47963
-1.33055
-1.25131
-1.29265
-1.25661
-1.20223
-1.19299
-1.21642
-1.12745
-1.19192
-1.22831
-1.24975
-1.12372
-1.05313
-1.21034
-0.98869
-1.15433
-1.04210
-1.23989
-1.24367
-1.24658
-1.16523
-1.29634
-1.21460
-1.28666
-1.22679
-1.15331
-1.20711
-1.38138
-1.36951
-1.40198
-1.52223
-1.45858
-1.41808
-1.15575
-1.26984
-1.36021
-1.38653
-1.43019
-1.37305
-1.61085
-1.44701
-1.38998
-1.35403
-1.32061
-1.38022
-1.48743
-1.32776
-1.12266
-1.22020
-1.26513
-1.19072
-1.19909
-1.27962
-1.44939
-1.25059
-1.22738
-1.15903
