-13.81551
-12.92512
-13.81551
-13.25262
-13.34877
-13.55967
-13.52769
-13.19691
-12.75651
-13.12983
-13.52363
-13.81551
-13.81551
-13.27522
-13.55290
-13.57935
-13.81551
-12.92828
-13.81551
-13.37186
-13.81551
-13.34982
-13.52769
-13.31202
-13.81551
-12.88674
-13.23986
-13.81551
-12.81248
-13.20014
-13.81551
-13.81551
-13.81551
-13.81551
-13.81551
-13.81551
-12.88025
-13.81551
-13.81551
-13.81551
-13.81551
-13.81551
-13.59851
-13.81551
-13.16646
-13.81551
-13.81551
-13.71822
-13.81551
-13.63492
-13.55728
-13.10092
-13.81551
-13.15237
-13.04205
-13.67872
-13.58525
-13.81551
-13.54983
-12.97904
