-13.81551
-13.63252
-13.81551
-13.81551
-13.81551
-13.81551
-13.81551
-13.81551
-13.54294
-13.81551
-13.81551
-13.81551
-13.81551
-13.81551
-13.81551
-13.81551
-13.81551
-13.42078
-13.81551
-13.81551
-13.81551
-13.81551
-13.81551
-13.81551
-13.81551
-13.81551
-13.69641
-13.81551
-13.68267
-13.81551
-13.81551
-13.81551
-13.81551
-13.81551
-13.81551
-13.81551
-13.69325
-13.81551
-13.81551
-13.81551
-13.81551
-13.81551
-13.81551
-13.81551
-13.81551
-13.81551
-13.81551
-13.81551
-13.81551
-13.81551
-13.81551
-13.81551
-13.81551
-13.58716
-13.81551
-13.81551
-13.81551
-13.81551
-13.81551
-13.52466
