32.63448
60.93976
15.06207
55.36842
47.88050
40.29480
55.69677
64.51724
88.04217
58.73026
24.45752
6.88571
10.45139
41.91964
27.90123
32.31250
10.13274
68.59167
35.63710
22.43284
25.82927
56.35000
42.70323
78.86897
22.98551
70.64615
46.51145
50.19697
76.46219
65.33058
17.88696
16.99231
13.42537
8.02885
10.73333
6.93333
20.44531
12.50459
5.11364
19.11966
19.54967
11.47590
36.48020
30.50000
38.56875
21.43353
17.06587
27.48366
26.62581
20.42683
54.07627
35.50394
18.14384
28.53677
27.70588
32.02679
41.09160
21.72807
36.11304
91.63636
