103.44218
142.45238
75.97279
135.17778
120.18634
117.14286
137.94904
146.63265
177.86905
147.46753
86.40000
72.13084
69.83562
96.10526
84.00000
104.68462
74.11304
151.18033
104.33333
90.91912
82.11446
140.08824
113.91083
177.10204
88.69286
159.02273
112.86466
126.00746
178.25620
160.39837
53.93162
53.67424
42.47794
26.10377
36.94393
28.89130
65.87692
50.63964
33.75556
48.03361
84.96732
61.26786
85.77451
77.03529
100.05556
74.18857
74.95266
82.92903
86.91083
74.46988
123.28333
99.57364
75.89189
102.66667
90.56129
98.17544
104.64662
89.89655
97.05983
170.81250
