0 1 2 0 0 1 1 0 0 0 0 0 0 0 2 2 2 0 0 0 0 0 0 0 0 0 0 1 0 0 2 3 5 5 0 0 1 0 0 0 0 1 2 1 6 4 5 3 2 0 0 0 0 0 0 0 0 1 0 0 0 0 1 1 1 0 0 0 0 1 0 0 0 0 0 1 1 2 6 1 1 0 2 0 0 0 0 0 0 0 0 0 1 4 48 29 0 0 0 0 0 0 0 0 0 1 0 0 0 0 45 66 658 658 658 41 23 6 4 4 2 72 18 0 2 10 16 19 66 658 658 658 41 17 19 20 20 17 66 14 3 4 5 5 5
3 0 0 0 0 0 2 0 0 0 0 0 0 0 0 0 0 0 5 1 2 4 1 2 0 0 0 0 0 0 3 3 2 0 0 0 0 0 0 5 2 2 9 8 18 5 20 2 0 1 0 1 1 2 3 3 2 0 0 1 0 4 5 3 0 0 0 0 0 0 0 0 0 0 0 0 0 0 0 0 0 0 0 0 0 0 0 0 0 0 0 0 0 0 0 0 0 0 0 0 14 2 1 4 5 5 0 1 19 20 20 17 66 658 658 41 17 0 0 0 0 0 5 2 3 4 5 5 0 1 19 20 20 17 3 8 5 1 1 1 14 35 62 74 41 8 5 1 1 1 14 35 62 74 658 658 658 658 658 658 658 658 658 658 658 658
1 6 1 0 0 0 0 0 1 0 0 0 0 0 0 0 2 2 0 0 0 0 0 2 1 5 4 4 10 5 0 0 2 0 0 0 0 1 1 1 1 0 0 0 3 5 2 0 0 1 2 5 4 1 0 1 0 0 0 0 0 0 0 0 0 0 0 0 0 0 0 0 0 0 0 3 1 0 0 0 0 0 0 0 0 0 0 0 0 0 0 0 0 0 0 1 1 0 0 0 1 0 0 0 0 0 0 0 3 20 25 62 74 14 19 10 6 4 2 68 4 3 8 16 45 66 658 41 23 6 1 0 0 8 16 45 7 19 9 9 9 9 62 74 658
0 0 1 1 2 1 1 1 0 0 0 0 0 0 0 0 0 1 1 1 2 2 1 1 0 0 0 1 8 6 5 5 6 3 5 2 0 0 0 0 0 0 0 1 0 0 0 1 0 0 0 0 1 0 0 0 0 2 2 0 0 0 0 0 0 0 0 1 0 0 0 0 0 0 1 1 1 0 1 2 0 0 0 0 0 0 0 0 0 0 0 0 0 23 72 18 16 4 11 13 14 45 66 658 658 658 41 8 5 4 4 4 25 62 74 658 658 14 19 10 6 4 2 11 13 14 45 66 658 658 658 658 658
1 0 0 0 0 0 2 2 6 2 1 7 4 9 5 4 8 6 2 0 1 2 1 0 1 1 0 0 0 1 1 0 3 3 0 2 1 0 0 3 2 1 0 0 1 0 0 1 0 1 0 0 0 0 0 0 0 0 0 0 0 0 0 0 0 1 2 4 2 1 7 4 0 0 0 0 0 1 4 2 4 2 1 2 1 1 0 0 0 0 13 8 31 0 1 1 0 0 0 0 0 0 1 0 31 23 20 24 9 25 3 3 20 25 62 2 19 0 0 0 0 6 8 16 45 66 658 658 41 23 6 4 4 2 14 20 25 62 2 19 10 2 0 0 67 5 6 8 16 45 66 658 658 658 658 658 658 658 658
1 0 1 1 0 0 0 0 0 0 0 0 1 2 1 0 1 0 0 0 1 1 1 1 6 1 1 1 8 4 3 9 5 8 5 9 10 17 16 8 15 2 1 2 0 0 0 0 4 4 4 3 2 6 2 0 0 0 0 0 1 1 0 3 3 0 0 0 0 18 5 0 0 0 0 0 2 0 0 0 0 0 0 0 0 0 1 0 6 3 3 8 2 8 11 0 0 0 1 1 0 1 0 1 1 0 0 0 0 0 0 0 0 0 0 0 0 0 0 13 14 45 66 658 658 658 14 1 2 2 2 2 19 7 19 0 0 0 0 13 14 45 3 23 6 4 4 2 72 18 16 12 25 3 3 20 25 62 74 658 41 8 3 3 3 3 16 74 658 658 658 658 658
0 0 0 0 0 0 0 0 0 0 0 1 1 0 1 1 1 0 1 7 1 1 1 0 2 5 13 6 2 2 2 1 0 1 0 1 1 0 0 0 0 0 0 0 0 0 0 0 2 1 1 2 3 9 5 3 0 0 0 0 0 0 1 1 0 0 0 0 1 0 0 0 0 0 0 0 0 0 0 1 1 0 0 0 0 0 0 0 1 0 0 1 0 0 0 0 0 0 0 0 0 0 0 1 0 0 0 1 0 0 15 5 6 8 16 45 66 658 658 14 3 4 5 5 5 74 658 658 14 19 0 0 0 0 6 8 16 45 66 14 19 9 9 9 9 62 74 658 658 658 658 658 658 658 658
0 1 0 0 0 0 3 1 3 2 3 6 0 2 5 1 1 1 4 6 5 1 1 1 0 0 1 3 1 0 0 2 1 0 0 0 0 0 1 1 2 2 2 1 0 1 0 2 2 1 5 3 0 1 0 1 2 0 1 9 5 5 3 5 4 14 4 2 0 0 0 0 0 0 1 1 1 0 0 0 0 0 0 0 0 0 3 72 0 0 0 0 0 0 0 0 0 3 23 6 4 4 2 14 20 25 62 74 658 658 658 658 658 658 658 41 23 6 4 4 2 6 11 14 35 62 2 19 0 0 0 0 0 0 0 20 20 17 66 658 658 658 658 658 658
0 0 1 1 1 1 0 0 0 0 1 0 0 0 1 0 0 0 1 1 1 0 1 1 6 7 4 4 0 0 1 0 0 0 1 0 1 1 1 1 1 0 0 2 1 1 0 0 0 0 2 0 0 0 0 0 0 0 0 1 0 2 2 0 0 0 0 0 0 0 0 0 0 1 0 4 4 2 10 1 1 0 0 0 0 0 1 0 0 0 1 0 1 0 0 0 0 0 0 0 0 0 0 0 0 0 0 1 14 45 3 23 6 5 0 0 7 8 3 3 20 25 62 74 658 658 658 14 19 10 6 4 2 68 48 1 5 8 16 45 66 658 658 14 3 4 5 5 5 74 658 658 658 658 658 658 658 658 658 658 658 658 658 658 658 658
0 0 0 0 0 0 4 6 20 2 2 1 1 0 0 0 0 2 0 0 0 0 0 0 0 6 12 17 9 8 2 1 0 0 0 0 5 1 4 5 4 8 4 3 1 1 2 0 1 0 0 0 0 1 3 2 0 0 0 0 0 0 0 1 22 1 0 3 1 0 0 1 0 0 1 1 0 0 0 0 0 1 2 2 1 0 0 0 0 0 0 0 0 0 0 0 0 0 3 3 20 25 62 74 41 23 6 4 4 2 6 11 14 35 62 2 1 0 0 0 0 8 16 45 3 8 5 4 4 4 25 62 74 41 17 19 20 20 17 66 658 658 658 658 658 658 658 658 658 658 658 658
0 2 6 16 14 7 4 4 2 3 1 2 2 0 0 1 2 0 0 0 0 5 2 2 2 0 1 1 4 2 1 0 0 2 2 2 9 8 4 5 4 2 0 0 1 0 0 0 0 1 1 9 62 0 0 1 1 0 0 1 1 1 0 2 4 17 16 1 1 0 1 2 2 7 4 0 0 0 0 0 0 0 4 3 1 4 2 0 0 0 18 17 16 1 1 0 0 0 1 6 4 64 67 24 31 1 6 2 1 5 7 8 15 11 39 39 39 39 1 4 3 5 3 4 10 9 67 48 97 97 97 97 6 12 19 35 62 74 41 23 6 4 4 2 6 11 14 35 62 74 658 658 658
0 8 5 2 2 1 1 7 4 22 7 4 2 7 3 1 1 0 1 1 0 7 2 0 2 2 1 1 3 10 20 12 10 5 2 3 6 0 0 0 0 0 1 1 54 2 30 21 17 9 8 0 0 0 0 8 11 20 24 1 3 2 2 4 1 4 64 12 1 0 1 3 1 0 2 2 5 8 8 0 0 0 0 0 0 0 6 8 16 45 3 8 3 3 3 3 16 4 8 3 3 3 3 16 74
0 6 3 12 17 8 1 0 2 3 4 4 10 9 5 5 20 5 3 0 0 6 5 3 2 9 0 0 1 1 1 0 0 0 0 0 2 1 5 4 0 0 0 1 1 9 62 54 47 3 7 2 1 1 0 0 0 0 0 0 0 0 6 0 0 0 0 0 1 1 3 1 0 0 0 1 1 0 1 67 0 4 3 4 4 1 0 0 0 0 0 0 0 1 11 39 39 39 39 39 1 4 5 5 4 1 4 97 97 0 0 0 1 1 0 1 3 72 67 48 43 64 12 0 0 2 7 16 2 1 0 0 0 0 4 11 14 35 62 74 41 17 19 20
1 17 6 4 0 0 1 1 1 2 2 2 0 3 4 4 17 9 0 0 1 2 1 1 0 0 0 0 0 0 1 2 3 10 20 5 4 5 6 0 0 0 1 1 9 62 54 2 7 5 3 2 0 1 0 0 0 1 1 3 6 2 2 2 0 0 0 0 0 1 1 2 3 1 1 0 0 0 0 0 0 0 0 0 0 2 7 5 4 7 67 72 67 23 2 2 10 16 19 66 658 658 658 658 658 658 41 23 6 0 0 0
0 5 0 1 3 2 1 1 1 5 2 2 0 1 2 3 2 1 4 3 0 1 1 4 2 0 0 0 18 17 16 6 10 6 15 18 22 16 9 13 18 17 9 8 4 3 1 1 0 0 2 5 3 7 5 20 12 10 9 5 3 2 0 0 0 0 0 14 0 0 0 0 0 0 2 62 54 2 7 1 0 0 0 7 3 1 2 0 6 15 18 5 0 0 0 1 1 1 0 0 0 0 0 0 0 0 48 97 97 97 43 64 67 68 48 29 39 39 39 39 37 2 0 3 2 0 0 4 4 4 3 4 1 0 0 0 0 0 0 1 67 23 64 67 24 2 2 3 7 16 74 658 658 658 658 41 23 6 5 3 3 20
0 2 6 1 3 17 3 2 0 3 6 5 5 6 4 5 5 0 1 0 1 3 3 1 0 1 1 0 0 0 1 0 5 5 0 1 0 0 1 2 0 0 0 2 62 54 47 228 2 1 0 0 0 0 6 5 4 0 1 0 0 1 8 67 68 48 29 39 39 37 57 67 72 67 48 97 4 0 2 2 5 1 9 3 0 2 1 1 2 4 8 15 11 39 39 37 57 7 2 5 1 0 0 0 0 1 0 1 67 48 97 97 6 12 19 35 62 4 23 16 16 17 18 45 66 658 658 658
0 2 0 0 1 3 5 2 2 2 0 0 0 0 0 0 0 5 3 2 16 8 15 4 3 1 1 0 0 1 0 0 0 0 0 0 0 0 0 0 0 0 0 0 0 0 0 0 7 5 0 0 0 0 0 0 0 0 1 68 3 2 2 5 8 8 4 8 12 1 2 1 4 4 9 15 11 1 4 3 0 0 0 0 1 0 0 0 0 0 0 48 97 97 97 43 64 67 68 48 1 5 8 16 45 66 14 3 4 5 5 5 74
0 1 1 1 1 2 1 5 13 5 6 4 0 0 0 1 0 5 5 6 7 4 4 4 6 4 6 5 2 1 9 5 5 0 0 0 1 1 9 62 54 0 1 0 0 0 0 0 0 0 0 0 1 72 67 48 43 64 67 1 3 2 5 6 4 15 11 39 37 57 67 8 5 4 2 0 0 4 97 97 97 97 97 97 43 64 67 68 3 2 3 0 1 2 3 8 7 7 67 72 67 23 64 67 68 4 3 8 16 45 66 658 658 658 658 658 658 658 658 658
0 1 0 0 1 3 3 1 0 1 1 0 0 0 0 0 0 0 6 3 3 6 5 6 10 20 5 4 5 6 0 0 0 1 1 9 62 54 2 7 1 1 1 1 17 16 1 0 1 0 0 0 0 0 0 68 48 29 39 39 1 0 0 1 4 3 9 67 48 97 97 97 97 97 97 4 0 2 3 5 5 1 5 3 11 39 39 39 1 4 2 5 8 1 7 4 0 0 0 0 0 0 0 48 97 43 64 12 0 0 2 7 16 74 658 658 658 658 14 19 0 0 0 0
1 6 3 3 3 3 3 4 16 1 1 2 0 0 0 1 1 1 1 2 1 1 1 1 0 1 1 0 0 4 6 2 3 4 1 0 9 13 18 17 9 0 2 2 1 0 3 3 0 0 0 2 4 18 62 54 2 7 1 1 1 1 17 9 8 1 1 1 1 1 1 18 16 6 3 1 2 6 4 15 5 57 67 72 67 48 97 97 43 64 67 68 48 29 39 1 4 3 5 6 4 7 7 9 11 13 8 31 23 72 67 48 97 97 97 43 64 67 68 4 3 8 16 45 7 1 0 0 0 0 14 45 66 658
0 0 0 1 1 6 7 7 2 1 0 0 0 1 2 0 0 0 0 0 1 0 0 0 0 0 0 0 0 1 0 8 228 228 228 228 228 228 228 2 1 0 0 0 0 1 1 1 2 0 0 0 18 17 9 0 0 0 0 0 0 1 0 0 0 1 2 5 4 6 5 0 0 0 0 0 0 3 5 8 9 15 0 0 0 0 0 1 1 0 4 4 2 2 1 0 0 0 0 0 0 1 1 0 0 20 25 62 2 3 4 5 5 0 5 6 1 1 1 67 72 67 48 6 12 2 2 1 0 0 0 39 37 57 67 72 67 48 97 43 5 2 0 1 1 0 1 1 20 20 0 1 4 5 5 0 1 19 20 20 17 66 658 658
0 0 0 1 1 1 2 2 3 1 0 2 0 0 0 1 1 0 0 0 0 0 0 3 228 228 40 7 5 2 2 2 2 0 0 0 0 0 1 2 2 0 0 0 0 0 0 0 0 0 0 0 1 0 0 4 1 1 1 0 0 0 0 0 0 0 0 0 0 14 45 7 3 4 5 5 5 74 658 658 41 23 6 5 3 3 20 25 62 74 658 658 658 658 658 41 8 3 3 3
0 0 0 0 0 1 9 6 7 7 8 2 0 0 0 0 0 0 0 4 6 20 2 0 1 0 0 0 0 0 0 0 0 8 228 228 228 228 40 30 21 17 9 1 2 2 1 0 1 1 0 0 0 0 0 1 2 6 6 2 7 4 12 8 4 5 1 0 0 0 0 0 1 1 7 8 25 1 5 1 1 0 0 0 0 0 1 1 1 0 2 3 2 4 2 1 2 0 0 0 0 0 0 1 2 0 0 0 0 0 0 0 0 3 20 25 62 74 14 19 9 9 9 9 6 5 16 16 17 18 45 66 658 658 41 23 6 5 3 3 20 25 62 74 658 658 658 658 658 41 8 3 3 3 3
0 2 0 0 0 0 0 0 0 0 5 3 4 0 0 0 0 0 0 0 0 0 0 0 8 228 228 228 40 30 5 4 2 2 3 1 0 0 0 0 0 0 0 1 1 0 1 0 0 4 3 2 1 4 5 6 3 1 0 0 2 3 8 10 6 2 0 0 0 0 0 0 2 2 3 5 13 68 48 29 0 0 0 1 0 0 0 1 0 0 0 0 0 0 1 0 0 0 7 16 74 658 658 658 658 658 658 658 658 41 23 6 5 2 0 18 16 4 11 13 14 45 66 658 658 658 658 658 658 658 14 1 0 0 0 0 14 45 66 14 3 4 5 5 5
0 0 0 0 0 0 0 1 0 2 2 1 1 0 0 0 2 1 0 0 0 0 0 1 6 228 228 228 40 5 0 0 0 0 0 3 3 0 10 6 2 0 0 0 0 0 0 0 0 0 1 0 0 0 0 0 1 1 3 0 0 0 0 3 1 1 67 0 0 1 0 0 0 0 0 0 0 0 0 0 0 0 0 0 3 2 0 0 0 0 0 0 0 0 0 0 0 0 1 64 67 68 22 23 67 72 67 48 6 12 19 35 6 1 19 20 20 17 7 1 0 0 0 0 8 16 45 66 14 19 9 9 9 9 62 74 658 658
0 1 0 0 0 0 0 0 0 2 4 3 3 2 4 1 1 1 0 0 1 0 0 0 0 0 1 1 3 3 6 228 228 16 7 1 1 0 0 0 0 0 0 0 0 0 0 0 0 0 0 1 0 0 0 1 0 2 2 5 13 6 2 1 0 1 0 1 0 0 0 0 3 5 8 9 7 7 67 72 9 0 0 0 0 0 0 1 5 4 0 0 0 0 0 0 0 3 3 20 25 62 74 658 658 41 17 19 20 20 17 66 658 658 658 658 658 658 658 41 8 3 3 3 3 16 74 658 658 658
1 2 2 5 1 1 8 4 3 0 0 0 0 0 0 0 0 0 0 0 0 0 1 1 1 1 0 0 0 0 0 3 228 16 7 1 0 0 0 2 3 3 1 10 2 0 1 0 1 0 0 1 3 1 0 0 1 1 1 1 0 0 0 1 2 0 0 0 0 0 0 0 8 1 1 0 0 0 0 0 0 0 0 0 0 9 2 4 6 16 19 7 19 0 0 0 0 6 0 0 0 0 0 0 7 8 25 17 6 6 19 35 62 4 23 6 5 3 3 20 25 62 74 658 658 658 658 658 658 658 658
0 0 0 2 5 4 6 5 5 3 4 3 1 0 0 2 2 5 3 1 0 0 0 1 2 1 2 0 0 0 0 1 1 3 228 228 2 1 0 0 0 0 4 3 6 4 0 1 1 1 0 0 0 0 0 0 0 0 0 0 0 0 0 0 0 7 4 2 1 1 0 0 0 0 0 0 1 0 1 3 72 18 16 4 11 13 14 45 66 658 41 23 6 5 2 1 11 14 35 62 2 19 10 3 3 3 35 6 5 6 1 0 0 8 1 0 0 9 9 9 62 74 658 658 658 658 658 658 658 41 17 19
1 1 2 3 9 7 10 4 4 4 0 7 5 5 20 12 4 0 0 0 0 1 1 1 0 1 1 0 0 0 0 3 8 228 40 30 21 2 2 0 2 0 0 0 0 0 1 0 0 0 0 0 0 5 3 5 57 9 11 7 8 25 1 6 3 4 4 1 4 8 6 1 2 0 0 0 1 0 0 0 1 1 0 0 11 14 35 62 74 658 41 23 6 0 0 0 7 16 74 658 658 658 658 658 658 658 658 658 658 41 8 5 4 4 4 25 62 74 658
1 1 2 3 2 2 3 1 0 0 0 0 0 0 2 2 3 0 0 0 0 0 0 0 0 0 0 0 0 0 0 8 16 7 5 3 1 1 3 0 0 0 0 0 0 0 0 0 0 0 1 1 0 5 8 9 0 0 1 4 3 2 3 8 5 4 2 0 0 4 4 1 2 0 1 1 1 3 2 3 6 11 14 35 62 74 14 3 4 5 0 0 1 20 20 17 66 658 658 658 14 3 4 5 5 5 74 658 658 658 658 658 658 658 658 41 8 3 3 3 3
1 2 2 5 4 6 5 2 2 0 0 0 1 2 1 0 1 0 0 0 0 0 0 0 0 1 8 228 228 228 228 228 228 228 6 6 1 0 0 0 0 0 0 0 0 1 1 0 0 0 0 1 0 0 0 0 0 0 0 1 0 0 0 0 1 0 22 23 9 0 0 0 0 0 0 0 0 0 0 0 0 0 1 0 0 0 0 0 0 0 0 0 0 0 1 0 2 15 24 31 23 20 24 15 24 31 23 20 24 9 25 11 8 7 8
0 2 0 0 0 0 3 8 1 7 2 2 0 0 0 0 0 0 1 1 1 0 0 0 0 1 1 2 10 62 54 47 228 228 228 228 228 228 40 30 21 17 2 1 1 1 0 0 3 1 2 0 0 0 0 0 0 0 0 0 0 0 0 0 0 0 0 0 0 0 0 0 0 1 0 0 0 0 0 0 0 1 0 0 0 0 0 0 1 1 1 0 1 1 0 0 1 4 3 9 67 48 4 0 2 2 3 4 13 24 31 23 72 18 16 12 1 0 0 0 0 0 2 9 11 13 6 22 23 67
0 0 0 1 4 6 5 5 3 3 1 1 1 1 3 5 0 0 1 0 0 0 1 1 6 9 62 54 47 228 228 228 228 3 7 1 1 1 0 2 0 1 0 0 0 0 0 0 1 1 1 1 0 1 1 0 0 0 0 0 0 0 0 0 0 0 0 0 0 0 1 0 1 0 0 0 0 0 0 0 0 1 0 0 0 0 0 0 0 0 0 0 0 1 0 1 1 0 0 0 0 13 6 22 23 67 72 67 23 64 67 68 22 3 1 0 0 0 1 0 8 7 8 11 2 3 1 2 0 2 23 20 24 9
0 1 0 0 0 0 0 0 0 0 0 4 5 2 2 2 1 0 0 0 0 0 0 0 0 0 0 0 0 0 0 0 0 0 1 1 54 47 228 228 228 3 0 1 0 0 0 0 0 0 0 0 0 0 3 1 1 1 4 1 0 0 0 0 0 0 0 0 0 2 2 1 3 0 0 0 1 0 0 0 3 4 0 0 0 0 0 0 0 0 0 0 0 0 0 0 0 0 0 0 0 0 0 0
1 2 2 0 0 2 4 3 1 0 0 1 1 0 0 1 0 0 1 2 2 0 1 3 5 6 9 62 54 47 228 40 5 0 0 0 0 0 1 0 0 0 0 0 1 3 0 3 0 0 0 0 0 2 0 1 0 0 0 0 1 0 1 0 0 0 0 0 0 0 1 2 0 0 0 0 0 0 0 1 2 0 0 1 0 0 0 2 3 4 15 68 22 23 67 72 67 23 64 67 68 22 23 9 5
1 2 2 5 4 6 2 2 2 2 0 0 0 0 0 0 0 1 0 0 0 0 0 0 5 10 27 62 54 47 228 40 5 3 3 1 0 0 0 0 0 1 0 0 0 0 2 1 3 2 0 0 0 1 1 1 0 2 2 0 0 0 1 1 1 2 1 1 0 0 1 0 1 0 2 0 0 0 0 0 0 0 0 7 8 25 9 24 9 1
1 1 2 2 5 4 5 2 2 0 0 0 1 1 0 0 1 0 0 0 0 1 0 0 0 1 5 27 62 54 47 228 228 40 30 21 17 9 8 17 8 1 0 0 1 1 3 8 4 3 4 0 2 0 1 3 1 4 1 1 1 3 10 3 3 2 5 6 0 0 1 0 0 0 0 0 4 64 67 24 31 1 0 0 0 0 0 1 1 11 39 1 4 5 5 0 0 0 0 0 0 3 72 67 48 43 64 67 68 48 19 57 67 72 67 23 64 67 68 22 23 67 72 67 48 43 64 67
0 2 0 0 0 9 9 1 7 8 5 0 0 0 0 0 0 0 1 1 0 0 0 0 1 1 54 47 228 40 5 3 3 1 1 0 0 0 0 0 0 0 0 2 1 0 1 1 0 0 0 1 0 0 0 0 8 7 1 0 0 0 0 0 0 0 0 1 0 0 0 3 5 2 4 11 72 67 0 0 0 1 1 1 0 1 57 67 72 67 23 5 2 0 2 1 6 22 3 4 5 3 2 23 72 67 48 97 97
1 2 2 9 1 7 8 0 0 0 2 0 0 0 0 0 0 1 0 1 0 0 1 1 54 47 40 5 3 3 1 0 3 3 1 1 0 0 2 2 1 0 1 1 1 2 1 2 0 1 2 1 2 3 0 0 0 0 0 0 0 0 0 0 0 0 2 4 3 8 1 11 7 8 25 17 18 16 12 25 11 8 7 8 11 8 13 8
4 9 9 10 6 20 5 3 2 1 0 0 0 0 0 1 1 1 0 0 0 0 0 0 1 2 1 4 0 0 0 0 0 6 228 228 228 228 228 228 228 228 228 6 6 5 0 0 0 0 0 0 8 2 2 0 0 1 0 0 0 0 0 0 0 0 1 1 0 3 3 0 0 0 0 0 0 1 0 0 0 0 2 3 1 0 3 0 0 0 0 0 0 1 0 0 0 0 1 1 0 0 0 0 0 0 0 0 0 0 1 4 9 24 9 1 0
9 9 9 1 2 2 0 0 0 2 2 1 0 0 0 1 1 1 0 0 0 1 1 0 0 0 0 0 0 3 3 6 6 0 1 1 0 0 0 1 4 5 1 2 0 0 0 0 0 0 0 0 0 1 1 2 0 3 0 1 0 0 0 0 10 27 62 54 47 228 3 7 1 0 0 0 0 1 1 0 3 3 5 2 1 1 1 0 1 0 2 2 3 8 10 8 2 0 0 0 0 0 0 0 0 0 3 0 1 0 0 0 0 0 0 3 4 5 5 5 74 658 14 19 0 0 0 0 13 14 0 0 5 4 4 4 25 62 74 658 658 41 23 0 0 0 0 0 0 0 0
0 0 0 0 1 4 5 5 2 2 2 1 0 2 0 0 0 1 0 0 0 0 0 0 0 2 0 0 1 1 0 2 2 0 2 1 0 0 0 1 0 0 2 3 5 0 0 1 0 0 0 2 2 3 0 1 1 2 2 10 62 54 3 12 4 2 1 0 0 0 0 0 0 0 0 1 0 0 2 1 1 1 1 1 1 2 2 3 10 1 3 17 8 5 2 2 3 1 3 0 1 2 2 0 0 0 0 1 1 0 0 0 0 0 2 1 0 0 0 0 0 0 0 0 0 0 0 0 0 0 0 0 0 0 0 0 0 0 0 19 7 1 0 0 0 0 3 8 16 45 66 658 14 3 4 5 5 5 2 3 4 5 5 5 74 658
0 0 0 0 1 1 4 3 2 2 3 1 0 0 0 0 0 0 0 1 1 0 1 2 0 0 2 1 1 1 3 0 0 0 0 0 0 0 0 0 0 0 2 0 0 1 0 1 0 0 0 0 0 1 2 2 4 4 2 0 0 2 5 4 1 0 0 1 0 0 0 1 0 0 0 1 1 2 10 62 54 47 228 40 2 1 1 1 0 0 0 0 0 0 0 0 0 0 0 0 0 1 2 4 3 3 1 1 1 1 1 1 1 1 1 0 1 7 1 0 0 0 0 0 0 0 1 1 1 2 1 0 2 0 0 0 0 0 0 0 0 1 0 0 0 0 0 0 0 0 0 0 0 0 0 0 0 0 0 10 6 0 0 7 0 1 0 0 0 0 0 1 41 23 6 1 0 0 8 16 45 66 658 658 658 658 658 658 658 658 658 658 0 0 0 0 0 0 0 1 2 2
0 2 0 0 0 0 0 0 0 0 0 0 1 0 1 0 0 0 0 0 0 0 0 1 1 2 2 0 0 3 1 0 4 2 2 0 0 0 0 0 1 3 4 0 0 0 0 0 1 1 0 0 0 0 0 0 0 1 3 3 2 2 1 1 0 1 1 1 0 2 6 2 2 0 0 0 0 0 2 9 62 54 47 3 7 1 1 0 0 0 0 0 1 0 0 0 1 2 1 0 0 0 0 1 0 2 1 4 1 0 1 1 0 0 0 0 2 3 0 0 0 0 0 0 0 0 0 1 0 0 0 0 0 0 0 1 16 74 658 14 0 0 0 0 0 0 0 0 4 5 5 0 1 19 20 1 0 1 5 5 5 74 658 658 658 658 658 658
1 2 2 2 8 1 2 2 1 0 0 0 2 1 0 1 1 2 2 0 0 5 3 2 0 2 2 1 0 0 0 0 1 2 2 1 0 1 0 0 0 0 0 0 0 0 3 1 2 2 1 0 1 1 0 0 0 3 0 0 0 0 0 2 1 1 0 0 0 0 0 0 2 10 62 54 47 228 16 12 6 0 0 0 0 0 0 1 0 0 0 0 0 0 1 0 0 0 0 0 0 0 0 0 0 0 0 0 0 0 0 0 0 0 0 0 0 0 0 1 1 0 0 0 0 0 1 0 0 0 0 0 0 0 0 0 19 66 41 17 19 20 20 17 66 658 658 658 658 658 658 658 14 3 4 5 5 5 74 658
0 0 0 0 0 3 2 10 6 5 3 1 0 0 0 0 3 0 0 0 0 1 2 3 0 0 0 0 0 0 0 0 0 0 0 0 0 2 1 0 1 0 0 0 0 7 3 1 1 2 0 1 1 1 2 0 0 2 1 4 1 1 0 1 0 0 0 0 0 0 0 2 2 10 27 62 54 47 228 16 12 4 2 1 0 0 0 0 0 0 1 1 3 1 0 1 1 1 1 2 1 1 1 1 1 1 1 1 2 2 3 10 2 3 8 9 7 5 3 6 5 1 0 0 0 0 2 1 0 0 0 0 0 0 0 0 0 0 0 0 0 0 0 0 0 0 0 0 0 0 0 13 14 45 66 41 17 19 20 20 17 66 14 3 4 5 5 5 74 658 658 658 658
3 3 9 0 0 1 1 1 1 2 1 2 1 4 4 5 3 1 2 0 0 0 0 0 0 1 2 1 1 0 0 3 0 0 0 0 2 8 5 2 1 0 0 0 0 0 0 0 0 0 0 0 0 0 0 0 1 5 0 0 0 1 0 0 0 0 0 1 1 1 0 0 2 2 2 2 10 27 62 54 47 40 2 1 0 0 0 0 0 0 0 0 0 2 1 1 1 0 1 1 1 1 2 4 1 1 0 0 0 0 1 1 0 0 0 0 0 1 0 1 1 1 2 0 0 0 0 0 0 0 4 6 16 19 66 658 14 19 0 0 0 0 13 14 45 66 658 41 8 5 0 0 0 6 4 3 8 16 45 66 658 14 3 4 5 5 5
1 2 2 9 1 7 8 2 0 0 0 0 0 0 1 0 2 0 0 0 2 1 0 0 0 0 0 1 0 0 0 2 2 0 1 0 0 1 1 2 2 1 16 6 3 1 2 1 0 0 0 0 0 0 0 6 11 18 62 54 47 40 30 21 0 0 0 1 1 3 3 5 2 0 0 0 0 0 0 1 0 0 0 0 0 0 0 2 2 0 1 0 0 5 2 2 2 0 0 0 0 0 0 0 0 0 0 0 0 0 0 0 0 0 0 0 0 1 0 0 0 0 0 0 0 1 0 23 6 5 2 0 67 5 12 19 35 62 74 658 658 41 23 6 1 2 2 16 45 66 658 658 658
1 2 2 5 4 3 7 8 0 0 0 0 0 0 1 1 1 3 2 1 2 1 1 0 1 1 0 0 0 0 0 0 0 0 4 1 3 2 1 1 0 0 4 0 0 7 5 4 2 1 4 5 5 1 2 1 1 1 0 10 27 62 54 47 40 30 21 17 9 8 17 8 5 1 1 2 1 0 0 1 0 2 0 0 0 0 1 0 0 0 0 2 3 0 0 0 0 0 0 0 0 0 1 0 0 0 0 0 0 1 1 0 1 1 0 0 0 0 0 0 1 0 0 0 0 0 0 0 658 14 3 4 5 5 5 74 658 14 1 0 0 0 0 1 25 62 74 658 658 658 41 23 6 1 2
0 0 0 0 0 2 0 0 0 1 0 0 1 1 0 0 0 0 0 0 0 0 0 1 0 0 0 0 0 0 0 0 3 0 0 0 0 0 1 0 0 3 0 1 0 0 0 0 0 2 1 1 0 0 0 0 0 0 0 1 3 1 1 0 0 0 0 2 27 62 54 2 7 1 0 0 0 0 0 0 0 1 0 1 3 3 1 1 1 1 1 0 0 0 0 0 2 4 1 0 0 2 0 0 0 0 0 0 0 0 2 2 0 0 1 0 0 0 0 0 0 0 0 2 10 9 18 16 0 0 0 0 0 0 0 0 2 7 16 74 14 1 0 0 0 0 0 1 3 7 16 74 658 658 41 23 16 16 17 18 45 66 658 658
1 2 2 5 4 3 7 2 0 0 0 0 0 0 0 0 0 1 0 0 0 0 0 0 0 0 18 62 54 47 228 228 228 16 12 4 3 0 0 0 0 0 0 4 4 3 3 4 4 0 0 1 1 1 0 0 3 4 3 6 2 4 12 17 0 0 1 4 1 2 2 1 4 4 9 7 7 7 6 3 4 4 1 6 4 64 6 1 2 2 6 3 5 57 9 11 7 8 25 17 67 48 97 43 64 4 11 13 14 45 66 658 658 658 658 658 658 658
0 0 0 0 1 0 1 0 0 0 1 2 2 6 2 1 0 1 0 0 0 1 0 0 0 0 6 11 18 62 54 47 40 30 21 17 6 4 6 5 7 5 6 16 14 7 0 0 1 0 0 0 0 1 0 1 1 2 7 8 10 17 6 4 3 7 1 0 0 0 0 1 2 2 0 0 2 3 1 1 67 1 1 3 5 6 0 0 0 1 0 0 0 7 0 0 1 0 0 0 0 3 4 15 68 22 23 67 6 11 14 35 62 74 658 658 658 41 23 16 16 17 18 45 66 658 658
0 0 0 0 1 1 1 3 2 10 6 5 2 0 0 0 0 0 0 0 0 0 1 0 0 0 1 1 1 3 228 228 228 3 7 5 1 0 1 0 0 0 2 0 0 6 3 3 3 2 0 0 0 0 0 3 1 3 2 1 0 0 0 0 2 9 67 0 0 2 2 5 6 8 11 8 13 6 3 2 3 5 3 0 0 0 0 0 0 0 2 0 1 23 72 67 48 97 43 64 67 1 1 3 5 6 3 11 37 57 67 72 67 48 4 0 0 0 0 0 0 1 0 0 1 1 0 0 0 1 1 19 3 8 5 1 0 0 15 5 6 8 16 45 66 658
0 0 0 0 1 0 20 20 2 1 0 0 0 0 0 0 0 0 3 2 0 2 1 1 0 0 0 1 1 2 10 62 54 47 228 16 0 0 0 0 0 8 228 228 228 228 40 30 21 17 9 8 17 6 4 0 0 0 1 2 2 3 1 1 0 1 2 0 0 2 6 7 5 0 0 0 0 2 12 13 13 0 0 0 0 0 0 0 1 1 1 1 0 3 5 57 67 8 0 0 0 0 0 0 1 0 0 16 67 68 22 23 67 6 11 14 35 62 4 23 16 16 17 18 45 66 658 658 14 19 9 9 9 9 62 74
1 1 1 1 1 1 6 7 2 0 0 1 1 1 0 0 0 1 0 1 3 8 2 2 2 0 0 0 0 0 0 4 5 5 8 228 228 228 228 228 2 1 1 2 0 0 2 6 7 22 4 2 3 3 7 5 3 4 6 6 1 0 1 0 0 0 3 2 5 0 0 2 1 0 0 0 0 0 0 0 0 0 0 1 4 25 3 2 2 1 5 7 8 15 11 39 39 37 57 9 0 0 0 0 0 0 0 0 0 0 0 7 8 48 43 64 67 68 48 29 39 37 57 67 72 67 48 97 97 6 12 19 35 6 5 6 1 2 2 16 45 66 658 658 41 8 5 1 1 1 14 35 62
6 6 9 9 10 5 5 3 0 0 0 0 1 6 6 11 18 62 54 47 228 228 228 228 16 7 5 3 2 1 10 17 6 1 2 4 0 1 0 0 0 0 1 1 1 1 1 0 1 0 0 0 0 1 0 0 0 0 0 0 0 2 2 1 10 3 2 1 1 0 0 1 2 0 0 0 0 0 0 0 0 0 0 2 1 0 0 0 0 1 1 0 1 57 9 2 4 6 16 19 66 658 658 658 41 8 3 3 3 3 16 74
0 1 0 0 0 0 1 0 0 0 0 0 0 0 1 0 0 0 0 0 1 0 0 0 0 0 0 0 2 1 3 228 228 228 16 7 5 3 2 1 10 17 6 4 3 0 2 1 1 7 4 22 16 1 1 1 0 0 0 0 0 0 0 0 0 0 0 0 0 0 0 0 0 0 0 0 0 0 0 0 0 5 0 0 0 1 1 0 0 0 0 0 0 0 0 0 0 0 0 0 0 0 1 57 67 72 18 16 12 0 0 2 7 16 74 658 658 41 23 6 5 3 3 20 25 62 74 658 658 658 658
4 9 9 10 0 2 2 0 0 0 2 0 1 0 0 0 0 0 1 2 9 62 54 47 228 16 2 1 0 0 0 1 0 0 0 0 1 2 2 3 2 1 0 1 1 2 13 0 0 0 1 0 0 0 0 0 0 0 5 6 3 11 37 57 67 72 18 16 12 25 3 2 3 4 1 0 0 0 0 0 0 0 1 0 0 0 1 39 37 57 67 72 67 48 43 64 67 5 6 8 16 45 66 658 41 17 19 20 20 17 66 41 17 19
0 0 0 0 2 1 2 0 0 0 2 2 0 0 0 2 3 3 1 0 0 0 5 10 27 62 54 47 228 40 30 21 17 9 0 2 0 0 0 0 0 0 0 1 0 0 0 2 0 0 0 2 1 0 1 1 0 0 0 2 0 0 0 0 1 1 0 1 1 3 2 4 7 7 67 8 6 3 4 4 1 4 8 6 3 1 2 0 0 0 0 0 0 0 0 1 2 0 0 2 4 16 4 8 3 3 3 3 16 74 658 658 658 658 658
0 0 0 0 2 10 6 5 2 0 0 0 0 1 8 9 7 5 5 20 12 10 2 0 0 0 5 10 27 62 54 47 228 40 30 21 2 2 0 6 3 3 4 3 5 3 5 4 3 6 1 0 0 0 1 0 0 0 1 10 1 0 0 0 0 0 0 4 2 10 1 1 1 1 1 0 0 0 0 0 2 10 9 31 1 2 0 0 0 0 0 0 0 16 19 66 658 658 658 658 658 658 658 658 658 658 658 658 658 658
