8.55944
29.26220
1.75525
16.97710
19.26115
12.52047
19.84314
30.16783
42.65244
31.32667
6.20530
1.12621
1.95775
18.05455
9.03125
8.56349
2.76577
32.06780
10.82787
5.84849
6.64815
17.07143
14.11765
37.44755
4.13971
24.42969
22.21705
19.62308
33.49573
28.42017
6.79646
6.41406
4.35606
2.02941
3.00000
1.81818
6.46032
2.35514
0.63954
8.53044
2.24161
0.79268
18.74000
11.51205
15.74051
7.14035
1.81818
5.68874
5.09150
1.89506
23.67241
7.80000
3.50695
5.74627
6.75497
9.51818
10.65892
5.08036
14.23894
51.50000
