16 9 7 3 4 3 7 6 5 3 3 0 1 1 3 9 46 34 18 5 0 2 3 0 8 4 3 2 2 4 6 7 29 36 36 62 10 3 3 3 3 2 3 7 36 34 29 36 36 19 9 0 1 2 1 1 1 12 2 5 7 10 5 2 3 6 6 0 4 18 33 3 1 0 0 2 5 5 20 17 9 1 17 13 7 0 0 0 0 0 0 0 9 34 135 90 158 158 1 4 0 0 0 1 0 2 1 1 0 0 50 88 965 965 965 965 965 55 28 7 4 152 167 110 99 10 16 19 88 965 965 965 965 965 55 20 21 21 88 965 965 25 5 5 5 90 965
6 16 6 2 3 1 7 2 2 4 2 2 1 0 0 2 3 0 10 12 40 36 9 25 12 7 9 0 0 0 10 34 16 25 12 1 1 2 0 12 12 25 80 26 29 67 108 41 89 17 4 4 4 6 5 23 40 17 4 1 9 12 25 56 28 10 7 5 0 1 1 0 1 0 1 8 21 0 3 0 0 0 1 0 1 1 2 7 2 1 1 4 0 1 0 0 0 0 1 0 14 50 88 25 5 5 5 90 55 20 21 21 88 965 965 965 965 55 20 0 0 0 5 90 965 25 5 5 5 90 55 20 21 21 88 965 55 8 5 1 15 39 70 90 965 965 55 8 5 1 15 39 70 90 965 965 965 965 965 965 965 965 965 965 965 965 965 965
11 108 25 17 9 4 1 4 5 2 5 1 0 1 0 1 9 46 34 18 5 0 3 3 8 16 8 14 89 80 27 19 7 16 2 0 10 12 3 11 6 4 13 0 17 23 40 80 26 1 3 16 8 14 89 36 4 1 0 6 0 0 0 0 2 3 0 0 1 0 0 0 0 0 0 19 25 8 1 1 0 0 0 0 0 0 0 0 0 0 1 1 2 19 8 2 2 1 2 1 7 21 1 0 0 0 1 0 52 20 25 70 90 965 965 25 20 11 6 145 135 90 9 18 50 88 965 965 965 55 28 7 1 9 18 50 88 965 25 20 9 9 70 90 965 965 965
0 6 15 21 12 13 6 3 4 16 2 0 10 12 1 1 1 3 10 16 19 25 12 6 4 4 6 4 25 23 40 36 36 34 29 80 25 3 3 5 3 6 2 25 17 8 1 2 3 5 1 10 8 4 6 0 0 11 34 12 2 1 3 4 0 0 0 1 1 2 5 238 238 0 3 2 2 3 41 4 4 7 1 0 1 1 0 0 0 0 0 0 2 47 152 167 110 99 145 13 14 50 88 965 965 965 965 965 55 8 5 4 25 70 90 965 965 965 965 25 20 11 6 145 13 14 50 88 965 965 965 965 965 965 965
16 21 8 4 7 9 25 6 16 28 46 34 29 56 28 26 25 23 40 36 9 7 16 2 8 9 4 5 7 9 25 12 9 6 6 42 19 4 3 8 15 6 13 4 3 8 5 3 16 67 19 3 0 1 3 34 3 0 1 0 0 0 0 0 0 4 4 9 13 10 12 26 15 4 0 0 0 2 18 10 10 4 11 25 4 2 1 1 1 7 45 35 135 47 152 3 2 4 0 0 2 1 1 2 135 47 152 167 45 145 47 52 20 25 70 90 965 25 20 0 0 135 8 18 50 88 965 965 965 965 55 28 7 4 152 20 25 70 90 965 25 20 11 2 99 145 135 8 18 50 88 965 965 965 965 965 965 965 965 965 965
11 62 10 3 3 4 4 4 9 0 0 1 4 4 4 20 9 15 7 10 2 5 7 36 34 18 15 4 25 23 40 56 28 26 25 20 21 89 80 26 35 29 67 62 7 4 1 6 26 9 46 108 18 11 12 13 8 2 3 5 14 46 36 8 11 6 4 16 4 29 67 108 41 2 1 0 3 13 17 1 0 0 0 0 0 1 5 5 152 21 12 16 23 41 20 152 167 2 2 2 1 2 2 25 9 5 5 0 0 0 0 0 0 0 0 0 1 0 2 13 14 50 88 965 965 965 965 965 25 2 2 2 19 88 965 25 20 0 0 13 14 50 88 965 55 28 7 4 152 167 110 99 145 47 52 20 25 70 90 965 965 965 55 8 3 3 16 90 965 965 965 965 965 965 965
0 1 0 1 0 1 2 6 8 2 2 1 4 20 9 15 7 8 18 12 26 15 1 4 6 14 89 56 28 13 5 12 6 29 7 9 2 1 4 6 0 10 10 4 4 1 3 3 8 4 7 14 29 80 27 67 34 6 1 0 6 2 25 80 27 2 3 1 2 1 2 2 1 0 0 1 0 1 0 5 3 1 2 5 1 7 0 0 1 2 2 4 2 1 1 2 47 52 3 0 1 0 1 1 25 70 1 8 5 1 45 145 135 8 18 50 88 965 965 965 965 25 5 5 5 90 965 965 965 965 25 20 0 0 135 8 18 50 88 965 965 25 20 9 9 70 90 965 965 965 965 965 965 965 965 965 965
3 13 9 3 2 4 15 7 12 17 42 108 25 17 29 18 18 12 26 13 12 12 25 36 4 2 2 12 25 15 4 15 7 11 9 4 1 1 4 4 27 19 25 12 7 15 1 4 12 25 80 27 19 9 8 3 4 7 7 41 89 56 10 7 6 46 108 46 9 11 8 0 1 2 4 2 1 1 5 1 14 11 0 0 0 0 5 152 167 110 0 2 0 0 0 0 0 88 965 55 28 7 4 152 20 25 70 90 965 965 965 965 965 965 965 965 965 55 28 7 4 152 167 15 39 70 90 965 25 20 0 0 16 19 0 20 21 21 88 965 965 965 965 965 965 965 965
6 16 4 5 11 8 4 2 3 5 18 15 2 13 2 2 3 5 18 15 4 1 5 7 36 34 29 56 28 13 5 4 4 6 7 5 10 10 25 80 27 2 2 2 27 67 19 3 0 2 25 80 26 4 1 6 1 1 0 3 4 10 9 9 8 4 3 5 0 1 2 0 0 2 2 25 15 11 21 34 135 3 1 1 0 1 3 23 9 1 3 2 4 1 4 8 5 3 4 0 2 135 3 4 1 0 1 1 14 50 88 965 55 28 6 5 45 35 47 52 20 25 70 90 965 965 965 965 965 25 20 11 6 145 135 90 158 9 18 50 88 965 965 965 965 25 5 5 5 90 965 965 965 965 965 965 965 965 965 965 965 965 965 965 965 965 965 965
0 0 3 3 1 1 9 46 108 41 89 17 2 2 4 7 4 16 5 10 10 2 1 1 6 14 41 89 80 26 29 67 62 10 3 1 12 12 25 36 36 62 46 24 16 12 6 29 67 19 3 0 0 1 12 10 46 19 9 0 0 0 2 2 135 90 112 20 6 5 2 2 2 1 13 5 26 15 0 2 1 7 21 6 21 12 1 0 0 1 1 0 0 0 1 0 0 2 47 52 20 25 70 90 965 965 55 28 7 4 152 167 15 39 70 90 965 25 2 0 0 8 18 50 88 965 55 8 5 4 25 70 90 965 965 55 20 21 21 88 965 965 965 965 965 965 965 965 965 965 965 965 965 965
0 6 16 28 46 108 46 10 17 29 11 19 12 6 35 1 3 16 8 2 17 29 11 26 9 8 13 5 26 15 4 4 2 4 12 25 80 26 29 67 34 29 36 4 3 3 5 29 0 1 2 9 68 69 65 2 3 3 1 26 15 1 4 6 14 89 80 26 35 4 21 10 8 12 26 15 4 0 0 0 0 1 29 18 12 26 13 12 6 0 36 89 80 26 35 4 21 3 6 25 21 238 99 145 135 47 152 21 12 9 11 23 41 40 158 158 158 158 158 158 17 14 10 16 18 33 167 110 238 238 238 238 238 238 21 39 70 90 965 965 55 28 7 4 152 167 15 39 70 90 965 965 965 965 965
3 46 29 11 26 8 6 16 19 67 108 46 10 17 24 16 4 8 16 1 3 34 34 42 34 6 5 4 8 36 108 41 89 80 27 19 21 10 12 1 1 3 1 1 69 65 375 52 35 21 18 62 46 1 2 41 20 152 167 45 145 18 9 19 16 21 238 99 145 47 5 9 7 14 40 17 14 11 14 25 21 0 0 0 1 2 135 8 18 50 88 965 55 8 3 3 16 90 965 55 8 3 3 16 90 965 965
2 12 16 67 62 46 29 11 5 10 5 14 89 80 27 67 108 41 89 36 9 21 10 12 40 80 26 29 19 9 4 2 1 0 5 29 17 8 16 8 14 89 0 1 2 9 68 69 65 375 375 10 9 2 1 26 5 1 1 0 1 1 16 28 46 2 1 0 2 135 13 6 14 6 1 2 1 5 7 167 110 238 19 25 15 11 25 21 0 2 2 1 5 2 40 158 158 158 158 158 158 158 17 15 19 16 21 238 238 238 238 0 2 1 1 5 5 152 167 110 238 238 99 145 47 2 7 16 90 965 25 2 0 0 52 167 15 39 70 90 965 965 55 20 21 21
11 62 46 29 18 12 2 6 6 16 25 12 6 10 5 14 89 80 26 29 2 2 8 36 34 6 0 0 1 10 4 2 8 36 108 41 89 36 36 34 29 0 1 2 9 68 69 65 375 10 9 5 4 80 6 1 0 2 3 40 56 28 13 4 6 7 0 0 0 3 16 23 9 4 4 2 3 3 4 10 1 0 2 16 21 19 9 21 14 40 112 152 167 110 238 99 10 16 19 88 965 965 965 965 965 965 965 965 55 28 6 0 7 16
16 25 12 18 12 5 10 10 25 80 27 19 25 12 11 26 15 7 9 13 10 18 12 26 13 12 6 0 36 89 80 26 35 35 35 29 67 108 46 29 36 89 80 26 29 67 34 6 3 1 22 26 10 16 67 108 41 89 80 27 67 34 6 5 0 3 2 46 36 89 0 1 2 1 4 68 69 65 375 10 9 1 0 17 24 16 12 6 35 35 29 67 108 41 1 3 2 2 10 16 9 1 0 0 0 0 110 238 238 238 238 238 99 145 135 90 158 158 158 158 158 158 112 20 6 5 6 21 238 238 19 25 15 11 2 2 1 1 1 7 167 110 238 99 145 135 47 3 7 16 90 965 965 965 965 965 965 55 28 6 5 20 25 70
0 6 16 28 46 62 46 29 5 17 23 40 36 36 34 29 36 36 34 6 3 5 29 80 27 2 3 3 5 6 3 5 29 36 36 34 6 3 5 2 5 8 1 4 68 69 65 375 375 375 2 3 0 0 13 12 12 25 56 2 1 2 21 99 145 135 90 158 158 158 158 112 152 167 110 238 238 238 19 13 16 9 34 135 47 14 6 3 3 7 23 41 40 158 158 158 158 112 152 21 7 16 6 4 1 4 5 7 167 110 238 238 238 238 21 39 70 90 965 55 28 17 18 50 88 965 965 965 965 965
3 22 5 5 7 29 80 27 19 25 12 7 13 4 0 1 0 10 12 40 80 26 35 29 67 34 6 1 2 12 6 4 1 0 0 0 1 3 0 0 0 0 0 5 0 0 0 5 375 52 9 5 0 11 15 1 0 2 1 145 135 90 17 14 11 14 25 21 99 145 47 5 17 7 23 41 40 158 158 17 14 10 2 18 18 12 26 3 0 0 0 110 238 238 238 238 238 99 145 135 90 158 9 18 50 88 965 965 25 5 5 5 90 965 965
1 7 4 24 8 25 7 29 80 25 21 26 25 23 1 3 5 29 36 36 34 29 56 28 13 11 13 12 12 25 80 27 67 34 29 0 1 2 9 68 69 65 375 2 3 0 0 5 7 2 1 0 2 152 167 110 238 238 99 145 135 13 14 10 16 41 40 158 158 158 112 152 167 16 13 16 6 21 238 238 238 238 238 238 238 238 99 145 135 90 17 14 10 2 5 23 41 40 112 152 167 110 238 99 145 135 90 9 18 50 88 965 965 965 965 965 965 965 965 965 965 965
2 2 2 3 1 7 4 12 40 36 4 2 8 0 0 0 0 0 25 9 14 23 40 36 36 108 41 89 36 36 34 29 0 1 2 9 68 69 65 375 10 9 1 1 89 80 26 35 4 10 25 0 0 2 2 145 135 90 158 158 158 158 17 6 14 6 33 167 110 238 238 238 238 238 238 238 238 19 13 16 7 7 21 14 40 158 158 158 158 158 17 14 11 14 25 23 145 47 0 2 0 0 0 110 238 238 238 99 145 47 2 7 16 90 965 965 965 965 965 965 25 20 0 0 16 19
11 62 46 13 9 6 6 42 108 46 36 12 13 6 0 2 2 7 7 5 10 10 25 80 27 2 3 3 5 29 56 28 13 13 25 14 46 29 36 89 80 26 29 19 25 12 9 6 6 42 0 2 4 18 68 69 65 375 10 9 1 1 89 80 26 29 67 2 1 1 6 167 110 99 145 18 10 10 16 41 40 158 112 152 167 110 238 238 238 238 99 145 135 90 158 158 158 17 14 10 16 41 40 112 152 45 35 135 47 152 167 110 238 238 238 238 238 99 145 135 90 9 18 50 88 965 25 2 0 0 14 50 88 965 965 965
1 5 0 1 2 18 81 81 18 14 3 1 29 56 7 3 5 8 3 0 4 4 4 0 0 1 4 15 0 1 1 11 375 375 375 375 375 375 375 375 375 2 3 0 0 6 5 1 3 16 8 0 36 89 80 26 29 19 21 2 1 5 4 3 2 3 3 27 67 108 18 11 34 0 0 1 0 19 25 16 23 41 40 158 1 1 0 1 2 2 25 15 11 21 34 3 3 0 0 0 0 2 4 5 7 20 25 70 90 965 25 5 5 5 90 55 28 7 1 112 152 167 110 238 238 21 39 3 2 7 1 158 158 158 112 152 167 110 238 238 238 99 14 18 1 25 70 1 20 21 21 88 25 5 5 5 90 55 20 21 21 88 965 965 965 965
1 18 0 1 4 18 81 18 4 6 5 19 3 4 2 3 4 1 2 4 0 0 0 6 375 375 375 375 52 9 5 2 10 17 23 3 7 5 7 14 29 36 4 0 0 1 0 0 0 10 13 10 1 4 2 7 21 12 5 9 7 3 4 3 0 3 0 1 0 14 50 88 965 25 5 5 5 90 965 965 965 965 55 28 6 5 20 25 70 90 965 965 965 965 965 965 965 55 8 3 3 16
16 9 4 0 0 2 16 18 81 81 18 14 11 2 0 1 0 1 0 9 46 108 41 89 17 4 4 4 3 4 0 0 1 11 375 375 375 375 375 375 52 35 21 18 62 22 5 5 14 18 11 8 3 0 5 14 18 11 12 13 16 19 67 62 46 24 16 28 8 4 0 0 1 6 45 35 47 52 167 16 13 2 1 1 11 2 1 1 2 2 90 17 14 10 4 11 25 4 2 0 0 0 0 2 18 10 3 0 3 0 0 1 8 52 20 25 70 90 965 965 25 20 9 9 70 90 55 28 17 18 50 88 965 965 965 965 55 28 6 5 20 25 70 90 965 965 965 965 965 965 965 55 8 3 3 16 90
3 22 5 5 10 10 0 0 1 3 81 19 12 5 5 4 3 1 0 1 1 0 0 1 11 375 375 375 375 375 52 35 6 4 25 7 4 13 7 9 8 7 7 4 1 1 9 6 2 8 12 5 5 19 67 108 25 17 13 7 8 6 17 42 62 46 13 7 3 4 0 2 18 9 19 16 23 145 135 90 158 158 1 2 1 1 2 25 8 1 1 0 0 0 2 1 5 0 7 16 90 965 965 965 965 965 965 965 965 965 965 55 28 6 5 167 110 99 145 13 14 50 88 965 965 965 965 965 965 965 965 965 25 2 0 0 14 50 88 965 965 25 5 5 5 90 965
0 9 4 1 4 0 2 3 24 81 3 4 4 1 4 4 10 11 20 3 0 0 0 3 9 375 375 375 375 375 52 7 0 0 12 9 6 6 42 62 46 13 7 8 4 4 12 2 1 1 6 13 19 6 0 0 2 2 135 13 14 3 0 6 5 5 99 145 135 3 1 3 1 13 0 0 0 0 1 0 1 9 3 1 26 15 7 9 0 1 1 1 10 3 1 0 1 2 5 238 99 145 135 90 112 152 167 110 238 238 21 39 70 90 55 20 21 21 88 965 25 2 0 0 8 18 50 88 965 965 25 20 9 9 70 90 965 965 965 965
1 6 1 2 12 0 0 1 3 81 18 8 7 3 20 6 11 4 2 3 6 9 4 12 7 9 8 1 3 4 9 375 375 375 375 23 7 1 1 4 12 11 4 6 1 1 0 1 2 11 5 4 4 4 7 3 2 12 6 14 89 56 28 13 4 5 8 20 1 2 1 0 19 25 16 23 41 40 112 152 167 110 19 0 0 0 4 1 15 19 16 21 0 0 0 1 2 47 52 20 25 70 90 965 965 965 965 55 20 21 21 88 965 965 965 965 965 965 965 965 965 55 8 3 3 16 90 965 965 965 965 965
6 16 3 7 10 24 18 14 11 4 4 4 3 3 5 6 2 1 2 4 2 4 4 7 6 2 4 10 0 0 0 6 375 375 375 23 7 1 0 10 46 29 11 19 28 46 19 4 3 8 5 3 16 67 62 10 3 3 7 3 4 4 12 11 3 6 5 0 1 4 0 1 11 14 25 4 1 4 0 0 2 1 0 1 2 47 152 45 6 16 19 88 965 25 20 0 0 135 8 18 0 0 6 5 45 35 47 52 167 110 21 39 70 90 965 55 28 6 5 20 25 70 90 965 965 965 965 965 965 965 965 965 965
3 22 5 3 7 10 24 81 81 19 12 5 5 3 5 3 2 41 89 36 9 9 7 10 5 3 11 8 9 11 0 1 1 5 375 375 375 375 2 3 0 0 16 14 34 9 19 19 9 4 2 1 1 2 2 0 0 0 0 1 1 2 10 10 2 12 26 15 4 4 4 9 2 5 2 2 1 1 5 5 152 167 110 99 145 13 14 50 88 965 965 965 55 28 6 5 167 15 39 70 90 965 25 20 11 3 39 70 90 55 28 7 1 9 18 50 2 20 9 9 70 90 965 965 965 965 965 965 965 965 965 55 20 21
6 2 6 7 15 81 81 19 12 5 5 34 34 42 108 41 89 80 6 3 16 20 9 6 3 5 7 15 9 0 0 3 11 375 375 375 52 35 21 2 25 12 7 13 4 0 1 1 16 0 2 1 0 21 14 40 158 112 152 45 35 47 52 167 16 25 15 11 25 21 99 145 18 5 14 0 5 1 1 0 2 4 5 7 167 15 39 70 90 965 965 965 55 28 6 0 7 16 90 965 965 965 965 965 965 965 965 965 965 965 965 55 8 5 4 25 70 90 965 965 965
6 2 6 7 15 81 19 6 5 1 0 0 0 2 9 10 12 7 10 9 4 12 7 8 4 4 4 12 0 0 1 11 375 375 23 7 6 3 16 25 12 11 5 10 0 3 1 2 0 2 5 25 8 25 16 23 41 40 1 4 7 5 5 152 167 16 13 16 6 21 238 238 19 9 21 2 5 7 5 5 152 167 15 39 70 90 965 965 25 5 5 5 1 20 21 21 88 965 965 965 965 965 25 5 5 5 90 965 965 965 965 965 965 965 965 965 965 55 8 3 3 16 90
6 16 3 7 10 24 81 81 19 3 2 0 3 11 8 9 5 11 8 7 0 8 4 0 0 1 11 375 375 375 375 375 375 375 375 375 8 10 1 0 1 0 1 0 1 4 5 11 8 7 4 16 2 8 12 5 2 1 2 7 2 6 0 0 2 2 135 90 112 152 45 0 2 1 1 0 0 2 8 34 3 0 1 3 8 4 2 2 0 0 0 0 1 1 1 3 8 45 145 135 47 152 167 45 145 135 47 152 167 45 145 47 52 45 35 47 52
3 22 5 5 7 0 5 10 15 81 18 14 3 3 3 4 2 1 5 2 12 8 3 4 4 1 1 3 10 68 69 65 375 375 375 375 375 375 375 375 52 35 21 18 34 6 1 2 9 14 23 4 5 0 1 0 4 15 1 2 1 0 0 0 0 0 8 17 6 0 0 0 1 7 45 4 0 0 1 5 2 13 16 2 1 0 0 0 2 5 7 5 8 158 158 17 6 14 6 33 167 110 238 238 19 13 16 6 23 145 135 47 152 167 110 99 145 47 4 3 0 5 10 47 152 45 35 135 90 112 152 167
0 2 0 1 10 24 81 81 19 12 5 3 15 9 7 13 8 15 4 2 8 4 1 2 8 9 68 69 65 375 375 375 375 375 375 10 9 1 1 34 12 11 13 13 2 2 1 1 16 2 8 12 2 6 2 2 18 9 1 0 0 5 5 17 3 5 3 0 0 0 9 3 26 15 1 0 2 1 7 9 1 2 8 4 5 20 9 1 0 0 0 0 0 5 6 4 2 1 1 1 7 45 35 135 90 112 152 167 110 238 99 145 135 90 112 14 3 0 5 8 52 45 35 47 52 45 9 8 5 10 47 152 167 45 145 47
7 8 2 2 0 9 0 3 13 0 0 10 24 81 19 6 3 2 1 2 2 1 1 1 1 1 1 4 4 12 4 2 0 3 1 1 69 65 375 375 375 375 375 10 2 3 0 7 6 0 0 0 9 46 19 9 12 8 7 8 12 2 0 0 1 0 1 8 5 6 5 9 34 135 13 2 1 1 2 0 16 25 15 7 1 0 0 1 4 0 2 47 4 3 0 1 0 1 2 4 0 1 0 1 0 9
6 16 3 7 10 5 14 11 4 4 2 3 5 4 9 3 4 8 4 7 6 5 10 3 5 8 9 68 69 65 375 375 375 52 7 0 0 2 4 6 5 1 3 2 3 6 6 42 62 7 1 4 1 6 5 15 7 2 1 2 2 2 18 2 2 0 0 0 1 8 34 18 9 19 2 1 0 0 0 1 2 11 20 14 3 2 4 9 18 16 45 145 135 90 112 152 167 110 238 99 145 135 90 112 152 45 9
6 16 3 7 10 24 81 81 3 4 4 2 0 0 0 8 16 9 4 2 4 10 11 0 6 12 27 68 69 65 375 375 375 52 7 4 3 22 4 3 0 5 4 4 6 2 13 13 11 9 8 10 1 4 3 34 18 10 11 14 21 6 3 1 7 3 4 14 3 4 1 1 6 4 9 4 14 2 2 1 1 1 7 45 35 47 52 167 45 145 47 4
16 7 16 3 7 10 24 81 19 3 2 0 2 11 34 16 9 4 2 4 3 6 5 7 0 1 8 27 68 69 65 375 375 375 375 52 35 21 18 62 46 29 11 2 1 2 6 25 23 40 56 28 13 5 10 10 25 36 9 25 2 5 21 34 135 13 14 10 16 41 7 2 1 0 2 8 21 238 99 145 135 47 152 21 1 0 0 2 2 40 158 158 158 17 15 19 16 4 1 4 0 5 152 167 110 238 238 99 145 135 90 158 112 152 167 110 238 99 145 135 90 112 152 167 110 238 238 99 145 135
1 11 9 10 0 12 16 18 81 18 14 11 5 3 2 0 0 2 5 9 7 6 0 3 1 1 69 65 375 375 375 52 7 4 3 22 5 2 8 12 5 2 1 4 4 20 9 15 6 6 2 2 2 1 13 0 23 41 40 112 2 1 0 1 8 21 0 3 2 1 2 7 6 14 11 20 152 167 110 238 0 2 1 1 5 8 158 112 152 167 110 238 99 14 18 4 35 135 90 112 14 15 10 47 152 167 110 238 238 238 238
3 3 4 16 18 81 18 14 11 0 11 8 9 7 3 1 0 3 4 10 3 4 1 1 69 65 375 375 52 7 4 3 46 29 11 19 28 8 20 11 8 9 5 4 3 7 17 25 13 19 6 8 14 18 15 7 0 6 2 1 2 0 0 0 0 1 10 7 23 41 20 152 45 35 47 52 167 110 99 145 47 52 45 35 47 52 45 35 135 47
7 10 10 17 24 81 81 81 19 3 2 1 0 4 2 4 8 36 34 18 5 0 0 1 6 4 17 42 34 18 0 0 1 9 375 375 375 375 375 375 375 375 375 375 375 8 10 8 0 0 0 0 17 42 62 22 5 2 8 12 6 1 0 1 10 4 12 9 6 9 12 7 10 9 4 2 0 13 5 10 3 0 9 3 5 6 33 21 7 2 1 1 3 4 10 16 9 4 1 3 8 23 14 18 1 2 2 1 0 0 5 8 52 167 45 145 47 4 3
9 12 16 18 81 19 3 2 1 3 8 4 4 5 2 4 8 11 20 4 2 3 6 5 3 3 0 0 0 10 46 108 25 8 12 10 9 6 1 3 8 20 25 56 7 6 0 0 0 9 8 2 9 10 6 3 9 46 19 19 8 4 0 1 12 27 68 69 65 375 375 375 10 9 1 0 6 2 4 12 17 16 25 12 18 18 18 18 18 12 26 8 6 17 42 62 46 24 4 0 0 0 0 1 3 1 13 10 18 12 26 0 0 0 0 965 25 5 5 5 90 965 965 965 25 20 0 0 13 14 50 88 55 8 5 4 25 70 90 965 965 965 965 55 28 0 0 0 0 0 0 965 965
7 8 2 0 1 10 24 81 19 12 2 2 4 10 9 9 7 10 5 2 9 10 4 12 7 8 4 7 10 22 5 4 11 9 10 6 16 4 5 4 5 6 13 7 13 8 15 4 2 4 0 3 13 17 16 25 1 2 2 10 68 69 65 375 23 14 4 2 4 4 4 4 4 4 4 3 4 4 12 18 18 18 18 18 18 18 18 9 19 28 46 62 46 29 11 26 15 7 12 17 42 19 19 6 10 4 12 11 4 5 5 1 1 5 21 2 2 1 0 0 1 14 21 2 0 1 0 4 3 0 1 0 5 3 0 0 0 0 0 19 88 965 25 2 0 0 90 9 18 50 88 965 965 965 25 5 5 5 90 965 25 5 5 5 90 965 965 965
0 2 15 1 2 1 10 24 81 18 4 6 5 19 4 1 3 6 3 6 5 13 19 6 8 14 6 5 4 8 36 19 19 8 2 2 2 1 0 6 2 25 56 10 3 5 13 4 3 6 3 0 2 2 6 25 13 19 34 12 11 10 10 17 16 6 12 4 8 6 1 5 3 8 6 1 1 3 10 68 69 65 375 375 375 52 2 1 1 9 1 0 12 2 1 0 0 1 0 2 4 4 4 9 13 10 18 18 18 18 18 18 18 18 18 18 18 12 26 15 1 1 0 1 6 6 8 9 5 5 9 13 5 3 6 0 0 2 0 0 3 5 9 3 1 1 1 0 0 0 0 0 0 0 0 0 0 0 0 25 20 11 6 14 18 16 16 25 0 0 0 1 965 965 55 28 7 1 9 18 50 88 965 965 965 965 965 965 965 965 965 965 965 965 0 0 0 0 0 965 25 2 2 2
7 8 4 4 0 0 1 15 3 1 0 0 3 11 6 2 6 1 1 2 4 2 3 6 13 14 29 36 11 9 13 6 13 7 17 13 7 2 2 4 2 15 7 8 12 7 8 4 3 5 1 2 7 10 9 3 2 2 10 34 16 25 12 7 15 7 3 4 4 6 16 28 46 34 6 7 0 0 5 9 68 69 65 375 375 10 9 1 1 1 0 0 3 8 7 8 18 18 12 8 10 1 0 1 4 7 7 28 8 9 3 3 6 6 7 11 3 4 3 3 8 1 1 0 2 13 2 1 1 1 0 5 3 0 0 1 16 90 965 965 965 25 0 0 0 0 0 90 25 5 5 5 90 55 20 21 21 2 5 5 5 90 965 965 965 965 965 965 965 965
7 8 2 2 10 15 81 19 3 2 1 14 6 11 4 2 4 8 4 7 7 18 11 34 9 8 10 25 15 3 7 5 2 3 8 4 4 5 2 5 3 1 10 12 5 6 42 62 7 2 2 10 34 1 3 3 1 22 26 5 0 0 1 4 7 11 20 3 0 1 0 0 2 10 68 69 65 375 375 375 23 14 6 0 4 4 12 11 4 5 3 0 1 2 12 9 6 5 1 1 2 1 0 6 2 0 0 2 1 8 1 0 0 0 0 0 1 2 10 10 1 26 3 0 0 0 5 3 2 1 5 3 1 0 0 0 19 88 965 965 55 20 21 21 88 965 965 965 965 965 965 965 965 965 25 5 5 5 90 965 965 965
2 2 1 0 0 7 15 81 19 12 7 5 11 6 0 4 12 7 10 5 0 13 3 4 13 9 4 9 4 9 5 4 3 0 5 5 4 5 7 28 8 4 6 0 2 17 24 16 4 8 16 20 9 6 3 5 8 7 7 28 8 9 3 2 8 6 5 3 5 1 0 2 3 12 27 68 69 65 375 375 375 23 14 4 2 4 4 4 4 4 4 4 12 17 42 34 6 1 2 12 18 18 18 18 18 18 18 18 18 18 9 19 28 46 19 19 34 34 42 108 25 17 24 4 0 3 7 10 22 5 1 1 0 4 4 2 0 0 0 1 0 0 0 0 0 0 0 3 4 0 2 13 14 50 88 965 965 55 20 21 21 88 965 965 25 5 5 5 90 965 965 965 965 965 965
16 4 12 16 18 19 1 1 1 6 5 15 6 13 19 34 12 10 10 2 2 3 4 4 4 12 9 6 13 7 41 8 11 6 0 7 10 46 29 11 26 15 1 1 0 1 1 1 3 5 1 1 3 2 3 1 3 13 9 12 2 2 2 6 13 7 2 5 9 7 6 4 8 12 2 3 12 27 68 69 65 375 375 52 2 1 0 2 4 4 4 2 4 12 9 15 7 8 18 18 18 18 18 12 8 9 5 4 3 3 3 2 7 5 1 0 1 10 1 3 3 34 18 10 3 0 3 2 1 7 45 6 16 19 88 965 965 965 25 20 0 0 13 14 50 88 965 965 965 55 8 5 0 35 135 90 9 18 50 88 965 965 965 25 5 5 5 90 965
3 3 4 16 18 81 18 14 11 2 0 2 3 0 1 4 10 9 9 7 10 13 14 6 7 5 2 6 3 9 8 20 11 8 6 13 4 6 5 9 7 7 28 46 108 41 8 11 5 1 10 8 2 9 0 8 16 18 68 69 65 375 375 52 35 21 0 2 11 34 16 25 12 18 12 0 0 2 3 4 4 9 3 0 0 0 2 5 8 10 10 3 3 16 8 14 12 13 6 1 2 0 0 4 0 1 14 3 2 2 0 0 1 0 1 0 3 9 3 26 15 0 0 0 0 1 1 965 55 28 6 5 167 110 238 21 39 70 90 965 965 965 965 55 28 7 2 18 50 88 965 965 965 965 965
6 16 3 7 10 24 81 18 14 11 0 3 1 2 4 7 14 18 13 4 4 8 20 6 7 6 4 2 0 4 2 1 0 4 11 11 34 16 21 10 1 6 26 9 46 62 22 26 9 46 34 29 36 36 34 18 6 1 1 12 27 68 69 65 375 375 52 35 21 18 62 46 29 11 26 13 4 6 6 7 11 15 4 4 4 4 3 4 4 12 7 8 6 17 42 19 0 0 0 1 9 3 1 26 3 0 0 0 0 1 10 1 26 15 1 1 1 0 4 0 1 19 88 0 0 0 0 0 965 965 965 25 5 5 5 90 965 965 965 25 2 0 0 1 25 70 90 965 965 965 965 965 55 28 7 2 18
0 0 0 0 18 18 4 6 1 4 6 2 25 36 4 1 3 5 2 3 3 3 7 2 3 13 5 2 9 10 4 12 18 12 26 8 4 4 6 16 5 7 29 36 9 9 2 1 0 4 7 11 20 4 2 3 1 0 0 3 6 7 7 2 1 0 0 2 27 68 69 65 375 10 9 1 0 6 2 4 0 1 1 4 13 10 18 18 18 18 12 2 1 1 0 2 4 9 13 10 9 17 13 7 3 2 4 4 12 7 8 6 17 16 1 3 3 6 1 0 0 1 0 3 18 33 167 110 99 145 3 3 0 0 1 0 2 7 16 90 965 965 25 2 0 0 90 112 3 7 16 90 965 965 965 965 55 28 17 18 50 88 965 965 965 965
6 16 3 7 10 24 81 18 14 3 0 10 1 0 0 1 5 6 4 5 0 3 7 0 0 0 18 68 69 65 375 375 375 375 375 23 14 4 3 6 0 1 1 9 46 108 18 6 12 12 5 1 3 3 8 9 14 16 14 34 9 19 67 62 46 29 2 11 21 34 47 5 17 7 23 41 40 112 152 21 12 15 11 25 21 238 99 145 18 5 14 11 40 158 112 152 45 35 47 52 167 110 238 238 238 99 145 13 14 50 88 965 965 965 965 965 965 965 965 965
3 10 0 0 1 3 19 6 1 0 2 12 25 80 25 10 4 2 3 2 7 10 5 2 9 0 8 16 18 68 69 65 375 375 52 35 21 18 108 25 17 24 16 28 46 108 46 10 1 1 4 3 26 4 10 25 5 14 34 34 42 62 46 29 18 12 26 15 1 1 4 4 28 10 8 12 3 6 5 5 99 145 135 13 6 14 11 40 1 2 1 1 2 9 21 14 4 2 1 1 1 18 16 45 145 135 90 112 152 167 15 39 70 90 965 965 965 965 965 55 28 17 18 50 88 965 965 965 965
7 2 2 4 3 1 1 7 15 81 19 12 7 5 7 0 1 0 0 0 0 4 1 6 12 0 1 1 1 5 375 375 375 375 375 10 9 5 2 11 4 0 7 28 4 25 9 14 23 40 17 8 1 1 4 12 25 15 40 56 12 10 0 0 2 33 167 110 238 19 13 16 9 34 47 52 45 35 135 90 17 14 10 16 18 1 0 0 0 2 4 5 13 47 152 167 110 238 238 238 99 145 135 13 6 14 11 40 158 158 112 152 167 110 238 238 19 0 0 0 3 1 3 8 45 14 8 1 0 1 1 19 88 965 55 8 5 1 45 145 135 8 18 50 88 965 965 965
7 2 0 0 4 3 81 81 81 81 3 1 0 0 10 1 0 1 9 12 9 15 7 11 8 4 4 1 1 3 10 68 69 65 375 375 375 23 1 0 0 11 375 375 375 375 375 375 52 35 21 18 62 46 29 18 12 2 6 13 14 18 15 7 2 6 9 4 6 16 12 16 67 108 41 2 3 2 41 89 80 25 21 3 6 25 8 9 1 1 1 1 1 11 40 158 112 152 167 16 0 0 0 0 1 1 16 110 99 145 135 90 112 152 167 15 39 70 90 965 55 28 17 18 50 88 965 965 965 965 25 20 9 9 70 90 965 965
7 2 2 1 1 2 18 81 81 19 6 1 1 8 10 36 62 10 3 3 6 17 42 62 22 5 5 0 2 4 0 4 5 5 11 375 375 375 375 375 375 375 2 3 3 2 19 12 16 67 108 46 9 11 34 34 42 108 25 10 26 10 2 4 5 1 12 17 42 108 41 2 3 5 18 6 0 0 4 0 2 0 0 5 23 145 47 52 21 12 9 11 23 41 40 158 158 158 158 112 152 45 1 0 0 0 0 1 4 0 1 18 16 110 238 238 99 145 135 90 158 158 158 112 152 167 110 238 238 238 238 21 39 70 90 55 28 7 2 18 50 88 965 965 965 965 55 8 5 1 15 39 70 90 965
16 21 10 10 17 24 81 19 12 5 0 4 13 7 8 16 18 68 69 65 375 375 375 375 375 375 23 7 6 3 42 62 46 29 18 12 8 9 2 3 0 0 5 18 13 4 6 46 62 10 2 1 0 10 46 34 1 2 1 2 18 10 11 14 21 34 135 13 15 1 1 2 11 23 9 1 1 1 1 7 9 3 1 26 9 2 4 0 2 1 1 5 8 158 112 152 45 6 16 19 88 965 965 965 965 965 55 8 3 3 16 90 965 965
11 62 7 2 0 0 4 3 81 3 1 0 0 1 6 4 13 5 2 6 9 12 8 4 0 0 0 0 2 2 6 375 375 375 375 375 23 7 6 3 42 62 46 29 18 12 26 8 6 16 19 67 108 46 36 12 13 4 0 2 6 0 0 3 4 0 0 0 0 0 1 3 3 9 11 0 0 0 2 5 1 14 11 14 2 2 2 1 2 0 13 1 0 4 1 0 0 1 0 0 0 0 8 158 112 152 167 110 99 145 47 2 7 16 90 965 965 965 965 55 28 6 5 20 25 70 90 965 965 965 965 965 965
7 10 10 17 24 81 3 4 4 0 4 4 13 5 3 3 3 0 2 5 9 68 69 65 375 375 375 23 2 1 0 7 8 12 11 2 6 13 14 18 15 7 5 10 10 25 80 25 21 3 6 25 21 0 1 4 0 1 6 14 11 40 158 158 112 152 167 110 99 145 47 52 21 12 15 11 2 1 0 0 1 2 2 1 2 5 8 158 158 158 112 152 167 110 238 238 99 145 135 8 18 50 88 965 965 965 55 20 21 21 88 965 965 55 20 21
7 1 0 0 16 18 19 12 2 0 12 25 80 25 1 6 5 10 25 36 11 0 6 12 27 68 69 65 375 375 375 52 35 21 18 62 7 4 1 6 26 9 4 7 16 5 13 19 6 10 4 6 16 28 8 4 6 2 25 56 10 3 5 10 46 1 5 21 4 9 8 16 41 40 112 152 167 16 25 15 11 25 21 99 145 18 10 10 16 9 1 3 2 0 0 8 52 45 9 2 4 16 90 965 55 8 3 3 16 90 965 965 965 965 965 965 965
1 20 7 0 2 17 24 81 81 19 3 1 0 42 19 19 34 34 42 108 41 89 80 27 7 0 6 12 27 68 69 65 375 375 375 52 35 21 2 25 9 14 23 40 56 10 7 6 46 108 25 17 9 4 1 3 2 0 2 18 33 167 2 0 0 0 3 15 11 21 34 135 3 1 4 2 1 0 1 1 11 21 34 135 47 152 21 6 1 0 0 1 0 16 19 88 965 965 965 965 965 965 965 965 965 965 965 965 965 965 965 965
