0 0 0 0 0 0 0 0 0 0 0 0 0 0 0 0 0 0 0 0 0 0 0 0 0 0 0 0 0 0 2 0 0 0 0 0 0 0 0 0 0 0 0 0 1 0 1 0 0 0 0 0 0 0 0 0 0 0 0 0 0 0 0 0 0 0 0 0 0 0 0 0 0 0 0 1 1 0 1 0 0 0 0 0 0 0 0 0 0 0 0 0 0 2 0 0 0 0 0 0 0 0 0 0 0 0 0 0 0 0 29 45 441 20 13 5 4 4 2 1 0 0 0 0 2 10 13 15 45 441 20 13 14 17 19 17 12 0 0 1 3 4 5
0 0 0 0 0 0 0 0 0 0 0 0 0 0 0 0 0 0 0 0 0 0 0 0 0 0 0 0 0 0 1 0 0 0 0 0 0 0 0 0 0 1 5 0 0 0 0 0 0 0 0 0 0 0 0 0 0 0 0 0 0 0 0 0 0 0 0 0 0 0 0 0 0 0 0 0 0 0 0 0 0 0 0 0 0 0 0 0 0 0 0 0 0 0 0 0 0 0 0 0 0 1 1 4 0 0 0 1 19 17 12 10 45 20 13 0 0 0 0 0 0 0 0 0 3 4 0 0 0 1 19 17 0 0 0 1 1 1 1 1 11 28 3 0 5 1 1 1 1 1 11 28 46 53 441 441 441 441 441 441 441 441 441 441
0 0 0 0 0 0 0 0 0 0 0 0 0 0 0 0 0 0 0 0 0 0 0 0 1 0 0 0 0 0 0 0 0 0 0 0 0 0 0 0 0 0 0 0 0 0 0 0 0 0 1 1 0 0 0 0 0 0 0 0 0 0 0 0 0 0 0 0 0 0 0 0 0 0 0 0 0 0 0 0 0 0 0 0 0 0 0 0 0 0 0 0 0 0 0 0 0 0 0 0 0 0 0 0 0 0 0 0 3 19 19 3 3 6 6 4 2 0 0 3 3 2 7 13 29 5 13 5 1 0 0 0 0 7 2 4 1 9 9 9 8 7 46
0 0 0 0 1 1 0 0 0 0 0 0 0 0 0 0 0 1 1 1 0 0 0 0 0 0 0 0 2 2 1 1 1 0 0 0 0 0 0 0 0 0 0 0 0 0 0 0 0 0 0 0 0 0 0 0 0 0 0 0 0 0 0 0 0 0 0 0 0 0 0 0 0 0 0 0 0 0 0 0 0 0 0 0 0 0 0 0 0 0 0 0 0 4 13 2 2 4 11 13 10 29 45 441 20 7 5 4 4 4 4 4 19 46 53 7 8 6 6 4 2 2 2 11 13 10 29 45 441 441 441
0 0 0 0 0 0 2 0 0 0 0 1 1 4 4 2 0 0 0 0 0 0 0 0 0 0 0 0 0 0 0 0 0 0 0 0 0 0 0 1 0 0 0 0 0 0 0 0 0 0 0 0 0 0 0 0 0 0 0 0 0 0 0 0 0 0 1 1 1 0 0 0 0 0 0 0 0 0 2 1 0 0 1 1 0 0 0 0 0 0 7 0 0 0 0 0 0 0 0 0 0 0 0 0 6 1 4 8 2 3 3 3 19 2 2 0 0 0 0 0 0 5 6 13 29 45 20 13 5 4 4 2 2 2 14 19 2 2 1 1 0 0 0 0 3 5 5 6 13 29 45 441 441 441 441 441 441
0 0 0 0 0 0 0 0 0 0 0 0 0 0 0 0 0 0 0 0 1 0 0 0 0 0 1 1 1 0 0 0 0 3 2 1 0 6 7 1 0 0 0 0 0 0 0 0 0 0 1 1 0 0 0 0 0 0 0 0 0 0 0 0 0 0 0 0 0 0 0 0 0 0 0 0 0 0 0 0 0 0 0 0 0 0 0 0 2 0 0 1 0 0 0 0 0 0 0 0 0 0 0 0 0 0 0 0 0 0 0 0 0 0 0 0 0 0 0 13 10 29 45 441 7 0 0 1 2 2 2 0 0 0 0 0 0 0 0 13 1 1 0 4 4 2 1 0 13 3 3 1 3 3 3 19 19 46 8 7 3 3 3 3 3 3 12 53 441 441 441
0 0 0 0 0 0 0 0 0 0 0 0 0 0 1 0 0 0 0 1 1 0 0 0 1 3 0 1 1 1 0 0 0 0 0 0 0 0 0 0 0 0 0 0 0 0 0 0 1 0 0 1 0 0 0 0 0 0 0 0 0 0 0 0 0 0 0 0 0 0 0 0 0 0 0 0 0 0 0 0 0 0 0 0 0 0 0 0 0 0 0 0 0 0 0 0 0 0 0 0 0 0 0 0 0 0 0 0 0 0 1 5 5 6 13 29 45 7 1 1 3 4 5 5 5 53 7 8 0 0 0 0 0 0 5 6 13 1 2 7 9 9 9 8 7 46 53 441 441 441 441 441 441
0 0 0 0 0 0 1 1 0 0 0 0 0 0 0 0 1 1 3 1 0 0 0 0 0 0 0 0 0 0 0 0 0 0 0 0 0 0 0 0 0 1 0 0 0 0 0 0 0 1 0 0 0 0 0 0 0 0 0 0 1 3 2 2 0 0 0 0 0 0 0 0 0 0 1 0 0 0 0 0 0 0 0 0 0 0 0 0 0 0 0 0 0 0 0 0 0 0 4 4 2 2 2 14 19 19 46 53 441 441 441 441 441 20 13 5 4 4 2 1 1 5 9 11 0 2 0 0 0 0 0 0 0 0 0 17 12 10 45 441 441 441 441
0 0 0 0 0 0 0 0 0 0 0 0 0 0 0 0 0 0 1 0 0 0 1 1 1 1 0 0 0 0 0 0 0 0 0 0 0 0 0 0 0 0 0 0 0 0 0 0 0 0 0 0 0 0 0 0 0 0 0 0 0 0 0 0 0 0 0 0 0 0 0 0 0 0 0 1 2 1 1 0 0 0 0 0 0 0 0 0 0 0 0 0 0 0 0 0 0 0 0 0 0 0 0 0 0 0 0 1 1 1 1 4 0 0 0 0 0 0 3 3 19 19 46 53 441 7 8 6 6 4 2 0 0 1 1 1 5 7 13 29 45 7 1 1 3 4 5 5 5 53 441 441 441 441 441 441 441 441 441 441 441 441 441 441
0 0 0 0 0 0 0 0 0 0 1 0 0 0 0 0 0 0 0 0 0 0 0 0 0 1 2 5 0 0 0 0 0 0 0 0 1 0 0 1 2 1 0 0 0 0 0 0 0 0 0 0 0 0 0 0 0 0 0 0 0 0 0 0 0 0 0 0 0 0 0 0 0 0 0 0 0 0 0 0 0 0 0 0 0 0 0 0 0 0 0 0 0 0 0 0 0 0 3 3 19 19 3 3 5 4 4 2 1 1 5 9 11 0 0 0 0 0 0 0 0 6 0 0 0 4 4 4 4 4 19 3 1 14 17 19 17 12 10 45 441 441 441 441 441 441 441 441 441 441
0 1 3 1 0 4 2 2 1 0 0 0 0 0 0 0 0 0 0 0 0 1 1 0 0 0 0 0 1 0 0 0 0 1 0 1 1 1 0 0 0 0 0 0 0 0 0 0 0 1 1 0 0 0 0 0 0 0 0 1 0 0 0 0 1 0 1 0 0 0 1 2 1 0 0 0 0 0 0 0 0 0 0 0 0 0 0 0 0 0 4 0 1 0 0 0 0 0 1 4 2 8 10 0 1 1 1 1 1 4 4 4 4 3 12 12 0 0 1 2 0 2 3 0 2 2 29 22 40 40 2 4 6 12 18 28 3 3 5 4 4 2 1 1 5 9 11 28 46 53 441
0 2 1 1 1 1 1 4 2 3 0 0 0 1 1 0 0 0 0 0 0 0 0 0 1 1 1 0 0 5 3 0 1 1 2 0 0 0 0 0 0 0 0 0 2 1 13 9 8 0 0 0 0 0 0 1 0 0 0 0 1 1 1 0 0 2 0 0 0 0 0 0 0 0 0 2 4 0 0 0 0 0 0 0 0 0 5 6 0 0 0 3 3 3 3 0 0 0 3 3 3 3 3
0 1 3 2 0 0 0 0 2 3 0 0 2 2 3 1 2 0 0 0 0 1 0 0 0 0 0 0 0 0 0 0 0 0 0 0 1 1 0 0 0 0 0 1 1 6 46 0 0 1 1 1 0 0 0 0 0 0 0 0 0 0 0 0 0 0 0 0 0 1 0 0 0 0 0 0 0 0 0 0 0 0 1 0 0 0 0 0 0 0 0 0 0 0 3 12 12 12 0 0 0 1 1 0 1 0 0 0 0 0 0 0 0 0 0 0 1 31 13 15 4 0 0 0 0 2 0 0 0 0 0 0 0 0 4 9 11 28 3 1 14 17
0 2 0 0 0 0 0 1 1 0 0 0 0 3 2 1 0 0 0 0 0 0 0 0 0 0 0 0 0 0 0 0 0 1 2 1 2 0 0 0 0 0 1 1 6 1 2 2 2 2 0 0 0 0 0 0 0 0 0 0 1 1 0 0 0 0 0 0 0 0 1 1 1 0 0 0 0 0 0 0 0 0 0 0 0 1 2 1 2 4 34 12 2 2 2 2 10 13 15 45 441 441 441 441 20 13 4 0 0 0
0 0 0 0 0 1 0 0 0 0 0 0 0 0 0 1 1 1 0 0 0 1 0 0 0 0 0 0 4 4 4 2 3 4 8 6 3 7 4 7 2 5 1 0 1 1 0 0 0 0 2 1 0 1 3 3 3 2 0 1 0 0 0 0 0 0 0 0 0 0 0 0 0 0 1 1 2 0 0 0 0 0 0 1 0 0 0 0 4 1 0 0 0 0 0 1 0 0 0 0 0 0 0 0 0 0 22 40 20 27 38 42 34 24 10 7 12 12 10 0 0 0 0 0 0 0 0 1 0 0 0 0 0 0 0 0 0 0 0 0 14 13 8 1 2 2 2 3 6 12 53 441 441 20 13 4 4 3 3 3
0 1 1 1 0 2 0 0 0 0 2 1 1 1 0 0 0 0 0 0 0 0 0 0 0 0 0 0 0 0 0 0 0 0 0 0 0 0 0 0 0 0 0 1 46 37 0 0 0 0 0 0 0 0 3 0 0 0 0 0 0 1 2 34 24 10 7 10 15 25 28 34 31 29 0 0 0 0 0 0 0 0 0 0 0 1 1 0 0 1 4 4 3 10 15 2 1 1 1 0 0 0 0 0 0 0 0 0 29 22 2 4 6 12 18 2 3 2 12 16 16 15 14 29 45 441
0 0 0 0 0 0 0 0 0 0 0 0 0 0 0 0 0 0 1 1 7 2 2 0 0 0 0 0 0 0 0 0 0 0 0 0 0 0 0 0 0 0 0 0 0 0 0 0 0 0 0 0 0 0 0 0 0 0 0 0 0 0 2 4 4 4 2 0 0 0 1 1 3 2 1 0 0 0 0 0 0 0 0 0 0 0 0 0 0 0 0 22 40 20 27 38 42 34 1 1 1 5 7 13 1 0 1 3 4 5 5
0 0 0 0 0 0 0 0 4 0 0 0 0 0 0 0 0 0 1 1 1 1 3 2 2 1 0 0 0 0 3 0 0 0 0 0 1 1 6 0 0 0 0 0 0 0 0 0 0 0 0 0 1 31 13 15 38 1 0 0 0 0 1 1 1 4 2 15 25 3 1 3 1 0 0 0 0 0 40 40 40 40 20 27 38 42 0 0 0 0 0 0 0 0 0 0 3 4 34 12 14 13 42 3 3 3 2 7 13 29 45 441 441 441 441 441 441 441
0 0 0 0 0 0 0 0 0 0 0 0 0 0 0 0 0 0 1 2 2 1 1 5 1 2 1 2 0 0 0 0 0 1 1 6 1 2 0 0 1 1 1 1 0 0 0 0 0 0 0 0 0 0 0 24 10 7 0 0 0 0 0 0 2 2 2 29 22 40 40 40 40 1 0 0 0 0 1 0 0 0 1 0 3 12 0 0 0 2 2 0 0 0 0 0 0 0 0 0 0 0 0 7 27 4 0 0 0 0 2 6 12 53 441 441 7 8 0 0 0 0
1 1 1 1 1 1 0 0 1 1 0 0 0 0 0 0 0 1 1 1 0 0 0 0 0 0 0 0 0 0 1 0 0 0 0 0 4 7 2 0 0 0 0 0 0 0 0 0 0 0 0 2 4 13 1 2 0 0 1 1 1 0 5 1 1 1 1 1 1 1 1 3 1 0 1 1 2 1 0 4 4 28 34 31 29 22 20 27 38 42 34 24 10 0 0 1 2 3 1 1 1 0 0 2 2 7 4 12 9 31 29 22 40 20 27 38 42 3 3 3 2 7 2 0 0 0 0 0 0 0 10 29
0 0 0 1 0 2 1 1 0 0 0 0 0 0 0 0 0 0 0 0 0 0 0 0 0 0 0 0 0 0 0 3 135 135 135 135 135 1 0 0 0 0 0 0 0 1 1 0 0 0 0 0 2 0 0 0 0 0 0 0 0 0 0 0 0 0 0 1 1 0 0 0 0 0 0 0 0 2 2 3 0 0 0 0 0 0 0 0 0 0 1 0 0 0 0 0 0 0 0 0 0 0 0 0 0 19 2 0 0 3 4 0 0 0 0 1 1 0 0 34 31 1 1 0 0 1 0 0 0 0 0 15 25 28 34 31 29 7 0 1 0 0 0 0 0 0 1 1 0 0 0 1 4 0 0 0 1 19 17 12 10 45
0 0 0 0 0 0 2 0 0 0 0 0 0 0 0 0 0 0 0 0 0 0 0 2 23 6 3 2 2 2 0 0 0 0 0 0 0 0 0 0 0 0 0 0 0 0 0 0 0 0 0 0 0 0 0 0 0 0 0 0 0 0 0 0 0 0 0 0 0 3 2 2 3 4 5 5 5 53 20 13 4 4 3 3 3 3 19 19 46 53 441 441 441 20 7 3 3 3
0 0 0 0 0 0 2 2 3 0 0 0 0 0 0 0 0 0 0 0 0 0 0 0 0 0 0 0 0 0 0 0 0 3 135 135 23 21 15 13 9 1 0 0 1 0 0 0 0 0 0 0 0 0 0 0 1 2 1 0 3 0 0 2 1 0 0 0 0 0 0 0 0 0 5 0 0 0 1 0 0 0 0 0 0 0 1 0 0 0 1 2 1 0 0 0 0 0 0 0 0 0 0 0 0 0 0 0 0 0 0 0 0 3 19 19 3 3 7 9 9 9 0 0 4 4 16 16 15 14 29 45 20 13 4 4 3 3 3 3 19 19 46 53 441 441 441 20 7 3 3 3 3
0 0 0 0 0 0 0 0 0 0 2 0 0 0 0 0 0 0 0 0 0 0 0 0 3 135 23 21 5 3 2 2 2 1 0 0 0 0 0 0 0 0 0 0 0 0 0 0 0 2 1 0 0 0 1 1 0 0 0 0 1 2 1 1 0 0 0 0 0 0 0 0 0 0 2 4 4 24 0 0 0 0 0 0 0 0 0 0 0 0 0 0 0 0 0 0 0 0 6 12 53 441 441 441 441 441 441 20 13 4 4 2 0 0 0 2 2 4 11 13 10 29 45 441 441 441 441 441 7 0 0 0 0 0 0 0 10 1 0 1 3 4 5
0 0 0 0 0 0 0 0 0 0 0 0 0 0 0 0 0 0 0 0 0 0 0 0 4 135 23 5 0 0 0 0 0 0 0 0 0 0 1 0 0 0 0 0 0 0 0 0 0 0 0 0 0 0 0 0 1 0 0 0 0 0 0 1 1 0 0 0 0 0 0 0 0 0 0 0 0 0 0 0 0 0 0 0 0 0 0 0 0 0 0 0 0 0 0 0 0 0 0 42 13 15 14 14 34 31 1 1 6 12 1 0 1 1 19 17 0 0 0 0 0 0 0 0 6 13 1 2 7 9 9 9 8 7 46 53
0 0 0 0 0 0 0 0 0 2 3 2 2 0 0 0 0 0 0 0 0 0 0 0 0 0 1 1 3 2 4 12 4 1 1 0 0 0 0 0 0 0 0 0 0 0 0 0 0 0 0 0 0 0 0 0 0 0 1 3 2 1 0 0 0 0 0 0 0 0 0 0 2 2 2 1 3 4 2 0 0 0 0 0 0 0 0 0 0 0 0 0 0 0 0 0 0 3 3 19 19 46 53 20 13 14 17 19 17 12 10 45 441 441 441 441 441 20 7 3 3 3 3 3 3 12 53 441
1 2 0 0 0 0 2 0 0 0 0 0 0 0 0 0 0 0 0 0 0 0 0 0 0 0 0 0 0 0 0 0 4 1 0 0 0 0 0 0 0 0 0 0 0 0 0 0 0 0 0 0 0 0 0 0 0 1 0 0 0 0 0 0 0 0 0 0 0 0 0 0 0 0 0 0 0 0 0 0 0 0 0 0 0 1 2 4 6 1 0 0 0 0 0 0 0 0 0 0 0 0 0 0 5 3 1 2 4 4 18 2 3 0 4 3 3 3 3 19 19 46 53 441 441 441 441 441 441
0 0 0 1 1 0 0 0 2 2 1 0 0 0 0 0 0 0 0 0 0 0 0 1 0 0 0 0 0 0 0 1 1 1 1 0 0 0 0 0 0 0 2 3 0 0 0 0 0 0 0 0 0 0 0 0 0 0 0 0 0 0 0 0 0 2 1 1 0 0 0 0 0 0 0 0 0 0 0 0 13 2 2 4 11 13 10 29 5 13 4 4 2 1 1 1 9 11 0 2 1 3 3 3 3 1 4 0 0 0 0 0 0 0 0 0 0 9 8 7 46 53 441 441 441 441 441 20 13 14
1 1 2 1 2 1 3 3 0 0 0 1 1 0 0 0 0 0 0 0 0 1 0 0 0 0 0 0 0 0 0 1 1 21 15 2 2 0 0 0 0 0 0 0 0 0 0 0 0 0 0 0 0 1 1 1 4 3 5 5 0 0 0 3 1 0 0 0 0 0 1 0 0 0 0 0 0 0 0 0 0 0 0 0 9 11 28 46 8 13 4 0 0 0 0 0 6 12 53 441 441 441 441 441 441 441 441 20 7 5 4 4 4 4 4 19 46
1 1 0 0 0 0 0 0 0 0 0 0 0 0 1 0 0 0 0 0 0 0 0 0 0 0 0 0 0 0 0 0 3 3 1 1 1 0 0 0 0 0 0 0 0 0 0 0 0 0 0 0 0 2 0 0 0 0 1 2 2 0 0 3 1 0 0 0 0 0 1 0 0 0 1 0 0 2 0 0 5 9 11 28 3 0 1 3 0 0 0 0 1 17 12 10 45 441 7 1 1 3 4 5 5 5 53 441 441 441 441 441 441 20 7 3 3 3 3
1 2 1 1 0 0 1 0 0 0 0 0 0 0 0 0 0 0 0 0 0 0 0 0 0 1 3 135 135 135 135 135 2 5 1 0 0 0 0 0 0 0 0 0 0 0 0 0 0 0 0 0 0 0 0 0 0 0 0 0 0 0 0 0 0 0 1 0 0 0 0 0 0 0 0 0 0 0 0 0 0 0 0 0 0 0 0 0 0 0 0 0 0 0 0 0 0 4 12 6 1 6 5 4 12 6 1 4 8 2 3 0 0
0 0 0 0 0 0 1 1 0 0 0 0 0 0 0 0 0 0 0 0 0 0 0 0 0 1 1 2 8 46 37 30 135 135 135 135 23 21 15 13 2 1 1 1 0 0 0 0 0 0 0 0 0 0 0 0 0 0 0 0 0 0 0 0 0 0 0 0 0 0 0 0 0 0 0 0 0 0 0 0 0 0 0 0 0 0 0 0 0 0 0 0 0 0 0 0 0 2 2 2 0 0 0 0 1 2 1 1 1 12 12 4 13 3 0 0 0 0 0 0 0 0 0 3 1 1 2 14
0 0 0 0 0 0 0 1 0 1 1 1 0 0 0 0 0 0 0 0 0 0 0 1 5 6 46 37 30 135 135 2 3 1 1 1 0 0 0 0 0 0 0 0 0 0 0 0 0 0 0 0 0 0 0 0 0 0 0 0 0 0 0 0 0 0 0 0 0 0 0 0 0 0 0 0 0 0 0 0 0 0 0 0 0 0 0 0 0 0 0 0 0 0 0 0 0 0 0 0 0 1 2 14 14 34 12 14 13 42 13 2 0 0 0 0 0 0 0 0 0 2 0 0 0 0 0 0 0 0 1 4
0 0 0 0 0 0 0 0 0 0 0 0 1 0 1 0 0 0 0 0 0 0 0 0 0 0 0 0 0 0 0 0 0 0 0 0 37 30 135 2 0 0 0 0 0 0 0 0 0 0 0 0 0 0 0 0 0 0 0 0 0 0 0 0 0 0 0 0 0 1 0 0 0 0 0 0 0 0 0 0 0 0 0 0 0 0 0 0 0 0 0 0 0 0 0 0 0 0 0 0 0 0
1 0 0 0 0 1 1 0 0 0 0 0 0 0 0 0 0 0 1 0 0 0 1 3 5 5 6 46 37 7 5 0 0 0 0 0 0 0 0 0 0 0 0 0 0 0 0 0 0 0 0 0 0 0 0 0 0 0 0 0 0 0 0 0 0 0 0 0 0 0 0 0 0 0 0 0 0 0 0 0 0 0 0 0 0 0 0 0 1 0 1 15 14 14 34 12 14 13 42 13 15 1 1
1 2 1 1 0 0 1 1 0 0 0 0 0 0 0 0 0 0 0 0 0 0 0 0 5 10 24 46 37 7 5 2 2 1 0 0 0 0 0 0 0 0 0 0 0 0 0 0 0 0 0 0 0 0 0 0 0 0 0 0 0 0 1 1 0 0 0 0 0 0 0 0 0 0 0 0 0 0 0 0 0 0 0 5 3 4 0 0
1 1 2 1 0 0 1 0 0 0 0 0 0 0 0 0 0 0 0 0 0 0 0 0 0 1 4 24 46 37 30 23 21 15 13 9 8 2 0 1 0 0 0 0 0 0 0 1 1 0 0 0 0 0 0 0 0 1 0 0 1 1 0 0 0 0 0 0 0 0 0 0 0 0 0 0 2 8 10 0 0 0 0 0 0 0 0 1 0 0 0 0 1 0 0 0 0 0 0 0 0 1 31 13 15 38 42 34 15 16 12 28 34 12 14 13 42 13 15 14 14 34 31 13 15 38
0 0 0 0 0 1 1 1 3 0 0 0 0 0 0 0 0 0 0 0 0 0 0 0 0 0 37 7 5 2 2 1 1 0 0 0 0 0 0 0 0 0 0 0 0 0 0 0 0 0 0 0 0 0 0 0 0 0 0 0 0 0 0 0 0 0 0 0 0 0 0 1 1 2 4 3 0 0 0 0 0 1 0 0 0 1 28 34 12 3 1 0 0 0 1 1 0 0 1 0 2 2 2 9 31 29 22
1 1 0 1 1 0 0 0 0 0 0 0 0 0 0 0 0 0 0 0 0 0 1 1 6 0 2 2 1 0 0 0 0 0 0 0 0 0 1 0 0 0 0 0 0 0 0 0 0 0 0 0 0 0 0 0 0 0 0 0 0 0 0 0 0 0 0 0 0 1 0 5 5 3 0 0 3 3 2 3 0 0 2 2 5 3
4 5 2 1 1 2 2 1 0 0 0 0 0 0 0 0 0 0 0 0 0 0 0 0 0 0 0 0 0 0 0 0 0 4 135 135 135 135 135 135 135 2 5 4 0 0 0 0 0 0 0 0 0 0 0 0 0 0 0 0 0 0 0 0 0 0 0 0 0 0 0 0 0 0 0 0 0 0 0 0 0 0 1 0 0 0 0 0 0 0 0 0 0 0 0 0 0 0 0 0 0 0 0 0 0 0 0 0 0 0 1 1 0 0 0
4 1 0 0 0 0 0 0 0 1 0 0 0 0 0 0 0 0 0 0 0 0 0 0 0 0 0 0 0 0 1 0 0 0 0 0 0 0 0 1 0 0 0 0 0 0 0 0 0 0 0 0 0 1 0 0 0 0 0 0 0 0 0 0 9 24 46 37 0 3 1 0 0 0 0 0 0 0 0 0 1 1 0 0 0 0 0 0 0 0 1 1 2 1 0 0 0 0 0 0 0 0 0 0 0 0 0 0 0 0 0 0 0 0 0 3 4 5 5 5 1 8 0 0 0 0 0 0 0 0 0 0 4 4 4 4 19 46 53 20 13 0 0 0 0 0 0 0 0
0 0 0 0 0 0 1 1 2 1 0 0 0 0 0 0 0 0 0 0 0 0 0 0 0 0 0 0 0 0 0 0 0 0 0 0 0 0 0 0 0 0 0 0 0 0 0 0 0 0 0 2 0 0 0 1 1 2 2 8 3 3 1 2 1 0 0 0 0 0 0 0 0 0 0 0 0 0 0 0 0 0 0 0 0 0 0 0 0 1 1 3 1 1 1 0 1 0 0 0 1 0 0 0 0 0 0 0 0 0 0 0 0 0 0 0 0 0 0 0 0 0 0 0 0 0 0 0 0 0 0 0 0 0 0 0 0 0 0 1 0 0 0 0 0 0 2 7 13 29 1 1 1 3 4 5 0 0 0 3 4 5 5 5
0 0 0 0 0 0 1 1 2 0 0 0 0 0 0 0 0 0 0 0 0 0 0 0 0 0 1 0 0 0 0 0 0 0 0 0 0 0 0 0 0 0 0 0 0 0 0 0 0 0 0 0 0 1 2 0 0 0 0 0 0 0 0 0 0 0 0 0 0 0 0 0 0 0 0 1 1 2 8 46 37 7 0 1 1 1 0 0 0 0 0 0 0 0 0 0 0 0 0 0 0 1 0 2 1 0 0 0 0 0 0 0 0 0 0 0 0 0 0 0 0 0 0 0 0 0 0 1 1 0 0 0 0 0 0 0 0 0 0 0 0 0 0 0 0 0 0 0 0 0 0 0 0 0 0 0 0 0 0 0 0 0 0 0 0 0 0 0 0 0 0 0 5 1 0 0 0 0 7 13 29 45 441 441 441 441 441 441 441 441 0 0 0 0 0 0 0 0 0 1
0 0 0 0 0 0 0 0 0 0 0 0 0 0 0 0 0 0 0 0 0 0 0 0 0 0 0 0 0 0 0 0 0 0 0 0 0 0 0 0 1 0 0 0 0 0 0 0 0 0 0 0 0 0 0 0 0 0 1 1 0 0 0 0 0 1 0 0 0 0 0 0 0 0 0 0 0 0 1 6 46 0 0 1 1 0 0 0 0 0 0 0 0 0 0 0 0 0 0 0 0 0 0 0 0 0 0 0 0 0 0 0 0 0 0 0 0 0 0 0 0 0 0 0 0 0 0 0 0 0 0 0 0 0 0 1 12 1 0 0 0 0 0 0 0 0 0 0 4 0 0 0 1 0 0 0 0 1 5 5 5 53 441 441 441 441
1 2 2 0 0 0 1 0 0 0 0 0 0 0 0 1 1 0 0 0 0 0 0 0 0 0 0 0 0 0 0 0 0 1 0 0 0 0 0 0 0 0 0 0 0 0 1 1 1 0 0 0 0 0 0 0 0 0 0 0 0 0 0 0 0 0 0 0 0 0 0 0 2 8 46 37 0 6 5 0 0 0 0 0 0 0 0 0 0 0 0 0 0 0 0 0 0 0 0 0 0 0 0 0 0 0 0 0 0 0 0 0 0 0 0 0 0 0 0 0 0 0 0 0 0 0 0 0 0 0 0 0 0 0 0 0 1 0 14 17 19 17 12 10 45 441 441 441 441 441 7 1 1 3 4 5 5 5
0 0 0 0 0 0 0 4 3 1 0 0 0 0 0 0 0 0 0 0 0 1 0 0 0 0 0 0 0 0 0 0 0 0 0 0 0 0 0 0 0 0 0 0 0 1 1 1 0 0 0 1 1 0 0 0 0 0 0 0 0 0 0 0 0 0 0 0 0 0 0 2 2 9 24 46 37 0 6 3 2 1 0 0 0 0 0 0 0 0 1 0 0 0 0 1 1 0 0 0 0 0 0 0 0 0 0 0 0 0 0 1 2 2 1 0 1 1 1 0 0 0 0 0 0 0 0 0 0 0 0 0 0 0 0 0 0 0 0 0 0 0 0 0 0 0 0 0 0 0 0 13 10 3 0 14 17 19 17 12 0 0 1 3 4 5 5 5 53 441 441
3 0 0 0 0 1 1 1 0 1 1 1 0 0 2 1 1 0 0 0 0 0 0 0 0 0 0 0 0 0 0 0 0 0 0 0 2 1 0 0 0 0 0 0 0 0 0 0 0 0 0 0 0 0 0 0 0 0 0 0 0 0 0 0 0 0 0 0 0 0 0 0 2 2 2 2 9 24 46 6 2 1 0 0 0 0 0 0 0 0 0 0 0 1 1 0 0 0 0 0 0 0 0 1 0 0 0 0 0 0 0 0 0 0 0 0 0 0 0 0 0 0 0 0 0 0 0 0 0 0 4 6 13 15 1 8 0 0 0 0 0 0 13 10 29 5 7 5 0 0 0 0 0 0 3 2 7 13 29 1 1 1 3 4 5
1 1 0 1 1 0 0 0 0 0 0 0 0 0 0 0 0 0 0 0 0 0 0 0 0 0 0 0 0 0 0 0 0 0 0 0 0 0 0 1 1 0 0 1 1 1 0 0 0 0 0 0 0 0 0 6 11 13 46 6 4 15 0 0 0 0 0 0 0 0 1 0 0 0 0 0 0 0 0 0 0 0 0 0 0 0 0 0 0 0 0 0 0 1 1 0 0 0 0 0 0 0 0 0 0 0 0 0 0 0 0 0 0 0 0 0 0 0 0 0 0 0 0 0 0 0 0 4 2 0 0 0 5 5 12 18 28 46 53 20 13 5 1 1 1 2 2 13 29 45 441
1 2 1 2 0 1 0 0 0 0 0 0 0 0 0 0 0 0 1 0 0 0 0 0 0 0 0 0 0 0 0 0 0 0 0 0 0 0 0 0 0 0 0 0 0 2 1 0 0 1 0 0 0 0 1 1 0 0 0 9 24 46 6 4 15 13 9 8 2 0 3 1 0 0 1 0 0 0 0 0 0 0 0 0 0 0 0 0 0 0 0 0 0 0 0 0 0 0 0 0 0 0 0 0 0 0 0 0 0 0 0 0 0 0 0 0 0 0 0 0 0 0 0 0 0 0 0 0 1 1 3 4 5 5 5 1 0 0 0 0 0 0 0 0 19 46 53 441 20 13 5 1 1
0 0 0 0 0 0 0 0 0 0 0 0 0 0 0 0 0 0 0 0 0 0 0 0 0 0 0 0 0 0 0 0 0 0 0 0 0 0 0 0 0 0 0 0 0 0 0 0 0 1 0 0 0 0 0 0 0 0 0 0 0 0 0 0 0 0 0 2 24 1 2 0 0 0 0 0 0 0 0 0 0 0 0 1 1 0 0 0 0 0 0 0 0 0 0 0 0 0 0 0 0 0 0 0 0 0 0 0 0 0 0 0 0 0 0 0 0 0 0 0 0 0 0 0 1 1 0 0 0 0 0 0 0 0 0 0 2 6 0 0 0 0 0 0 0 0 0 1 3 6 12 53 20 13 10 12 16 16 15 14 29 45
1 2 1 2 0 0 0 0 0 0 0 0 0 0 0 0 0 0 0 0 0 0 0 0 0 0 13 46 37 30 135 12 6 1 2 0 0 0 0 0 0 0 0 0 1 2 2 0 0 0 0 1 0 0 0 0 1 2 0 1 0 2 0 0 0 0 1 0 0 1 1 1 3 1 1 0 1 1 2 1 0 0 1 4 0 0 1 1 1 0 0 0 1 4 3 5 5 3 12 10 29 7 27 0 1 4 11 13 10 29 45 441 441 441 441 441
0 0 0 0 0 0 0 0 0 0 0 0 1 1 0 0 0 0 0 0 0 0 0 0 0 0 6 11 13 46 6 4 15 13 6 4 3 2 3 1 1 3 3 1 0 0 0 0 0 0 0 0 0 0 0 0 0 0 1 1 1 2 1 2 0 0 0 0 0 0 0 0 0 0 0 0 0 1 1 0 1 1 0 2 0 0 0 0 0 0 0 0 0 0 0 0 0 0 0 0 0 1 0 1 15 14 0 4 5 9 11 28 46 53 441 20 13 10 12 16 16 15 14 29 45
0 0 0 0 1 1 0 0 0 4 1 0 0 0 0 0 0 0 0 0 0 0 0 0 0 0 1 0 0 1 135 2 3 1 1 0 0 0 0 0 0 0 0 0 0 1 0 0 0 0 0 0 0 0 0 0 0 0 0 0 0 0 0 0 0 0 0 0 0 0 1 3 2 3 5 2 0 1 1 1 0 0 0 0 0 0 0 0 0 0 0 0 0 9 31 29 7 27 38 1 1 1 0 2 3 1 0 5 25 28 34 31 0 0 0 0 0 0 0 0 0 0 0 0 0 0 0 0 0 1 0 0 0 1 0 0 0 0 1 5 5 6 13 29
0 0 0 0 0 0 1 1 0 0 0 0 0 0 0 0 0 0 0 0 0 0 0 0 0 0 0 1 1 2 8 46 37 0 0 0 0 0 0 0 0 3 135 135 23 21 15 13 9 8 2 0 2 0 0 0 0 0 0 0 0 0 0 0 0 0 0 0 0 2 1 0 0 0 0 0 0 0 1 0 0 0 0 0 0 0 0 0 1 1 0 0 0 0 4 3 0 0 0 0 0 0 0 0 0 0 0 5 13 15 14 0 4 5 9 11 2 3 2 12 16 16 15 14 29 45 7 8 7 9 9 9 8 7
1 1 1 1 1 0 0 0 0 0 0 1 0 0 0 0 0 0 0 1 0 0 1 0 0 0 0 0 0 0 0 4 4 4 3 135 135 135 1 0 1 0 0 0 0 0 1 1 1 2 2 0 0 1 1 0 0 2 1 0 0 0 0 0 0 0 1 0 0 0 0 0 0 0 0 0 0 0 0 0 0 0 0 1 0 0 0 0 1 1 4 4 4 4 3 10 15 3 0 0 0 0 0 0 0 0 0 0 0 0 0 4 3 15 38 42 34 24 10 3 15 25 28 34 31 29 22 2 4 6 12 1 4 0 0 1 1 2 2 13 29 45 20 7 5 1 1 1 1 1 11
5 5 5 2 3 0 0 0 0 0 0 0 1 5 6 11 13 46 37 30 135 135 12 4 3 3 2 1 1 0 1 0 0 0 0 0 0 0 0 0 0 0 1 1 0 0 0 0 0 0 0 0 0 0 0 0 0 0 0 0 0 1 1 0 2 1 1 0 0 0 0 0 0 0 0 0 0 0 0 0 0 0 0 0 0 0 0 0 0 0 0 0 0 1 1 2 4 6 13 15 45 441 20 7 3 3 3 3 3 3
0 0 0 0 0 0 0 0 0 0 0 0 0 0 0 0 0 0 0 0 0 0 0 0 0 0 0 0 0 0 2 135 12 4 3 3 2 1 1 0 1 2 1 0 0 0 1 1 1 4 0 1 1 0 0 0 0 0 0 0 0 0 0 0 0 0 0 0 0 0 0 0 0 0 0 0 0 0 0 0 0 0 0 0 0 0 0 0 0 0 0 0 0 0 0 0 0 0 0 0 0 0 1 28 9 13 3 0 0 0 0 2 6 12 53 20 13 4 4 3 3 3 3 19 19 46 53 441 441
4 5 0 0 0 0 0 0 0 0 0 0 0 0 0 0 0 0 1 1 6 46 37 0 2 1 0 0 0 0 0 0 0 0 0 0 0 0 0 1 0 0 0 0 0 0 0 0 0 0 0 0 0 0 0 0 0 0 3 1 0 5 25 28 9 13 3 3 0 0 0 1 0 0 0 0 0 0 0 0 0 0 0 0 0 0 1 15 25 28 34 31 13 15 38 2 3 5 5 6 13 29 5 13 14 17 19 17 12 0 0 14
0 0 0 0 0 0 0 0 0 0 0 0 0 0 0 2 0 0 0 0 0 0 5 10 24 46 37 7 21 15 13 9 0 0 0 0 0 0 0 0 0 0 0 0 0 0 0 0 0 0 0 0 0 0 0 0 0 0 0 0 0 0 0 0 0 0 0 0 0 1 0 1 3 0 3 2 3 1 0 0 0 0 0 0 1 0 0 0 0 0 0 0 0 0 0 0 0 0 0 2 0 0 0 3 3 3 3 3 12 53 441 441 441
0 0 0 0 0 1 0 0 0 0 0 0 0 0 1 0 1 1 0 3 1 0 0 0 0 0 5 10 24 46 37 7 21 15 2 2 0 0 0 1 0 0 1 2 3 2 0 0 0 0 0 0 0 0 0 0 0 0 0 0 0 0 0 0 0 0 0 2 1 1 1 1 1 0 0 0 0 0 0 0 0 3 1 0 0 0 0 0 0 0 0 0 0 13 15 45 441 441 441 441 441 441 441 441 441 441 441 441
