58.75342
90.44910
36.83562
87.92537
71.75000
67.13793
89.42949
93.26027
123.23952
90.84967
47.25974
23.45283
28.67586
61.82301
47.47853
56.89147
33.05263
99.70248
59.99200
44.26667
44.55758
87.93069
71.15385
117.45890
46.17266
107.74809
68.11364
78.54887
117.86667
104.45902
31.45690
30.03053
23.59259
14.03810
19.87736
13.93407
35.36434
24.79091
14.80899
29.42373
43.21711
26.22755
54.68966
48.96450
63.90683
42.46552
38.27976
47.14286
50.62821
41.30303
81.03361
60.97656
37.46259
55.63504
48.75325
57.91150
66.75758
48.33913
57.40517
123.09009
