178.47297
238.01183
143.85135
208.73529
199.58642
197.34659
213.05696
227.70270
259.53846
236.27742
159.25641
156.65741
145.85714
162.21739
154.01212
193.56489
149.33621
241.58537
184.28346
177.94891
167.01796
218.79612
197.91139
265.12162
165.80851
241.09023
186.08209
205.33333
264.73770
249.76613
98.78814
104.48120
86.41606
55.39252
77.39815
64.04301
127.52672
107.96429
78.76923
87.09167
157.64935
120.29586
143.25366
135.38012
155.19632
127.71023
136.29412
140.62179
152.27215
131.86228
194.05785
166.53077
146.40268
177.83453
169.16026
163.92174
166.09702
164.64957
165.02542
240.78761
