0 1 2 2 0 1 4 2 0 1 0 0 1 0 2 6 7 10 1 0 0 1 0 0 0 2 0 1 2 0 2 4 9 19 7 5 1 1 0 1 0 1 2 4 8 15 9 19 6 4 0 0 0 0 1 0 0 1 2 3 2 2 1 2 2 3 0 0 0 16 1 1 0 0 0 2 2 2 12 8 1 1 6 3 0 0 0 0 0 0 0 0 9 17 80 51 81 0 1 0 0 0 0 0 0 1 1 0 0 0 48 82 799 799 799 799 48 28 6 4 4 107 100 18 2 10 16 19 82 799 799 799 799 48 19 20 21 20 82 799 23 4 5 5 5 83
4 5 0 1 0 1 2 2 0 1 0 0 0 0 0 1 0 0 7 9 9 6 4 5 2 1 0 0 0 0 8 9 8 5 0 0 1 0 0 6 8 5 26 9 26 36 30 29 8 3 1 2 1 3 4 18 6 3 0 1 3 8 11 26 4 0 1 0 0 1 0 0 0 0 0 2 0 0 0 0 0 0 0 0 0 0 0 1 0 0 1 0 0 0 0 0 0 0 0 0 14 48 2 4 5 5 5 6 19 20 21 20 82 799 799 799 48 19 0 0 0 0 5 83 23 4 5 5 5 6 19 20 21 20 82 48 8 5 1 1 15 36 69 83 799 48 8 5 1 1 15 36 69 83 799 799 799 799 799 799 799 799 799 799 799 799 799
3 18 9 1 2 0 0 2 1 1 1 0 0 0 0 1 6 7 10 1 0 0 0 3 4 6 6 10 47 17 7 0 6 2 0 0 7 1 2 4 1 1 0 0 3 18 12 26 0 1 3 6 6 10 9 3 1 0 0 0 0 0 0 0 0 0 0 0 0 0 0 0 0 0 0 14 5 1 0 0 0 0 0 0 0 0 0 0 0 0 0 0 2 7 0 2 1 1 1 0 2 1 0 0 0 0 0 0 3 20 25 69 83 799 23 19 11 6 4 98 80 4 8 18 48 82 799 799 48 28 6 1 0 8 18 48 82 23 19 9 9 9 69 83 799 799
0 0 9 1 5 4 2 1 3 2 0 0 7 0 0 0 0 1 6 2 10 5 3 3 2 1 2 1 9 18 9 19 8 15 9 25 2 0 1 2 1 2 0 2 4 1 0 2 1 1 0 1 1 4 0 0 0 8 10 2 0 0 2 0 0 0 0 1 1 1 2 150 0 0 2 1 2 1 3 2 4 1 0 0 0 0 0 0 0 0 0 0 1 35 107 100 18 89 11 13 14 48 82 799 799 799 799 48 8 5 4 4 25 69 83 799 799 799 23 19 11 6 4 11 13 14 48 82 799 799 799 799 799 799
10 4 0 0 0 4 3 2 7 21 7 15 9 26 9 16 9 18 9 6 1 6 2 1 1 1 3 1 0 4 5 2 4 5 3 4 2 1 1 5 4 2 2 1 1 3 0 2 11 3 2 0 0 1 1 1 0 0 0 0 0 0 0 0 0 1 3 5 7 2 9 11 4 0 0 0 0 1 7 4 4 4 4 3 2 1 1 0 0 1 29 17 41 35 1 2 1 0 0 0 1 0 1 1 41 35 107 37 30 27 42 3 20 25 69 83 23 19 0 0 0 6 8 18 48 82 799 799 799 48 28 6 4 4 14 20 25 69 83 23 19 11 2 0 89 98 6 8 18 48 82 799 799 799 799 799 799 799 799 799
7 5 1 1 1 1 1 0 0 0 0 0 1 2 4 2 3 3 0 0 1 1 4 8 10 8 2 1 9 18 12 26 9 16 9 11 17 47 26 16 17 26 16 4 4 0 1 2 6 6 29 14 4 7 10 3 0 0 0 2 1 18 2 3 6 3 0 1 0 26 36 30 0 0 0 0 2 4 0 0 0 0 0 0 0 1 2 3 10 9 4 13 13 9 15 107 1 0 1 1 1 1 2 6 2 2 0 0 0 0 0 0 0 0 0 0 0 0 0 13 14 48 82 799 799 799 799 23 2 2 2 2 19 82 23 19 0 0 0 13 14 48 82 48 28 6 4 4 107 100 18 89 27 42 3 20 25 69 83 799 799 48 8 3 3 3 16 83 799 799 799 799 799 799
0 0 0 0 0 0 0 4 1 0 0 1 4 2 3 3 1 1 2 9 11 1 1 1 4 10 22 26 6 5 2 5 2 1 3 2 1 1 1 0 0 2 1 0 0 0 0 0 3 2 2 7 9 17 17 10 5 1 0 0 2 0 5 17 1 1 0 1 1 1 0 0 0 0 0 0 0 0 0 1 1 1 0 1 0 0 0 0 1 1 0 2 1 0 1 0 42 1 0 0 0 0 0 1 25 1 0 5 1 0 30 98 6 8 18 48 82 799 799 799 23 4 5 5 5 83 799 799 799 23 19 0 0 0 6 8 18 48 82 799 23 19 9 9 9 69 83 799 799 799 799 799 799 799 799 799
1 3 2 0 1 0 4 4 3 12 13 18 9 4 11 7 2 9 5 10 6 8 7 3 1 0 1 8 7 1 0 5 3 2 1 0 0 1 1 4 7 10 5 2 2 1 1 2 8 5 17 7 3 3 2 1 3 2 1 29 22 10 5 5 6 29 43 4 3 1 0 0 0 0 2 1 1 1 0 0 5 0 0 0 0 0 3 107 100 0 0 0 0 0 0 0 0 82 48 28 6 4 4 14 20 25 69 83 799 799 799 799 799 799 799 799 48 28 6 4 4 107 11 15 36 69 83 23 19 0 0 0 16 0 0 20 21 20 82 799 799 799 799 799 799 799
4 3 1 2 5 3 1 1 1 1 8 1 1 0 1 1 1 1 8 2 1 1 1 4 8 15 9 26 5 2 1 2 1 0 3 3 5 6 5 17 1 1 0 2 17 3 2 0 0 0 5 26 0 0 0 1 0 0 0 1 2 3 3 3 1 0 3 0 0 1 0 0 0 1 2 8 9 4 13 17 1 1 0 0 0 0 3 3 1 0 1 2 1 1 1 5 0 3 0 0 1 1 1 0 0 0 0 1 14 48 82 48 28 6 5 0 29 8 42 3 20 25 69 83 799 799 799 799 23 19 11 6 4 98 80 51 5 8 18 48 82 799 799 799 23 4 5 5 5 83 799 799 799 799 799 799 799 799 799 799 799 799 799 799 799 799 799
0 0 1 0 0 1 6 29 30 29 8 2 1 2 1 0 3 2 2 1 1 0 1 0 1 8 29 47 26 9 26 16 5 1 0 1 6 8 7 19 7 39 9 14 3 5 2 26 3 2 0 0 0 1 4 8 4 4 0 0 0 0 1 1 80 28 8 3 5 1 1 1 1 0 2 2 11 0 0 0 0 2 5 3 8 1 0 0 0 1 0 0 0 0 0 0 0 0 42 3 20 25 69 83 799 48 28 6 4 4 107 11 15 36 69 83 23 2 0 0 0 8 18 48 82 48 8 5 4 4 25 69 83 799 48 19 20 21 20 82 799 799 799 799 799 799 799 799 799 799 799 799 799
0 2 7 21 29 43 7 6 4 6 3 5 5 2 0 1 3 6 1 0 4 9 7 5 4 4 2 2 11 4 2 1 1 2 8 5 26 9 26 10 15 9 3 1 2 1 3 0 0 1 1 9 66 65 0 1 3 1 0 11 1 1 1 4 10 47 26 16 1 3 2 4 2 9 11 4 0 0 0 0 0 0 11 4 9 5 10 2 0 0 30 47 26 16 1 3 1 2 3 12 8 71 89 98 41 35 10 9 3 5 11 14 25 22 81 81 81 81 81 9 8 5 9 5 16 18 100 76 150 150 150 150 150 12 21 36 69 83 799 48 28 6 4 4 107 11 15 36 69 83 799 799 799 799
0 20 9 7 3 3 1 11 10 36 43 7 6 9 14 3 1 5 1 1 1 14 18 5 5 2 4 1 6 15 30 29 47 17 7 5 9 7 0 0 1 0 1 1 65 54 44 34 21 17 9 39 0 1 1 9 15 107 37 30 9 6 4 9 5 8 71 89 27 3 1 6 3 7 4 8 5 11 10 12 0 0 0 0 0 1 6 8 18 48 82 48 8 3 3 3 16 83 48 8 3 3 3 16 83 799
0 6 11 16 39 20 9 1 4 3 4 10 47 17 17 36 30 29 9 6 0 9 7 9 12 26 9 2 3 3 1 1 0 0 3 0 4 4 6 6 10 0 0 1 1 9 66 65 54 295 7 9 2 1 1 5 0 1 0 0 0 0 7 21 1 1 0 0 1 6 3 6 4 0 0 1 1 2 4 100 76 5 14 8 9 6 12 0 0 0 1 0 1 1 22 81 81 81 81 81 81 9 6 12 9 5 8 150 150 150 0 0 1 1 1 2 3 107 100 76 150 71 89 27 0 2 7 16 83 23 2 0 0 0 32 11 15 36 69 83 799 48 19 20 21
7 39 20 11 4 0 1 5 1 8 5 3 3 3 4 10 47 26 9 0 1 2 6 8 3 0 0 0 1 0 1 2 6 15 30 29 9 19 8 15 0 0 1 1 9 66 65 54 7 9 5 3 2 6 1 0 0 1 3 12 26 6 3 2 5 0 0 0 0 2 13 3 4 3 2 1 0 1 2 0 0 0 1 5 3 2 8 10 7 13 93 107 100 76 71 2 10 16 19 82 799 799 799 799 799 799 799 48 28 6 0 0 7
0 8 6 4 3 4 5 6 5 17 7 10 8 1 7 11 5 3 5 7 4 2 9 5 10 2 0 0 30 47 26 16 16 16 17 26 36 43 17 14 30 47 26 9 26 10 5 1 1 0 10 9 6 11 36 30 29 47 17 17 10 5 2 0 0 2 0 18 30 0 0 1 0 0 4 66 65 54 7 9 1 0 0 9 14 3 5 2 16 17 26 36 30 0 1 1 1 1 9 2 1 0 0 0 0 0 76 150 150 150 150 71 89 98 80 51 81 81 81 81 81 62 8 3 5 2 0 8 150 5 14 8 9 1 0 0 1 0 0 4 100 76 71 89 98 41 2 3 7 16 83 799 799 799 799 799 48 28 6 5 3 20 25
0 2 7 21 3 39 20 3 3 3 18 9 19 8 15 9 19 8 5 1 2 3 9 17 1 1 2 1 0 1 2 3 9 19 8 5 1 2 1 2 5 1 0 4 66 65 54 295 295 2 1 0 0 0 10 6 8 11 2 1 0 1 9 89 98 80 51 81 81 81 62 93 107 100 76 150 150 5 3 8 5 9 17 41 3 4 3 1 2 6 14 25 22 81 81 81 62 93 10 6 6 3 1 1 0 4 2 4 100 76 150 150 150 12 21 36 69 83 48 28 16 17 18 48 82 799 799 799 799
2 4 2 1 4 9 17 7 10 5 2 1 3 0 0 0 0 7 9 12 26 16 17 26 10 5 1 1 0 3 3 0 0 0 0 0 1 0 0 0 0 0 0 0 0 0 0 5 44 9 5 0 0 1 1 0 0 0 1 98 80 4 8 5 11 10 12 9 89 27 3 3 5 6 13 25 22 81 9 8 3 1 0 5 2 9 1 0 0 0 0 76 150 150 150 150 71 89 98 80 51 5 8 18 48 82 799 23 4 5 5 5 83 799
0 3 2 4 5 4 4 9 25 13 8 16 9 0 0 2 3 9 19 8 15 9 26 5 8 6 10 6 8 5 17 17 10 15 0 0 1 1 9 66 65 54 2 1 0 0 0 1 0 0 0 0 2 107 100 76 150 71 89 98 6 5 5 9 9 25 22 81 81 62 93 107 14 6 8 3 0 8 150 150 150 150 150 150 150 71 89 98 80 4 8 3 1 2 5 14 25 13 93 107 100 76 71 89 98 80 4 8 18 48 82 799 799 799 799 799 799 799 799 799 799
0 1 1 0 1 4 3 9 9 3 1 2 0 0 0 0 0 0 7 7 6 18 9 19 15 30 29 9 19 8 15 0 0 1 1 9 66 65 54 7 9 1 1 1 47 26 16 1 1 6 0 0 0 1 1 98 80 51 81 81 81 9 0 6 4 5 18 100 76 150 150 150 150 150 150 150 5 3 8 7 5 7 10 7 22 81 81 81 81 9 8 5 11 10 9 19 27 0 0 0 0 0 0 76 150 150 71 89 27 0 2 7 16 83 799 799 799 799 799 23 19 0 0 0 16
7 39 7 6 4 5 3 13 43 18 1 5 4 0 0 1 1 5 1 4 5 6 5 17 1 1 2 1 3 9 26 6 5 7 9 1 17 14 30 47 26 9 2 10 5 2 4 5 3 0 0 2 4 18 66 65 54 7 9 1 1 1 47 26 9 26 1 1 1 1 2 100 18 89 9 7 2 9 9 25 22 62 93 107 100 76 150 150 150 71 89 98 80 51 81 81 9 8 5 9 9 25 13 93 19 29 17 41 35 107 100 76 150 150 150 150 71 89 98 80 4 8 18 48 82 23 2 0 0 0 14 48 82 799 799
0 0 0 1 2 11 41 12 10 3 1 0 9 5 2 2 2 2 0 0 2 1 0 0 0 0 0 0 0 1 1 9 295 295 295 295 295 295 295 295 2 1 0 0 0 1 1 1 3 6 0 0 30 47 26 9 2 5 1 0 1 1 1 0 1 1 3 17 36 14 8 8 0 0 0 0 0 14 6 13 13 25 22 0 0 0 0 1 1 2 8 9 4 13 2 1 0 0 0 0 0 1 4 2 0 20 25 69 83 23 4 5 5 5 6 28 6 1 1 93 107 100 76 150 12 21 3 2 1 1 0 81 81 62 93 107 100 76 150 150 71 7 7 1 1 25 1 1 20 21 20 2 4 5 5 5 6 19 20 21 20 82 799 799 799
1 0 0 1 4 11 12 2 3 5 1 2 3 0 0 2 1 1 0 0 0 0 0 4 295 295 295 44 9 5 2 2 9 3 1 0 1 3 2 7 9 3 0 0 0 0 0 0 0 2 2 0 1 1 0 7 8 2 1 6 1 0 0 0 0 0 0 0 0 14 48 82 23 4 5 5 5 83 799 799 799 48 28 6 5 3 20 25 69 83 799 799 799 799 799 799 48 8 3 3 3
0 3 0 0 0 2 12 11 41 12 10 11 2 0 0 0 0 0 0 6 29 30 29 8 3 1 2 0 2 0 0 0 1 9 295 295 295 295 295 44 34 21 17 9 12 4 2 1 3 8 1 2 0 0 2 3 4 7 10 6 11 10 16 39 9 14 7 4 1 0 0 0 1 2 29 8 42 32 14 6 2 1 0 1 1 0 1 1 1 1 4 8 3 4 4 4 3 2 0 0 0 0 0 1 7 2 0 0 0 0 0 0 4 3 20 25 69 83 799 23 19 9 9 9 69 6 28 16 17 18 48 82 799 799 799 48 28 6 5 3 20 25 69 83 799 799 799 799 799 799 48 8 3 3 3 16
2 4 2 2 1 0 0 0 1 1 12 9 4 5 0 1 0 0 0 0 0 0 0 1 9 295 295 295 295 44 34 6 4 2 4 3 1 3 1 4 0 4 0 1 1 1 3 1 0 6 4 3 2 10 36 18 9 3 3 1 3 5 12 18 39 7 3 0 3 0 0 1 6 4 9 6 19 98 80 51 81 0 0 1 1 0 2 5 1 0 0 0 0 0 1 1 0 0 7 16 83 799 799 799 799 799 799 799 799 799 48 28 6 5 2 100 18 89 11 13 14 48 82 799 799 799 799 799 799 799 799 23 2 0 0 0 14 48 82 799 23 4 5 5 5 83
0 1 0 0 0 0 1 1 15 3 2 4 1 1 1 2 2 10 2 0 0 0 0 1 8 295 295 295 295 44 6 0 0 0 2 4 5 3 18 39 7 3 1 2 1 1 0 0 1 0 2 5 3 0 0 0 1 1 6 5 1 0 0 4 3 1 89 98 1 1 1 1 0 0 0 0 0 0 0 0 0 1 0 1 11 5 3 0 0 0 1 0 0 1 0 0 1 1 2 71 89 98 80 28 93 107 100 76 150 12 21 36 69 6 19 20 21 20 82 23 2 0 0 0 8 18 48 82 799 23 19 9 9 9 69 83 799 799 799
0 1 1 0 0 0 0 1 1 12 4 7 3 3 5 4 4 1 1 1 1 2 1 2 1 4 1 1 3 3 8 295 295 295 21 7 1 1 0 0 2 1 2 1 0 0 0 0 1 1 0 2 1 1 2 1 1 2 4 10 22 26 6 3 2 1 7 1 1 1 0 0 14 6 13 13 25 13 93 107 100 10 0 0 0 0 0 1 12 9 5 0 0 0 0 0 0 42 3 20 25 69 83 799 799 799 48 19 20 21 20 82 799 799 799 799 799 799 799 799 48 8 3 3 3 16 83 799 799 799 799
4 3 2 6 8 2 10 11 4 3 0 0 0 0 3 0 1 0 0 1 0 1 1 3 2 1 2 0 0 0 0 4 295 295 21 7 1 0 0 3 20 6 3 12 21 4 2 1 1 3 0 2 11 16 5 1 1 2 2 1 1 0 1 1 3 4 0 0 0 0 0 0 11 10 3 1 0 0 0 0 1 0 0 0 1 35 19 4 6 16 19 82 23 19 0 0 0 6 8 0 0 0 5 0 29 8 42 32 100 6 21 36 69 83 48 28 6 5 3 20 25 69 83 799 799 799 799 799 799 799 799 799
2 4 0 2 6 8 15 41 12 9 4 5 3 1 0 2 2 29 9 6 3 1 4 2 3 2 5 2 3 0 0 1 1 5 295 295 295 2 1 0 0 0 10 6 9 6 8 3 3 1 1 0 0 0 0 0 0 0 0 0 1 0 4 1 0 9 11 4 2 2 3 0 2 0 0 0 1 1 2 3 107 100 18 89 11 13 14 48 82 799 799 48 28 6 5 2 11 15 36 69 83 23 19 11 3 3 36 69 6 28 6 1 0 8 18 1 1 9 9 9 69 83 799 799 799 799 799 799 799 799 48 19 20
1 2 4 5 13 41 13 11 4 5 4 14 18 13 30 29 47 6 0 3 5 2 1 1 2 1 5 6 0 0 0 3 9 295 295 44 34 21 2 2 5 2 1 3 0 0 1 1 0 0 0 0 0 10 7 22 62 93 19 29 8 42 32 14 7 8 9 6 12 9 89 9 3 4 0 0 1 1 0 0 1 4 2 4 11 15 36 69 83 799 799 48 28 6 0 0 7 16 83 799 799 799 799 799 799 799 799 799 799 799 48 8 5 4 4 25 69 83 799 799
1 2 4 5 13 13 4 5 1 0 0 0 0 0 4 4 5 4 1 2 1 2 1 2 1 1 1 0 0 0 1 9 295 21 7 5 3 1 8 8 1 1 4 0 0 0 1 0 0 2 2 1 2 6 13 13 25 0 1 4 5 3 3 107 14 6 8 3 0 8 150 5 2 8 2 1 3 5 3 3 107 11 15 36 69 83 799 23 4 5 5 0 1 20 21 20 82 799 799 799 799 23 4 5 5 5 83 799 799 799 799 799 799 799 799 799 48 8 3 3 3 16
4 3 2 6 8 15 41 12 2 2 0 0 2 5 2 1 2 5 1 0 0 2 0 0 0 1 9 295 295 295 295 295 295 295 295 6 8 1 0 0 0 0 0 0 0 1 2 5 1 0 3 2 1 1 2 0 0 0 1 1 2 0 0 0 1 1 80 28 93 19 0 0 1 0 0 0 0 0 5 2 0 0 1 3 0 2 0 0 0 0 0 0 0 0 1 2 2 30 98 41 35 107 37 30 98 41 35 107 37 30 27 42 12 29 8 42
2 4 2 1 0 0 5 8 13 12 10 3 2 0 3 0 1 0 1 1 4 2 1 1 0 1 1 2 10 66 65 54 295 295 295 295 295 295 295 44 34 21 17 2 5 1 1 0 7 6 2 2 0 0 0 0 2 1 0 0 0 0 0 0 0 0 0 0 0 0 0 0 0 1 3 0 0 0 0 1 0 8 1 1 0 0 0 0 1 3 5 1 3 81 9 0 6 4 5 18 100 76 150 5 3 8 3 4 19 98 41 35 107 100 18 89 27 2 0 0 0 2 3 35 19 29 17 80 28 93 107
0 0 0 1 8 15 41 12 9 5 3 1 6 2 4 7 5 0 2 1 1 0 1 2 6 9 66 65 54 295 295 295 295 295 7 9 1 1 1 10 3 2 5 0 1 0 0 1 2 1 6 1 2 1 1 1 6 0 0 0 0 2 1 3 0 2 0 0 0 0 1 3 11 1 0 0 0 0 3 1 0 2 4 0 2 5 1 0 0 0 0 0 0 2 1 2 1 1 0 0 1 29 17 80 28 93 107 100 76 71 89 98 80 28 8 1 0 0 3 4 12 29 8 42 12 8 3 5 2 3 35 107 37 30 27
1 2 1 0 0 0 0 3 0 0 0 8 15 12 5 3 2 1 0 1 1 0 0 0 0 1 0 1 1 0 1 0 0 0 1 1 65 54 295 295 295 295 7 1 2 0 0 3 0 0 0 0 6 4 4 6 2 1 5 6 1 0 0 0 0 0 0 1 0 5 2 9 17 6 0 0 1 1 0 0 7 8 6 0 0 0 0 1 0 0 0 2 0 0 0 0 0 0 0 0 0 0 0 0 0
4 3 2 6 0 2 11 4 3 1 0 1 1 1 0 1 2 2 1 3 3 3 1 3 5 6 9 66 65 54 295 295 44 6 0 0 0 1 1 1 0 0 0 1 1 5 3 18 4 0 0 0 1 3 3 4 1 0 1 0 1 1 1 1 0 0 0 0 0 5 2 6 4 2 0 0 0 0 0 1 2 5 2 1 2 0 0 5 11 6 30 98 80 28 93 107 100 76 71 89 98 80 28 93 19 8
4 3 2 6 8 15 41 3 2 4 2 0 0 0 0 0 1 3 1 0 2 2 0 0 5 10 27 66 65 54 295 295 44 6 4 3 1 1 1 0 0 1 2 1 0 1 5 5 6 4 3 0 1 1 3 2 7 2 11 3 3 0 1 1 1 2 4 2 1 0 1 1 1 3 2 2 0 0 0 1 0 0 1 29 8 42 32 37 30 27 2
2 6 3 2 6 8 15 12 2 2 0 0 1 10 9 1 3 1 1 0 1 2 1 0 0 1 5 27 66 65 54 295 295 295 44 34 21 17 9 39 20 9 1 0 1 2 4 9 18 12 26 5 2 3 5 6 7 6 4 1 2 3 13 17 6 5 5 9 9 4 1 1 0 0 0 2 8 71 89 98 41 35 10 1 0 0 0 1 1 22 81 81 9 6 12 9 0 1 0 0 0 3 107 100 76 150 71 89 98 80 51 62 93 107 100 76 71 89 98 80 28 93 107 100 76 150 71 89 98
0 6 4 0 0 12 12 11 12 10 11 5 0 0 0 0 0 1 3 3 2 0 0 0 1 1 65 54 295 295 44 6 4 3 1 4 0 1 1 2 0 1 0 2 4 2 3 3 4 0 0 1 1 0 0 0 14 25 13 2 0 0 0 0 2 0 0 1 1 0 0 3 6 8 5 15 107 100 76 0 0 1 1 1 3 3 62 93 107 100 76 71 7 7 3 3 17 80 28 8 9 8 3 35 107 100 76 150 150 150
1 3 2 12 11 12 10 11 0 0 5 2 2 1 1 0 0 1 3 1 3 0 1 1 65 54 295 44 6 4 3 1 20 6 3 12 4 2 6 5 2 1 1 1 2 5 9 6 5 3 3 4 5 8 5 0 0 1 0 0 0 0 0 0 0 1 3 6 14 9 15 19 29 8 42 32 100 18 89 27 42 12 29 8 42 12 29 17 41
4 10 9 15 15 41 41 12 3 2 1 0 0 0 0 3 6 8 10 1 0 0 0 0 3 2 12 5 10 0 0 0 1 8 295 295 295 295 295 295 295 295 295 295 6 8 7 0 0 0 0 0 12 18 12 4 0 1 6 3 0 0 0 1 0 1 2 3 1 6 5 4 1 2 0 0 0 2 3 2 0 0 2 3 4 2 3 6 0 1 0 0 0 2 9 2 4 0 1 3 3 0 7 1 0 1 1 0 0 0 3 4 32 37 30 27 2 0
9 12 12 11 12 2 2 0 0 3 2 2 2 1 0 3 1 10 3 0 1 1 1 3 0 0 0 0 0 8 29 18 8 6 6 1 1 0 1 1 7 9 11 5 3 0 0 0 0 1 0 1 4 3 2 2 6 4 10 2 2 0 0 1 10 27 66 65 54 295 295 7 9 1 0 0 1 1 3 3 5 8 8 6 7 5 5 5 2 9 3 3 5 12 18 39 9 4 0 0 0 0 0 0 1 0 7 4 2 9 0 0 0 0 0 23 4 5 5 5 83 799 799 23 19 0 0 0 13 14 48 1 8 5 4 4 25 69 83 799 799 799 48 28 0 0 0 0 0 0 0 799
1 2 0 0 1 8 15 12 9 2 2 2 2 3 3 1 4 2 2 0 4 0 1 2 1 2 3 2 3 4 1 2 6 4 3 2 3 1 1 1 2 0 3 4 7 5 0 1 1 0 0 2 4 5 8 1 1 2 2 10 66 65 54 21 14 4 2 1 0 0 0 0 0 1 0 1 1 0 6 7 5 5 5 5 5 5 4 6 12 21 3 39 20 9 7 11 4 4 3 12 4 10 3 3 0 0 2 1 2 2 0 0 1 3 2 2 1 0 0 0 1 3 2 0 0 0 0 2 0 0 0 0 1 0 0 0 0 0 0 19 82 23 2 0 0 0 4 8 18 48 82 799 799 23 4 5 5 5 83 23 4 5 5 5 83 799 799
0 1 1 0 1 1 8 15 12 2 3 5 1 2 0 0 2 0 1 2 2 5 3 3 4 1 2 4 1 6 6 10 2 0 0 1 0 0 0 2 0 11 10 2 0 2 2 1 1 1 0 0 0 2 4 6 5 14 10 3 2 3 9 8 5 2 1 1 2 0 1 1 3 2 0 1 1 2 10 66 65 54 295 295 44 2 1 1 1 0 0 0 0 1 0 0 0 0 0 0 0 2 3 5 7 4 5 5 5 5 5 5 5 5 5 5 2 9 11 1 0 0 0 1 1 0 2 4 1 3 5 2 2 3 0 0 0 0 0 0 0 1 2 0 0 0 0 0 0 0 0 0 0 0 0 0 0 0 0 19 11 6 0 7 11 1 7 0 0 0 0 1 799 48 28 6 1 0 8 18 48 82 799 799 799 799 799 799 799 799 799 799 799 0 0 0 0 0 0 23 2 2 2
1 2 2 0 0 0 1 0 0 0 0 0 2 4 1 2 0 1 0 0 0 1 1 4 5 7 9 6 1 4 4 2 4 5 6 3 0 0 0 0 1 4 5 6 2 1 2 0 1 1 1 0 4 1 0 0 0 2 8 9 8 5 2 2 4 2 1 1 3 2 7 21 7 3 1 0 0 0 2 9 66 65 54 295 7 9 1 1 0 0 0 0 2 5 1 1 5 5 5 3 1 0 0 1 2 4 4 4 4 2 1 2 3 0 3 0 3 3 3 0 1 0 0 0 0 0 0 1 1 0 0 2 0 0 0 1 16 83 799 799 23 0 0 0 0 0 0 0 4 5 5 5 6 19 20 21 1 1 5 5 5 83 799 799 799 799 799 799 799
1 2 2 2 8 13 12 2 2 1 0 1 3 4 1 1 1 2 3 2 0 8 8 9 2 3 6 7 1 0 1 1 1 3 2 2 2 1 1 0 0 0 6 4 0 3 18 4 2 2 2 8 1 1 2 0 0 10 5 0 0 0 0 4 2 10 2 0 0 0 0 0 2 10 66 65 54 295 295 21 14 6 0 0 1 0 2 1 2 0 0 0 0 0 2 3 0 0 0 0 1 0 0 0 0 0 0 1 0 1 0 0 0 0 0 0 1 0 4 1 1 1 0 0 0 0 2 2 0 1 1 1 0 0 0 0 19 82 799 48 19 20 21 20 82 799 799 799 799 799 799 799 799 23 4 5 5 5 83 799 799
1 0 0 0 0 5 13 13 11 7 5 3 6 0 0 1 5 4 2 0 0 2 2 4 5 2 0 1 3 3 1 2 0 0 0 1 1 3 4 4 1 4 0 0 0 9 14 3 1 5 5 2 1 1 2 2 0 4 4 4 4 2 1 1 3 0 0 0 0 0 0 2 3 10 27 66 65 54 295 295 21 14 4 2 1 0 0 0 0 0 1 3 3 12 5 5 1 1 2 6 7 5 5 5 5 5 5 5 5 4 6 12 21 4 10 14 14 18 13 18 9 9 4 0 0 2 3 3 3 0 1 0 0 1 0 0 0 0 0 0 0 0 0 0 0 0 0 3 0 0 0 13 14 48 82 799 48 19 20 21 20 82 799 23 4 5 5 5 83 799 799 799 799 799
4 3 12 12 2 1 1 1 1 3 3 4 2 5 14 10 6 4 2 2 0 1 1 1 1 2 3 4 3 1 3 3 6 0 0 2 3 20 9 7 11 1 0 0 0 1 0 1 0 0 0 0 0 0 1 0 3 5 6 0 0 1 2 0 3 0 1 3 3 2 2 0 6 2 2 3 10 27 66 65 54 295 44 2 1 0 0 0 0 0 1 1 2 4 3 3 1 1 5 5 5 5 5 5 4 4 2 1 0 0 1 1 3 0 0 0 1 1 1 1 3 2 7 2 0 0 2 0 0 1 4 6 16 19 82 799 799 23 19 0 0 0 13 14 48 82 799 799 48 8 5 0 0 17 80 4 8 18 48 82 799 799 23 4 5 5 5 83
1 3 2 12 11 12 10 11 2 0 0 2 0 0 1 2 3 3 1 4 2 5 1 1 1 1 0 2 2 1 2 6 5 2 2 2 1 2 3 3 4 4 21 29 30 3 2 3 1 0 1 0 1 0 0 7 11 18 66 65 54 295 44 34 21 0 0 1 10 9 8 8 6 4 0 0 0 0 0 1 3 0 0 0 0 0 0 2 3 5 1 2 1 6 6 4 5 4 0 1 0 0 0 0 0 0 1 1 0 0 0 0 0 0 0 0 0 1 3 11 0 0 0 0 0 1 1 48 28 6 5 2 100 76 12 21 36 69 83 799 799 799 48 28 6 2 2 18 48 82 799 799 799 799
4 3 2 6 8 15 12 10 11 0 0 0 0 0 3 3 5 4 4 2 3 7 5 1 3 3 1 0 0 1 1 0 0 2 5 10 9 3 9 1 1 2 6 6 3 12 10 6 6 7 15 9 19 8 10 3 1 1 1 10 27 66 65 54 295 44 34 21 17 9 39 20 9 7 5 3 2 3 0 3 1 4 2 0 1 0 1 1 1 2 1 3 5 12 4 0 0 0 0 0 1 0 1 1 0 0 0 0 0 1 1 1 11 1 1 0 0 0 0 0 1 19 0 0 0 0 0 0 799 799 23 4 5 5 5 83 799 799 23 2 0 0 0 1 25 69 83 799 799 799 799 48 28 6 2 2
0 0 0 0 3 2 3 1 0 4 2 0 7 3 1 0 2 1 1 1 0 1 1 1 3 1 2 0 4 0 0 6 4 9 3 2 1 1 2 2 1 4 9 6 3 1 1 0 0 4 2 10 3 0 1 0 0 0 0 2 3 5 1 1 0 0 0 2 27 66 65 54 7 9 1 0 0 1 1 0 0 1 1 1 7 4 5 5 5 5 2 1 0 0 0 0 3 5 7 1 0 6 3 2 0 2 1 1 2 1 3 5 5 0 1 1 0 0 0 0 0 0 0 2 16 18 100 18 89 0 1 0 0 0 0 0 2 7 16 83 799 23 2 0 0 0 28 1 3 7 16 83 799 799 799 48 28 16 17 18 48 82 799 799 799
4 3 2 6 8 15 12 10 3 0 0 1 0 0 0 1 1 2 2 0 0 0 0 0 0 0 18 66 65 54 295 295 295 295 21 14 4 3 0 0 0 0 1 6 29 14 4 5 10 5 0 1 1 2 1 7 3 10 6 9 6 10 16 39 20 0 1 6 13 11 3 3 5 6 13 25 13 93 10 9 4 9 6 12 8 71 89 9 3 4 8 6 22 62 93 19 29 8 42 32 100 76 150 150 71 89 11 13 14 48 82 799 799 799 799 799 799 799 799
0 0 0 0 1 1 4 1 0 0 1 8 5 25 6 2 1 1 1 0 4 2 2 0 0 0 7 11 18 66 65 54 295 44 34 21 17 6 18 9 9 14 7 21 29 43 7 0 1 1 0 0 0 1 6 2 3 6 14 18 18 39 20 11 4 9 11 1 0 0 1 2 4 4 2 0 3 4 3 1 89 98 6 3 6 8 6 0 0 1 1 0 0 8 10 0 2 1 0 0 0 11 6 30 98 80 28 93 107 11 15 36 69 83 799 799 799 799 48 28 16 17 18 48 82 799 799 799
1 0 0 1 1 1 1 5 13 13 11 7 5 2 0 0 0 0 0 0 0 0 1 5 0 0 1 1 1 5 295 295 295 295 7 9 5 1 1 4 0 0 4 2 0 7 7 6 18 6 4 1 0 0 1 8 7 8 12 9 1 0 0 0 2 18 100 76 5 3 8 5 9 11 42 12 29 17 80 4 8 5 9 5 0 0 0 0 0 0 3 3 1 35 107 100 76 150 150 71 89 98 6 3 6 8 6 22 81 62 93 107 100 76 150 5 0 0 0 0 0 1 2 2 5 4 1 0 0 1 1 19 82 48 8 5 1 0 30 98 6 8 18 48 82 799 799
1 0 0 0 2 1 41 41 41 3 1 0 0 0 1 0 0 1 3 4 3 5 3 2 2 1 0 1 1 2 10 66 65 54 295 295 21 0 0 0 0 9 295 295 295 295 295 44 34 21 17 9 39 20 11 4 0 0 4 5 5 8 5 1 2 1 2 3 2 3 6 11 36 30 0 2 0 2 29 47 25 13 1 2 3 1 4 0 1 1 1 1 1 6 22 62 93 107 14 0 0 0 0 0 1 1 8 18 89 98 80 28 93 107 11 15 36 69 83 48 28 16 17 18 48 82 799 799 799 23 19 9 9 9 69 83 799
1 2 1 1 1 2 11 41 13 4 0 1 1 4 5 7 5 1 1 1 5 12 18 12 4 2 0 0 2 0 0 4 5 5 9 295 295 295 295 295 295 2 1 3 2 0 5 6 11 36 43 4 3 8 14 18 13 18 6 8 9 1 1 1 0 0 3 12 13 30 0 2 2 1 3 0 0 0 0 0 0 0 0 1 19 27 42 4 9 3 5 11 14 25 22 81 81 81 62 93 19 1 0 0 0 0 0 1 0 0 0 11 8 76 150 71 89 98 80 51 81 81 62 93 107 100 76 150 150 150 12 21 36 69 6 28 6 2 2 18 48 82 799 799 799 48 8 5 1 1 15 36 69 83
10 6 10 9 15 15 12 9 5 0 0 4 1 7 7 11 18 66 65 54 295 295 295 295 295 21 7 5 3 2 18 39 20 11 4 5 4 1 2 0 0 0 1 4 2 1 6 3 5 1 0 0 0 8 7 0 0 1 0 0 7 2 11 3 13 17 6 5 1 1 0 1 11 4 0 0 1 0 0 3 1 0 1 5 2 1 0 0 0 1 1 3 3 62 93 19 4 6 16 19 82 799 799 799 799 48 8 3 3 3 16 83 799
7 4 2 0 0 0 2 1 3 0 0 0 0 1 1 1 2 0 0 1 6 4 1 0 0 0 0 0 2 2 4 295 295 295 295 21 7 5 3 2 18 39 20 11 4 9 3 3 1 11 10 36 43 18 1 5 2 0 0 1 0 0 0 1 0 0 0 0 0 0 0 3 0 5 0 0 0 0 0 0 0 5 11 0 0 1 1 1 0 0 1 0 0 0 0 0 0 0 0 0 0 0 3 62 93 107 100 18 89 27 0 2 7 16 83 799 799 799 48 28 6 5 3 20 25 69 83 799 799 799 799 799
4 10 9 15 15 3 2 4 0 0 2 4 1 3 0 2 0 0 2 2 9 66 65 54 295 295 21 2 1 0 0 5 1 1 1 0 4 5 5 8 5 3 3 5 6 5 25 13 1 2 3 12 0 0 0 0 0 0 6 8 6 22 81 62 93 107 100 18 89 27 42 4 9 4 9 1 0 0 0 0 0 0 1 1 0 3 3 81 81 62 93 107 100 76 150 71 89 98 6 8 18 48 82 799 799 48 19 20 21 20 82 799 48 19 20
0 0 0 0 12 2 9 2 0 0 8 5 25 0 0 3 3 6 7 6 0 0 5 10 27 66 65 54 295 295 44 34 21 17 9 4 4 0 1 2 6 1 0 6 2 1 5 3 3 0 3 2 7 4 1 4 2 0 11 10 2 0 1 3 1 1 3 3 2 5 6 9 25 13 93 107 14 7 8 9 6 12 9 89 9 7 2 9 2 1 0 1 0 0 0 5 12 8 0 2 4 16 83 48 8 3 3 3 16 83 799 799 799 799 799 799
1 5 0 0 2 15 15 41 12 2 1 0 0 4 10 14 14 18 13 30 29 47 17 2 0 0 5 10 27 66 65 54 295 295 44 34 21 2 2 7 7 6 18 12 10 5 5 6 29 18 9 1 2 0 1 1 0 0 1 16 18 1 0 0 0 0 1 9 4 13 17 1 1 1 2 1 0 0 0 1 4 13 17 41 35 10 5 0 0 0 0 0 0 16 19 82 799 799 799 799 799 799 799 799 799 799 799 799 799 799 799
