0 1 0 0 0 1 0 0 0 0 0 0 0 0 1 0 0 0 0 0 0 0 0 0 0 0 0 0 0 0 2 2 1 0 0 0 0 0 0 0 0 1 0 1 2 3 2 1 0 0 0 0 0 0 0 0 0 0 0 0 0 0 1 0 0 0 0 0 0 0 0 0 0 0 0 1 1 2 1 1 0 0 0 0 0 0 0 0 0 0 0 0 0 2 29 0 0 0 0 0 0 0 0 0 0 0 0 0 0 0 37 54 540 540 33 19 6 4 4 2 1 15 0 0 2 10 16 16 54 540 540 33 14 17 19 20 17 12 2 1 3 4 5 5
0 0 0 0 0 0 0 0 0 0 0 0 0 0 0 0 0 0 1 0 2 1 0 0 0 0 0 0 0 0 2 1 0 0 0 0 0 0 0 0 1 1 8 5 1 4 2 0 0 0 0 1 0 2 0 1 0 0 0 0 0 2 0 0 0 0 0 0 0 0 0 0 0 0 0 0 0 0 0 0 0 0 0 0 0 0 0 0 0 0 0 0 0 0 0 0 0 0 0 0 0 1 1 4 5 0 0 1 19 20 17 12 54 540 33 14 0 0 0 0 0 0 0 0 3 4 5 0 0 1 19 20 17 0 0 5 1 1 1 1 13 31 54 4 8 5 1 1 1 1 13 31 54 63 540 540 540 540 540 540 540 540 540 540 540
0 1 0 0 0 0 0 0 0 0 0 0 0 0 0 0 0 0 0 0 0 0 0 0 1 3 0 0 2 0 0 0 0 0 0 0 0 1 0 1 0 0 0 0 1 1 0 0 0 0 1 3 1 0 0 0 0 0 0 0 0 0 0 0 0 0 0 0 0 0 0 0 0 0 0 0 0 0 0 0 0 0 0 0 0 0 0 0 0 0 0 0 0 0 0 1 0 0 0 0 0 0 0 0 0 0 0 0 3 20 23 54 3 13 10 6 4 2 0 4 3 3 7 15 37 54 33 19 6 1 0 0 0 7 15 6 4 9 9 9 9 8 54 63
0 0 1 0 1 1 1 0 0 0 0 0 0 0 0 0 0 1 1 1 1 1 0 0 0 0 0 1 3 4 2 4 1 2 1 0 0 0 0 0 0 0 0 0 0 0 0 0 0 0 0 0 0 0 0 0 0 0 0 0 0 0 0 0 0 0 0 0 0 0 0 0 0 0 1 0 0 0 1 0 0 0 0 0 0 0 0 0 0 0 0 0 0 14 15 16 2 4 11 13 14 37 54 540 540 33 8 5 4 4 4 4 23 54 63 540 9 13 10 6 4 2 2 11 13 14 37 54 540 540 540 540
0 0 0 0 0 0 2 2 0 0 0 3 2 5 4 4 3 1 0 0 0 1 0 0 1 0 0 0 0 1 0 0 1 0 0 1 0 0 0 1 1 0 0 0 0 0 0 0 0 0 0 0 0 0 0 0 0 0 0 0 0 0 0 0 0 0 2 1 1 1 3 0 0 0 0 0 0 1 2 2 2 0 1 1 1 0 0 0 0 0 7 8 0 0 1 0 0 0 0 0 0 0 0 0 21 6 11 8 9 3 3 3 20 23 2 2 0 0 0 0 0 6 7 15 37 54 540 33 19 6 4 4 2 2 14 20 23 2 2 10 1 0 0 0 3 5 6 7 15 37 54 540 540 540 540 540 540 540
0 0 1 0 0 0 0 0 0 0 0 0 1 1 0 0 0 0 0 0 1 1 0 0 1 0 1 1 2 1 0 5 0 4 4 5 1 10 8 7 2 0 1 0 0 0 0 0 3 0 1 1 1 1 0 0 0 0 0 0 0 0 0 1 0 0 0 0 0 1 0 0 0 0 0 0 0 0 0 0 0 0 0 0 0 0 0 0 2 2 1 1 1 5 0 0 0 0 1 0 0 0 0 1 0 0 0 0 0 0 0 0 0 0 0 0 0 0 0 13 14 37 54 540 540 9 0 1 2 2 2 2 1 4 0 0 0 0 0 13 14 1 1 6 4 4 2 1 15 16 3 11 3 3 3 20 23 54 63 33 8 3 3 3 3 3 15 63 540 540 540 540
0 0 0 0 0 0 0 0 0 0 0 0 0 0 1 1 0 0 0 1 1 1 0 0 1 4 4 2 1 2 1 0 0 0 0 1 0 0 0 0 0 0 0 0 0 0 0 0 1 1 0 1 2 3 1 0 0 0 0 0 0 0 0 0 0 0 0 0 0 0 0 0 0 0 0 0 0 0 0 1 0 0 0 0 0 0 0 0 0 0 0 0 0 0 0 0 0 0 0 0 0 0 0 0 0 0 0 0 0 0 1 5 6 7 15 37 54 540 9 1 3 4 5 5 5 63 540 9 13 0 0 0 0 0 6 7 15 37 2 13 9 9 9 9 8 54 63 540 540 540 540 540 540 540
0 0 0 0 0 0 1 1 2 0 1 0 0 2 0 0 1 1 3 5 1 0 0 0 0 0 1 1 0 0 0 0 0 0 0 0 0 0 1 0 0 1 1 0 0 0 0 2 0 1 2 0 0 0 0 0 0 0 0 2 2 3 3 4 2 1 2 0 0 0 0 0 0 0 1 1 0 0 0 0 0 0 0 0 0 0 2 0 0 0 0 0 0 0 0 0 0 1 6 4 4 2 2 14 20 23 54 63 540 540 540 540 540 540 33 19 6 4 4 2 1 6 10 13 31 2 2 0 0 0 0 0 0 0 0 20 17 12 54 540 540 540 540 540
0 0 0 0 0 0 0 0 0 0 0 0 0 0 0 0 0 0 1 1 0 0 1 1 2 3 1 0 0 0 0 0 0 0 0 0 1 0 0 1 0 0 0 0 1 0 0 0 0 0 0 0 0 0 0 0 0 0 0 0 0 1 0 0 0 0 0 0 0 0 0 0 0 0 0 2 2 2 1 1 0 0 0 0 0 0 0 0 0 0 0 0 0 0 0 0 0 0 0 0 0 0 0 0 0 0 0 1 14 1 1 5 5 0 0 0 7 0 3 3 20 23 54 63 540 540 9 13 10 6 4 2 0 41 1 1 5 7 15 37 54 540 9 1 3 4 5 5 5 63 540 540 540 540 540 540 540 540 540 540 540 540 540 540 540
0 0 0 0 0 0 1 3 2 0 1 1 0 0 0 0 0 0 0 0 0 0 0 0 0 2 5 6 8 0 0 0 0 0 0 0 1 1 2 2 2 3 1 1 0 1 0 0 0 0 0 0 0 0 1 0 0 0 0 0 0 0 0 0 1 0 0 0 0 0 0 0 0 0 1 0 0 0 0 0 0 0 2 0 0 0 0 0 0 0 0 0 0 0 0 0 0 0 3 3 20 23 54 4 19 6 4 4 2 1 6 10 13 31 2 0 0 0 0 0 0 7 15 1 0 5 4 4 4 4 23 54 4 14 17 19 20 17 12 54 540 540 540 540 540 540 540 540 540 540 540
0 2 4 10 2 4 4 2 2 1 0 1 0 0 0 0 0 0 0 0 0 1 2 1 0 0 1 0 2 1 0 0 0 2 1 1 8 1 1 1 1 0 0 0 0 0 0 0 0 1 1 7 0 0 0 1 0 0 0 1 1 0 0 1 2 10 1 1 0 0 1 2 2 3 0 0 0 0 0 0 0 0 3 0 1 1 0 0 0 0 7 10 1 1 0 0 0 0 1 4 4 53 13 16 1 1 2 1 1 5 5 7 8 5 22 22 22 0 1 2 3 2 3 4 5 4 43 31 63 63 63 4 6 12 19 31 54 4 19 6 4 4 2 1 6 10 13 31 54 63 540 540
0 5 2 1 1 1 1 4 4 3 4 0 1 2 1 1 0 0 1 0 0 1 0 0 2 1 1 1 1 8 9 4 2 1 2 2 0 0 0 0 0 0 1 0 2 2 17 17 9 8 0 0 0 0 0 5 1 11 0 0 1 1 2 1 0 4 7 0 0 0 0 1 0 0 0 2 5 7 0 0 0 0 0 0 0 0 6 7 15 1 0 3 3 3 3 3 1 0 3 3 3 3 3 15
0 1 3 8 6 0 0 0 2 3 3 0 5 4 3 4 4 3 0 0 0 5 1 1 1 0 0 0 0 1 0 0 0 0 0 0 1 1 3 0 0 0 0 1 1 7 52 47 0 3 2 1 1 0 0 0 0 0 0 0 0 0 0 0 0 0 0 0 0 1 1 0 0 0 0 1 0 0 0 0 0 0 1 2 0 0 0 0 0 0 0 0 0 1 5 22 22 22 22 0 0 4 1 2 1 1 2 63 0 0 0 0 1 0 0 1 2 48 43 16 42 7 0 0 0 2 7 0 0 0 0 0 0 0 4 10 13 31 54 4 14 17 19
0 6 2 0 0 0 0 1 1 1 1 0 0 3 3 2 6 0 0 0 1 1 0 0 0 0 0 0 0 0 1 0 1 8 4 2 2 4 0 0 0 0 1 1 7 52 2 2 4 3 2 0 0 0 0 0 0 0 1 0 2 1 2 0 0 0 0 0 0 0 1 2 1 1 0 0 0 0 0 0 0 0 0 0 0 2 3 3 2 6 47 48 19 2 2 2 10 16 16 54 540 540 540 540 540 33 19 5 0 0 0
0 0 0 1 1 1 1 0 1 2 0 0 0 1 0 1 1 1 2 0 0 1 1 1 0 0 0 0 7 10 6 4 4 5 10 14 10 8 8 8 7 6 8 1 2 1 1 0 0 0 2 3 1 1 4 9 4 5 3 1 2 0 0 0 0 0 0 0 0 0 0 0 0 0 2 52 2 2 0 0 0 0 0 2 1 0 0 0 5 10 1 0 0 0 0 1 1 0 0 0 0 0 0 0 0 0 31 63 63 27 42 53 50 41 29 10 22 22 22 17 1 0 0 1 0 0 0 1 3 0 1 0 0 0 0 0 0 0 0 0 19 17 53 13 2 2 2 3 7 15 63 540 540 540 33 19 5 5 3 3 3
0 2 1 1 1 3 2 0 0 0 4 2 4 2 3 0 0 0 0 0 1 0 0 0 0 0 0 0 0 0 0 0 0 0 0 0 0 0 1 0 0 0 0 2 52 47 37 1 1 0 0 0 0 0 5 3 0 0 0 0 0 1 5 50 41 29 10 22 17 33 42 47 48 43 31 3 0 0 0 2 0 1 0 0 0 1 1 1 1 1 7 8 5 22 17 33 3 2 1 1 0 0 0 0 0 0 0 0 43 31 63 4 6 12 19 31 3 3 12 16 16 17 16 37 54 540 540
0 0 0 0 1 1 2 0 1 0 0 0 0 0 0 0 0 1 1 1 8 7 3 2 0 1 0 0 0 0 0 0 0 0 0 0 0 0 0 0 0 0 0 0 0 0 0 0 4 0 0 0 0 0 0 0 0 0 1 2 1 0 2 5 7 4 4 2 0 1 1 1 3 4 5 8 0 1 0 0 0 0 0 0 0 0 0 0 0 0 0 31 63 63 27 42 53 50 41 1 1 5 7 15 37 2 1 3 4 5 5 5
0 0 0 0 0 1 0 1 5 4 0 0 0 0 0 0 0 0 4 2 3 1 4 3 4 2 5 0 0 0 3 3 0 0 0 0 1 1 7 52 0 0 0 0 0 0 0 0 0 0 0 0 1 48 43 16 42 53 1 0 0 2 3 3 1 8 5 17 33 42 4 3 4 1 0 0 0 2 63 63 63 63 63 27 42 53 50 2 1 1 0 0 1 1 2 1 3 6 47 48 19 17 53 50 4 3 3 7 15 37 54 540 540 540 540 540 540 540 540
0 0 0 0 0 3 0 0 0 1 0 0 0 0 0 0 0 0 2 2 2 4 1 5 8 4 2 2 4 0 0 0 0 1 1 7 52 2 2 0 1 1 1 1 10 1 0 0 0 0 0 0 0 0 0 41 29 10 22 0 0 0 0 1 3 2 4 43 31 63 63 63 63 63 3 0 0 1 1 5 0 1 2 1 5 22 22 0 1 2 2 5 0 1 1 0 0 0 0 0 0 0 0 31 27 42 7 0 0 0 2 7 15 63 540 540 540 9 13 0 0 0 0
1 2 1 2 1 3 1 1 1 1 1 0 0 0 0 1 0 1 1 1 1 0 0 0 0 0 0 0 0 0 2 1 1 0 0 0 8 8 7 6 0 0 0 0 0 0 1 0 0 0 0 2 4 18 52 2 2 0 1 1 1 1 6 8 1 1 1 1 1 1 1 16 3 1 1 1 2 3 1 4 5 42 47 48 43 31 63 27 42 53 50 41 29 10 0 1 2 3 3 3 1 3 0 5 5 7 8 21 14 48 43 31 63 63 27 42 53 50 4 3 3 7 15 6 1 0 0 0 0 0 14 37 54
0 0 0 1 1 2 4 1 1 0 0 0 0 1 0 0 0 0 0 0 0 0 0 0 0 0 0 0 0 0 0 6 175 175 175 175 175 175 1 1 0 0 0 0 0 1 1 1 0 0 0 0 7 6 0 0 0 0 0 0 0 0 0 0 0 1 0 1 2 4 0 0 0 0 0 0 0 2 4 5 5 0 0 0 0 0 0 1 0 0 2 2 0 1 0 0 0 0 0 0 0 1 0 0 0 20 23 2 0 3 4 5 0 0 0 1 1 1 0 47 48 43 1 6 0 1 1 0 0 0 0 17 33 42 47 48 43 31 27 1 2 0 0 1 0 0 1 1 20 0 0 1 4 5 0 0 1 19 20 17 12 54 540
0 0 0 1 0 0 2 2 1 0 0 0 0 0 0 1 0 0 0 0 0 0 0 3 175 32 6 4 2 2 2 0 0 0 0 0 0 0 0 0 0 0 0 0 0 0 0 0 0 0 0 0 0 0 0 1 0 1 0 0 0 0 0 0 0 0 0 0 0 14 6 2 3 4 5 5 5 63 540 33 19 5 5 3 3 3 20 23 54 63 540 540 540 540 33 8 3 3 3
0 0 0 0 0 1 5 2 4 6 2 0 0 0 0 0 0 0 0 1 3 2 0 0 0 0 0 0 0 0 0 0 0 6 175 175 175 32 27 17 17 9 1 0 2 1 0 0 1 0 0 0 0 0 0 1 1 5 2 1 3 3 2 3 3 1 0 0 0 0 0 0 0 0 7 6 1 0 1 1 0 0 0 0 0 0 1 1 0 0 1 2 2 2 0 1 0 0 0 0 0 0 0 0 0 0 0 0 0 0 0 0 0 3 20 23 54 3 13 9 9 9 9 0 5 4 16 16 17 16 37 54 540 33 19 5 5 3 3 3 20 23 54 63 540 540 540 540 33 8 3 3 3 3
0 0 0 0 0 0 0 0 0 0 2 3 0 0 0 0 0 0 0 0 0 0 0 0 6 175 175 32 27 5 3 2 2 2 1 0 0 0 0 0 0 0 0 1 0 0 0 0 0 3 2 1 0 0 2 2 1 0 0 0 1 3 5 2 2 0 0 0 0 0 0 0 1 0 3 4 10 41 29 0 0 0 0 0 0 0 0 0 0 0 0 0 0 0 0 0 0 0 7 15 63 540 540 540 540 540 540 540 33 19 5 5 2 0 0 16 2 4 11 13 14 37 54 540 540 540 540 540 540 9 0 0 0 0 0 0 14 37 2 1 3 4 5 5
0 0 0 0 0 0 0 0 0 2 0 1 0 0 0 0 0 0 0 0 0 0 0 0 5 175 175 32 5 0 0 0 0 0 0 1 0 0 2 2 0 0 0 0 0 0 0 0 0 0 0 0 0 0 0 0 1 1 0 0 0 0 0 1 1 1 0 0 0 0 0 0 0 0 0 0 0 0 0 0 0 0 0 0 1 0 0 0 0 0 0 0 0 0 0 0 0 0 1 53 50 18 18 17 47 48 43 1 6 12 19 4 1 1 19 20 17 0 1 0 0 0 0 0 7 15 37 2 13 9 9 9 9 8 54 63 540
0 0 0 0 0 0 0 0 0 2 3 3 2 2 1 0 1 0 0 0 0 0 0 0 0 0 1 1 3 3 5 175 12 5 1 1 0 0 0 0 0 0 0 0 0 0 0 0 0 0 0 0 0 0 0 0 0 1 1 4 4 2 1 0 0 0 0 0 0 0 0 0 2 4 5 3 3 6 47 5 0 0 0 0 0 0 0 0 2 0 0 0 0 0 0 0 0 3 3 20 23 54 63 540 33 14 17 19 20 17 12 54 540 540 540 540 540 540 33 8 3 3 3 3 3 15 63 540 540
1 2 2 1 0 1 3 3 0 0 0 0 0 0 0 0 0 0 0 0 0 0 0 0 1 0 0 0 0 0 0 3 12 5 1 0 0 0 0 0 0 1 0 1 0 0 0 0 0 0 0 0 0 0 0 0 0 1 1 0 0 0 0 0 0 0 0 0 0 0 0 0 1 0 0 0 0 0 0 0 0 0 0 0 0 1 2 4 6 16 1 4 0 0 0 0 0 0 0 0 0 0 0 0 7 6 13 2 6 4 19 31 3 3 5 5 3 3 3 20 23 54 63 540 540 540 540 540 540 540
0 0 0 2 3 2 1 0 2 3 3 1 0 0 0 2 0 3 0 0 0 0 0 1 1 0 0 0 0 0 0 1 1 2 175 1 1 0 0 0 0 0 2 3 4 0 0 0 1 0 0 0 0 0 0 0 0 0 0 0 0 0 0 0 0 3 2 1 1 0 0 0 0 0 0 0 0 0 1 2 15 16 2 4 11 13 14 37 54 33 19 5 5 2 1 1 10 13 31 2 2 10 3 3 3 3 4 5 0 1 0 0 0 1 0 0 0 9 9 8 54 63 540 540 540 540 540 540 33 14 17
1 1 2 3 2 6 3 4 3 0 0 2 2 3 9 1 0 0 0 0 0 1 1 0 0 0 0 0 0 0 0 3 6 32 27 17 2 2 0 0 0 0 0 0 0 0 0 0 0 0 0 0 0 2 1 5 6 5 5 7 6 1 0 3 3 2 0 0 4 0 1 1 0 0 0 0 0 0 0 0 1 0 0 0 10 13 31 54 63 33 19 5 0 0 0 0 7 15 63 540 540 540 540 540 540 540 540 540 33 8 5 4 4 4 4 23 54 63
1 1 2 0 1 1 1 0 0 0 0 0 0 0 2 1 0 0 0 0 0 0 0 0 0 0 0 0 0 0 0 0 5 5 3 1 1 1 0 0 0 0 0 0 0 0 0 0 0 0 1 0 0 4 5 0 0 0 1 3 2 2 0 3 4 1 0 0 0 1 1 1 0 0 1 1 0 2 2 0 6 10 13 31 54 3 1 3 4 0 0 0 1 20 17 12 54 540 540 9 1 3 4 5 5 5 63 540 540 540 540 540 540 540 33 8 3 3 3 3
1 2 2 3 2 1 1 2 0 0 0 0 0 1 0 0 0 0 0 0 0 0 0 0 0 1 6 175 175 175 175 175 175 5 6 1 0 0 0 0 0 0 0 0 0 0 0 0 0 0 0 0 0 0 0 0 0 0 0 0 0 0 0 0 0 0 18 2 0 0 0 0 0 0 0 0 0 0 0 0 0 0 0 0 0 0 0 0 0 0 0 0 0 0 0 0 0 7 16 21 6 11 13 7 16 21 6 11 8 9 6 8 0 7
0 0 0 0 0 0 3 1 1 1 1 0 0 0 0 0 0 0 1 0 0 0 0 0 0 1 1 2 10 52 47 37 175 175 175 175 175 32 27 17 17 2 1 1 1 0 0 0 0 1 0 0 0 0 0 0 0 0 0 0 0 0 0 0 0 0 0 0 0 0 0 0 0 0 0 0 0 0 0 0 0 0 0 0 0 0 0 0 1 0 0 0 0 0 0 0 1 3 2 4 43 0 0 0 1 2 3 2 3 16 21 14 15 16 3 1 0 0 0 0 0 0 0 5 5 4 2 18 17
0 0 0 0 2 1 0 1 1 1 1 1 1 0 1 0 0 0 0 0 0 0 0 1 6 7 52 47 37 175 175 175 3 3 1 1 1 0 0 0 0 0 0 0 0 0 0 0 1 0 1 0 0 1 0 0 0 0 0 0 0 0 0 0 0 0 0 0 0 0 0 0 0 0 0 0 0 0 0 0 0 0 0 0 0 0 0 0 0 0 0 0 0 0 0 1 0 0 0 0 0 4 2 18 17 47 48 19 17 53 50 18 2 0 0 0 0 0 0 0 0 7 2 1 1 1 0 0 0 2 6 11 8
0 0 0 0 0 0 0 0 0 0 0 0 1 1 1 1 0 0 0 0 0 0 0 0 0 0 0 0 0 0 0 0 0 0 1 0 47 37 175 175 3 0 0 0 0 0 0 0 0 0 0 0 0 0 1 0 1 0 0 0 0 0 0 0 0 0 0 0 0 2 1 0 0 0 0 0 0 0 0 0 0 0 0 0 0 0 0 0 0 0 0 0 0 0 0 0 0 0 0 0 0 0 0
1 2 0 0 0 1 3 1 0 0 0 1 0 0 0 0 0 0 1 1 0 0 1 3 5 6 7 52 47 37 32 5 0 0 0 0 0 0 0 0 0 0 0 0 1 0 0 0 0 0 0 0 0 0 0 0 0 0 0 0 0 0 0 0 0 0 0 0 0 0 0 0 0 0 0 0 0 0 0 1 0 0 0 0 0 0 0 0 2 2 7 18 18 17 47 48 19 17 53 50 18 18 2 3
1 2 2 3 2 0 1 2 1 0 0 0 0 0 0 0 0 0 0 0 0 0 0 0 5 10 25 52 47 37 32 5 2 3 1 0 0 0 0 0 0 0 0 0 0 0 0 0 1 0 0 0 0 0 0 0 0 1 0 0 0 0 1 1 1 0 1 0 0 0 0 0 0 0 0 0 0 0 0 0 0 0 0 7 6 6 7 8 0
1 1 2 2 3 0 1 2 0 0 0 0 0 0 0 0 0 0 0 0 0 0 0 0 0 1 5 25 52 47 37 175 32 27 17 17 9 8 2 6 1 0 0 0 0 1 2 2 1 2 0 0 0 0 0 1 0 1 1 0 1 2 2 1 0 2 3 0 0 0 0 0 0 0 0 0 4 53 13 16 1 0 0 0 0 0 0 1 1 5 0 0 4 1 0 0 0 0 0 0 0 2 48 43 16 42 53 50 41 17 18 42 47 48 19 17 53 50 18 18 17 47 48 43 16 42 53
0 0 0 0 0 7 1 1 6 3 0 0 0 0 0 0 0 0 0 0 0 0 0 0 1 0 47 37 32 5 2 3 1 1 0 0 0 0 0 0 0 0 0 1 0 0 1 0 0 0 0 0 0 0 0 0 1 1 0 0 0 0 0 0 0 0 0 0 0 0 0 3 1 2 4 7 48 0 0 0 0 1 1 0 0 1 42 47 48 19 4 2 0 0 1 1 2 2 1 1 2 2 2 14 48 43 31 63
1 2 1 1 1 6 0 0 0 0 0 0 0 0 0 0 0 0 0 0 0 0 1 1 47 6 5 2 3 1 0 0 0 1 0 0 0 0 2 1 0 0 1 0 0 1 0 0 0 1 0 0 1 0 0 0 0 0 0 0 0 0 0 0 0 0 2 0 3 1 1 5 7 6 13 0 16 3 11 6 8 0 7 2 8 5 7
4 9 5 3 3 2 3 2 1 0 0 0 0 0 0 0 1 0 0 0 0 0 0 0 1 0 0 0 0 0 0 0 0 5 175 175 175 175 175 175 175 175 5 6 4 0 0 0 0 0 0 0 1 1 0 0 0 0 0 0 0 0 0 0 0 0 0 0 0 2 0 0 0 0 0 0 0 0 0 0 0 0 2 1 0 0 0 0 0 0 0 0 0 0 0 0 0 0 1 0 0 0 0 0 0 0 0 0 0 0 1 1 7 8 0 0
6 7 1 0 2 0 0 0 0 2 1 0 0 0 0 1 0 0 0 0 0 1 0 0 0 0 0 0 0 0 2 4 0 0 1 0 0 0 0 1 2 1 0 0 0 0 0 0 0 0 0 0 0 1 1 0 0 0 0 0 0 0 0 0 10 25 52 47 37 3 3 1 0 0 0 0 0 0 0 0 2 2 2 0 0 0 0 0 0 0 1 1 3 5 1 2 0 0 0 0 0 0 0 0 0 0 0 0 0 0 0 0 0 0 0 3 4 5 5 5 63 9 13 0 0 0 0 0 13 0 0 0 4 4 4 4 23 54 63 540 33 19 0 0 0 0 0 0 0 0
0 0 0 0 0 0 3 1 2 2 1 0 0 0 0 0 0 0 0 0 0 0 0 0 0 0 0 0 0 0 0 0 0 0 1 0 0 0 0 0 0 0 2 1 0 0 0 0 0 0 0 2 2 0 0 1 1 2 2 10 52 3 3 4 2 1 0 0 0 0 0 0 0 0 0 0 0 0 0 0 0 0 0 0 0 1 0 3 0 1 1 6 5 1 2 1 1 1 0 0 1 1 0 0 0 0 0 1 0 0 0 0 0 0 1 0 0 0 0 0 0 0 0 0 0 0 0 0 0 0 0 0 0 0 0 0 0 0 0 1 1 0 0 0 0 0 3 7 15 37 54 9 1 3 4 5 5 0 0 3 4 5 5 5 63
0 0 0 0 1 0 2 1 2 2 1 0 0 0 0 0 0 0 0 1 0 0 1 0 0 0 1 1 0 1 0 0 0 0 0 0 0 0 0 0 0 0 0 0 0 0 0 0 0 0 0 0 0 1 2 2 0 1 0 0 0 0 2 1 0 0 0 0 0 0 0 0 0 0 0 1 1 2 10 52 47 37 32 2 1 1 1 0 0 0 0 0 0 0 0 0 0 0 0 0 0 1 2 2 3 1 0 0 0 0 0 0 0 0 0 0 0 1 0 0 0 0 0 0 0 0 0 1 1 1 0 0 0 0 0 0 0 0 0 0 0 0 0 0 0 0 0 0 0 0 0 0 0 0 0 0 0 0 0 6 0 0 0 0 0 0 0 0 0 0 0 0 19 6 1 0 0 0 7 15 37 54 540 540 540 540 540 540 540 540 540 0 0 0 0 0 0 0 0 1 2
0 0 0 0 0 0 0 0 0 0 0 0 0 0 0 0 0 0 0 0 0 0 0 1 0 2 0 0 0 1 0 0 1 1 0 0 0 0 0 0 1 3 0 0 0 0 0 0 1 0 0 0 0 0 0 0 0 0 2 1 1 1 0 0 0 1 1 0 0 2 0 0 0 0 0 0 0 0 2 7 52 47 0 3 1 1 0 0 0 0 0 0 0 0 0 0 0 0 0 0 0 0 0 0 0 0 1 1 0 0 1 0 0 0 0 0 2 0 0 0 0 0 0 0 0 0 0 0 0 0 0 0 0 0 0 1 15 63 9 0 0 0 0 0 0 0 0 0 4 5 0 0 1 19 0 0 0 1 5 5 5 63 540 540 540 540 540
1 2 2 2 1 0 2 1 0 0 0 0 0 0 0 1 1 2 0 0 0 1 1 0 0 0 0 0 0 0 0 0 0 2 1 0 0 0 0 0 0 0 0 0 0 0 1 1 2 1 0 0 1 0 0 0 0 0 0 0 0 0 0 1 0 0 0 0 0 0 0 0 2 10 52 47 37 12 9 6 0 0 0 0 0 0 0 0 0 0 0 0 0 0 0 0 0 0 0 0 0 0 0 0 0 0 0 0 0 0 0 0 0 0 0 0 0 0 0 1 0 0 0 0 0 0 0 0 0 0 0 0 0 0 0 0 16 4 14 17 19 20 17 12 54 540 540 540 540 540 540 9 1 3 4 5 5 5 63
0 0 0 0 0 0 1 6 4 3 1 0 0 0 0 0 0 0 0 0 0 1 2 0 0 0 0 0 0 0 0 0 0 0 0 0 0 1 0 0 0 0 0 0 0 2 1 1 1 0 0 1 1 1 0 0 0 0 1 1 0 0 0 0 0 0 0 0 0 0 0 2 2 10 25 52 47 37 12 9 4 2 1 0 0 0 0 0 0 0 1 1 0 0 0 1 1 1 0 0 0 0 0 0 0 0 0 0 1 0 3 1 2 3 3 3 2 3 1 3 0 0 0 0 0 0 1 0 0 0 0 0 0 0 0 0 0 0 0 0 0 0 0 0 0 0 0 0 0 0 0 13 14 37 4 14 17 19 20 17 12 2 1 3 4 5 5 5 63 540 540 540
3 3 0 0 0 1 1 1 1 1 1 1 1 0 3 2 1 1 0 0 0 0 0 0 0 1 0 0 0 0 0 0 0 0 0 0 2 5 1 0 0 0 0 0 0 0 0 0 0 0 0 0 0 0 0 0 1 0 0 0 0 0 0 0 0 0 0 0 1 0 0 0 2 2 2 2 10 25 52 47 6 2 1 0 0 0 0 0 0 0 0 0 0 1 1 1 0 0 0 0 0 0 2 1 1 0 0 0 0 0 1 0 0 0 0 0 0 0 0 1 0 1 0 0 0 0 0 0 0 0 4 6 16 16 54 9 13 0 0 0 0 0 13 14 37 54 33 8 5 0 0 0 0 0 3 3 7 15 37 54 9 1 3 4 5 5
1 2 1 1 1 6 2 0 0 0 0 0 0 0 0 0 0 0 0 0 1 0 0 0 0 0 0 0 0 0 0 0 0 0 0 0 0 0 1 1 1 1 1 2 1 1 1 0 0 0 0 0 0 0 0 6 11 18 52 47 6 27 17 0 0 0 0 1 0 0 2 2 0 0 0 0 0 0 0 0 0 0 0 0 0 0 0 1 0 0 0 0 0 2 1 1 0 0 0 0 0 0 0 0 0 0 0 0 0 0 0 0 0 0 0 0 0 0 0 0 0 0 0 0 0 0 0 5 5 2 0 0 5 5 12 19 31 54 63 540 33 19 6 1 1 2 2 15 37 54 540 540
1 2 2 3 2 1 6 0 0 0 0 0 0 0 0 0 1 1 1 1 1 0 0 0 1 0 0 0 0 0 0 0 0 0 0 0 2 0 1 0 0 0 0 0 0 3 3 1 0 1 3 0 0 1 1 1 1 0 0 10 25 52 47 6 27 17 17 9 8 2 6 5 1 0 1 1 0 0 0 0 0 0 0 0 0 0 0 0 0 0 0 1 0 0 0 0 0 0 0 0 0 0 0 0 0 0 0 0 0 1 0 0 1 0 0 0 0 0 0 0 0 0 0 0 0 0 0 0 9 1 3 4 5 5 5 63 9 0 0 0 0 0 0 1 23 54 63 540 540 33 19 6 1 1
0 0 0 0 0 0 0 0 0 0 0 0 0 0 0 0 0 0 0 0 0 0 0 0 0 0 0 0 0 0 0 0 0 0 0 0 0 0 0 0 0 0 0 0 0 0 0 0 0 1 1 0 0 0 0 0 0 0 0 1 0 1 0 0 0 0 0 2 25 52 2 2 1 0 0 0 0 0 0 0 0 0 0 1 3 1 0 0 0 0 0 0 0 0 0 0 2 0 0 0 0 0 0 0 0 0 0 0 0 0 1 0 0 0 0 0 0 0 0 0 0 0 0 0 5 1 16 0 0 0 0 0 0 0 0 0 2 7 15 3 0 0 0 0 0 0 0 1 3 7 15 63 540 33 19 12 16 16 17 16 37 54 540
1 2 2 3 2 1 1 0 0 0 0 0 0 0 0 0 0 0 0 0 0 0 0 0 0 0 18 52 47 37 175 175 12 9 2 3 0 0 0 0 0 0 0 0 1 3 2 3 0 0 0 1 1 0 0 0 2 2 3 2 1 3 8 0 0 0 1 1 0 1 1 1 3 4 3 3 1 4 2 3 1 0 1 4 4 3 1 1 2 1 3 0 5 6 5 5 7 6 13 15 43 31 27 42 1 4 11 13 14 37 54 540 540 540 540 540 540
0 0 0 0 0 0 0 0 0 0 0 1 1 2 1 0 0 0 0 0 0 0 0 0 0 0 6 11 18 52 47 6 27 17 17 6 4 3 3 4 1 4 4 10 2 0 0 0 0 0 0 0 0 0 0 0 0 2 2 3 4 6 2 3 2 1 0 0 0 0 0 0 0 0 0 0 2 1 1 1 1 1 1 2 4 0 0 0 0 0 0 0 0 0 0 0 0 0 0 0 0 2 2 7 18 18 17 4 6 10 13 31 54 63 540 540 33 19 12 16 16 17 16 37 54 540
0 0 0 0 1 1 1 0 1 6 4 2 0 0 0 0 0 0 0 0 0 0 0 0 0 0 1 1 0 2 175 175 3 3 4 1 0 0 0 0 0 0 0 0 0 2 2 0 0 0 0 0 0 0 0 0 1 0 1 0 0 0 0 0 1 4 0 0 0 0 2 3 5 3 8 5 4 1 1 1 3 2 0 0 0 0 0 0 0 0 0 0 0 14 48 43 31 27 42 53 1 1 1 2 4 3 1 6 33 42 47 48 43 0 0 0 0 0 0 0 0 0 0 0 0 0 0 0 0 1 1 2 0 5 1 0 0 0 1 5 6 7 15 37 54
0 0 0 0 0 0 8 2 1 0 0 0 0 0 0 0 0 0 1 0 0 1 0 0 0 0 0 1 1 2 10 52 47 37 12 0 0 0 0 0 0 6 175 175 175 32 27 17 17 9 8 2 6 2 0 0 0 0 0 1 1 0 1 0 0 1 0 0 0 2 4 1 0 0 0 0 0 0 2 7 0 0 0 0 0 0 0 0 1 1 1 0 0 0 5 42 4 0 0 0 0 0 0 0 0 0 0 8 50 18 18 17 4 6 10 13 31 3 3 12 16 16 17 16 37 54 540 9 13 9 9 9 9 8 54
1 1 1 1 1 1 0 0 0 0 0 1 1 0 0 0 0 0 0 1 3 1 1 2 0 0 0 0 0 0 0 4 5 4 6 175 175 175 175 1 1 1 0 0 0 0 2 4 2 2 2 2 0 2 2 3 0 4 4 1 0 0 0 0 0 0 2 1 0 0 0 1 0 0 0 0 0 0 0 0 0 0 0 1 4 0 1 0 1 1 5 5 7 8 5 22 17 33 6 0 0 0 0 0 0 0 0 0 0 0 0 7 5 16 42 53 50 41 29 10 17 33 42 47 48 43 31 63 4 6 12 19 4 5 0 1 1 2 2 15 37 54 540 33 8 5 1 1 1 1 13 31
6 5 9 5 5 3 1 0 0 0 0 0 1 5 6 11 18 52 47 37 175 175 175 12 5 5 3 2 1 1 4 6 0 0 1 0 0 0 0 0 0 0 1 1 1 0 0 0 0 0 0 0 0 0 0 0 0 0 0 0 0 1 1 1 2 2 1 1 0 0 0 0 0 0 0 0 0 0 0 0 0 0 0 1 0 0 0 0 0 1 0 0 1 6 1 2 4 6 16 16 54 540 540 33 8 3 3 3 3 3 15
0 0 0 0 0 0 0 0 0 0 0 0 0 0 0 0 0 0 0 0 0 0 0 0 0 0 0 0 1 0 3 175 175 12 5 5 3 2 1 1 4 6 2 3 0 0 1 1 1 4 4 7 1 1 0 0 0 0 0 0 0 0 0 0 0 0 0 0 0 0 0 0 0 0 0 0 0 0 0 0 0 0 0 0 0 1 0 0 0 0 0 0 0 0 0 0 0 0 0 0 0 0 1 42 47 15 16 3 0 0 0 2 7 15 63 540 33 19 5 5 3 3 3 20 23 54 63 540 540 540
4 9 5 0 0 2 0 0 0 0 0 0 0 0 0 0 0 0 1 2 7 52 47 37 12 2 1 0 0 0 0 0 0 0 0 0 0 1 1 2 1 0 0 1 0 1 0 0 0 0 0 0 0 0 0 0 0 0 4 3 1 6 33 42 47 15 16 3 11 0 1 1 3 1 0 0 0 0 0 0 0 0 0 0 0 0 1 17 33 42 47 48 43 16 42 53 3 5 6 7 15 37 54 33 14 17 19 20 17 12 4 14 17
0 0 0 0 1 0 0 0 0 0 1 0 0 0 0 2 2 0 0 0 0 0 5 10 25 52 47 37 32 27 17 17 9 0 0 0 0 0 0 0 0 0 0 0 0 0 0 0 0 0 0 0 0 0 0 0 0 0 0 0 0 0 0 0 1 0 0 0 0 2 1 1 3 6 4 5 3 3 2 0 0 4 0 1 1 1 0 0 0 0 0 0 0 0 0 1 0 0 0 2 4 1 0 3 3 3 3 3 15 63 540 540 540 540
0 0 0 0 2 3 1 1 0 0 0 0 0 0 3 3 2 2 3 9 4 2 0 0 0 0 5 10 25 52 47 37 32 27 17 2 2 0 0 2 2 0 1 2 3 3 4 0 0 1 0 0 0 0 0 0 0 0 1 0 0 0 0 0 0 0 0 2 2 1 1 1 1 1 0 0 0 0 0 0 2 3 7 1 0 0 0 0 0 0 0 0 0 16 16 54 540 540 540 540 540 540 540 540 540 540 540 540 540
