315.55705
393.53529
273.62416
347.01460
349.42331
342.79661
360.55975
387.09396
402.85294
387.03205
310.66242
317.43119
310.47297
305.58621
309.89759
368.46212
306.41026
417.90323
360.00000
349.14493
327.50000
361.35577
336.78616
413.06040
311.59155
383.32090
322.09630
352.64706
410.04065
411.78400
200.79832
231.82090
195.18841
142.59259
178.74312
157.02128
272.27273
246.30973
188.15217
179.53719
284.60000
236.92941
256.88350
251.43023
262.66463
235.20339
253.72515
263.19745
274.22642
250.30952
323.62295
307.98473
287.35333
316.90000
327.43949
287.87931
279.62963
310.94068
294.52101
363.67544
