18.34028
42.75152
3.68056
33.07576
30.92405
22.41861
34.89610
44.58333
62.07273
42.85431
13.27632
2.36538
4.80420
28.14414
16.37267
17.06299
4.87500
47.22689
20.58537
10.24060
14.17178
33.56566
26.07792
55.19444
11.51095
43.85271
31.74615
30.49618
47.12712
44.15000
11.20176
10.34109
7.75940
4.33981
5.25962
3.06742
11.82677
5.50000
2.26437
12.75000
7.32667
2.15152
26.02488
18.16767
23.33962
12.43023
3.74096
14.53947
10.79870
9.41104
35.91453
18.81746
7.27586
14.14074
14.87500
18.44144
23.23846
8.94690
22.65790
68.23853
