34 354 145 55 65 45 101 128 163 81 43 66 45 32 145 81 120 354 332 300 75 101 45 32 145 48 45 248 55 28 64 121 332 300 248 354 332 163 55 88 75 45 101 45 248 354 332 300 248 354 332 101 63 25 59 29 12 104 132 159 49 38 101 59 61 42 45 75 134 84 140 329 305 16 6 62 8 30 564 329 40 80 211 114 121 95 61 9 20 16 3 4 33 131 291 279 564 564 564 564 26 12 3 4 20 657 16 6 8 30 51 91 1327 1327 1327 1327 1327 1327 1327 59 31 564 329 305 657 657 291 19 91 1327 1327 1327 1327 1327 1327 1327 59 21 91 1327 1327 1327 1327 27 5 94 1327 1327 1327
29 145 81 121 41 32 332 163 48 59 104 45 101 45 75 101 45 32 145 48 128 300 248 354 145 140 113 88 87 25 59 104 132 354 145 140 113 21 29 88 42 90 300 248 227 227 354 332 278 300 248 55 38 87 69 101 128 300 248 55 38 42 90 300 248 159 134 211 113 33 1 14 329 4 7 15 131 657 657 16 7 15 35 279 26 15 14 140 564 85 8 13 20 98 4 13 6 6 4 6 279 51 91 1327 1327 27 5 94 1327 1327 59 21 91 1327 1327 1327 1327 1327 1327 59 21 0 5 94 1327 1327 1327 27 5 94 1327 1327 59 21 91 1327 1327 1327 59 8 305 657 73 94 1327 1327 1327 1327 59 8 305 657 73 94 1327 1327 1327 1327 1327 1327 1327 1327 1327 1327 1327 1327 1327 1327 1327 1327
34 354 332 278 163 140 101 45 54 33 90 41 32 145 48 28 81 120 354 332 300 75 101 45 248 55 66 90 278 300 248 227 354 145 81 121 145 48 128 300 54 38 87 69 211 101 128 300 248 227 227 55 66 90 278 300 248 354 41 54 38 87 15 35 40 40 80 113 33 1 14 26 1 4 10 657 657 98 80 113 13 6 6 1 1 14 4 1 6 1 6 8 30 85 39 131 291 6 9 8 30 329 305 98 4 88 9 6 279 329 305 73 94 1327 1327 1327 1327 27 20 657 291 279 564 564 51 91 1327 1327 1327 1327 1327 59 31 564 564 51 91 1327 1327 1327 27 20 73 94 1327 1327 1327 1327 1327
25 38 101 128 278 300 75 49 121 145 81 121 145 48 128 300 32 145 81 120 227 354 145 140 113 33 45 75 134 101 128 300 248 354 332 300 248 227 159 49 121 95 29 90 300 248 55 66 45 54 28 64 120 354 95 29 90 278 101 104 132 159 33 65 45 101 3 1 9 9 20 657 657 657 657 16 7 69 84 140 564 26 12 30 85 8 13 20 16 7 29 13 6 279 564 329 305 657 657 291 279 51 91 1327 1327 1327 1327 1327 1327 1327 59 8 305 73 94 1327 1327 1327 1327 1327 1327 27 20 657 291 279 51 91 1327 1327 1327 1327 1327 1327 1327 1327 1327
34 354 145 48 45 248 354 145 140 114 120 354 332 300 248 159 134 101 128 300 248 354 145 81 121 145 140 101 45 248 354 145 140 113 65 132 354 332 101 61 87 64 121 332 101 61 87 64 120 227 354 332 101 29 90 101 104 132 55 1 30 14 4 0 4 88 62 62 87 69 211 211 113 88 62 62 9 20 291 279 85 55 211 71 131 657 16 6 8 30 329 305 291 279 564 329 305 16 8 30 564 26 4 20 291 279 564 329 305 657 291 279 329 305 73 94 1327 1327 1327 27 20 291 279 564 51 91 1327 1327 1327 1327 1327 1327 59 31 564 329 305 73 94 1327 1327 1327 27 20 657 657 291 279 564 51 91 1327 1327 1327 1327 1327 1327 1327 1327 1327 1327 1327 1327
34 354 332 163 55 88 75 90 145 140 101 28 48 45 54 66 90 300 75 134 211 101 45 248 354 332 300 75 134 101 128 300 248 159 134 101 128 278 300 248 227 227 227 354 332 163 48 128 163 81 120 354 332 278 101 61 75 132 159 49 121 332 278 278 300 54 38 75 132 227 227 354 332 278 300 32 95 61 75 132 354 4 0 33 3 6 8 30 564 329 305 98 80 84 140 564 329 305 657 16 6 9 20 657 98 80 211 211 84 5 4 6 6 12 30 26 9 9 20 291 279 51 91 1327 1327 1327 1327 1327 1327 1327 27 2 19 91 1327 1327 1327 27 20 291 279 51 91 1327 1327 1327 59 31 564 329 305 657 657 291 279 329 305 73 94 1327 1327 1327 1327 1327 59 8 16 94 1327 1327 1327 1327 1327 1327 1327 1327 1327
29 41 32 41 32 41 32 145 140 114 121 41 54 66 90 300 75 134 211 211 211 113 88 62 42 90 278 300 248 159 134 114 120 227 227 354 95 61 62 42 90 278 278 163 81 38 101 45 248 55 33 90 332 300 248 227 354 332 300 32 95 29 90 300 248 227 354 41 32 145 55 13 20 291 27 8 88 9 6 279 329 40 4 13 20 657 291 27 8 21 14 140 564 26 4 20 291 279 329 305 16 3 6 40 305 73 94 1327 59 8 305 657 291 279 564 51 91 1327 1327 1327 1327 1327 1327 27 5 94 1327 1327 1327 1327 1327 1327 27 20 291 279 564 51 91 1327 1327 1327 1327 27 20 73 94 1327 1327 1327 1327 1327 1327 1327 1327 1327 1327 1327 1327
25 121 332 101 63 69 113 88 62 75 132 354 332 278 163 140 211 211 211 113 88 42 90 300 248 354 41 248 159 101 128 300 75 134 113 88 87 29 33 45 248 227 354 145 140 113 88 62 42 90 300 248 227 354 145 55 88 75 90 332 278 300 248 159 49 120 354 332 278 278 101 104 45 10 131 657 16 6 8 30 564 85 55 71 3 8 30 564 329 305 657 657 16 6 62 8 0 91 1327 1327 1327 59 31 564 329 305 73 94 1327 1327 1327 1327 1327 1327 1327 1327 1327 1327 1327 59 31 564 329 305 657 73 94 1327 1327 1327 27 20 291 19 91 1327 59 21 91 1327 1327 1327 1327 1327 1327 1327 1327 1327 1327
29 145 81 121 95 63 64 121 41 32 332 300 75 134 114 121 41 32 332 300 75 134 101 45 248 354 332 300 248 159 134 113 33 45 75 134 113 33 90 300 248 227 354 41 248 227 354 332 101 29 90 300 248 227 227 159 33 33 12 61 42 45 248 354 145 55 88 87 14 140 26 9 62 9 20 657 98 80 71 131 291 279 564 26 15 15 10 80 84 140 26 9 87 15 131 98 80 113 88 9 20 291 279 564 26 12 5 35 279 51 91 1327 1327 1327 59 31 329 305 291 279 329 305 73 94 1327 1327 1327 1327 1327 1327 1327 27 20 657 291 279 564 564 564 51 91 1327 1327 1327 1327 1327 1327 27 5 94 1327 1327 1327 1327 1327 1327 1327 1327 1327 1327 1327 1327 1327 1327 1327 1327 1327 1327 1327 1327
34 354 41 75 101 28 81 120 354 332 278 300 248 55 28 64 121 145 81 121 332 163 55 21 64 121 332 278 300 248 227 227 354 332 163 55 88 42 90 300 248 354 332 163 140 114 120 227 227 354 332 101 29 12 63 64 120 354 332 101 63 29 13 20 291 279 564 564 329 40 33 131 16 6 87 69 211 113 88 62 8 30 329 305 98 41 140 329 4 3 20 291 27 8 88 62 9 20 291 279 329 305 73 94 1327 1327 1327 1327 59 31 564 329 305 657 73 94 1327 1327 1327 27 2 279 564 51 91 1327 1327 1327 59 8 305 73 94 1327 1327 1327 1327 59 21 91 1327 1327 1327 1327 1327 1327 1327 1327 1327 1327 1327 1327 1327 1327 1327 1327
29 145 140 114 120 354 332 278 278 163 140 211 114 120 227 227 227 55 66 90 278 163 140 211 113 88 87 69 211 113 88 62 62 62 42 90 300 248 227 227 354 332 300 248 354 41 32 332 300 248 3 16 98 71 71 576 576 5 4 211 113 88 62 42 90 278 300 248 227 227 227 159 134 211 211 113 88 62 62 1 1 15 163 140 211 211 113 88 42 90 278 278 300 248 227 227 227 159 134 71 131 657 657 657 291 279 564 329 305 98 80 211 84 140 564 564 564 564 564 564 564 564 85 55 84 140 329 305 657 657 657 657 657 657 657 657 73 94 1327 1327 1327 1327 59 31 564 329 305 657 73 94 1327 1327 1327 1327 1327 1327 1327
29 332 163 140 211 113 88 75 132 227 354 332 278 278 163 140 114 120 55 66 90 101 104 132 354 332 300 32 41 248 354 332 278 300 248 227 354 145 48 128 300 32 17 24 71 71 576 576 576 54 38 354 332 163 140 84 140 564 329 305 657 291 279 85 39 131 657 657 657 291 279 329 40 41 140 564 564 85 55 71 131 657 657 16 3 20 291 279 564 51 91 1327 1327 1327 59 8 16 94 1327 1327 1327 59 8 16 94 1327 1327 1327 1327
4 114 120 227 354 332 163 140 211 113 33 90 278 300 248 227 354 332 278 300 248 354 145 48 128 300 248 227 227 354 145 55 33 45 32 332 300 248 55 66 90 278 300 248 3 16 98 71 71 576 576 576 576 14 15 163 81 120 55 38 42 22 140 114 120 354 332 4 10 291 279 564 85 26 140 329 4 8 30 329 305 657 657 657 98 80 71 131 657 657 16 6 87 14 140 564 564 564 564 564 564 564 564 564 85 39 131 657 657 657 657 657 657 16 6 8 30 564 329 305 657 657 657 657 291 279 329 16 94 1327 1327 1327 27 2 279 329 305 657 73 94 1327 1327 1327 1327 59 21 91 1327
34 354 332 163 140 211 211 113 65 132 354 145 140 113 33 90 278 300 248 227 227 354 41 248 354 332 300 54 66 45 248 354 41 248 354 332 278 300 248 354 332 300 248 3 16 98 71 71 576 576 576 14 15 300 248 227 55 28 25 128 300 248 159 134 114 43 38 42 0 10 98 80 84 140 26 15 69 84 140 85 55 84 9 39 131 657 657 98 41 140 564 564 329 305 657 657 657 291 19 91 1327 1327 1327 1327 1327 1327 1327 1327 1327 1327 59 31 329 16 94 1327
34 354 145 140 211 211 113 33 90 300 248 227 354 145 140 211 113 88 62 87 69 211 211 211 113 88 42 90 278 278 300 248 227 227 227 227 227 354 332 278 278 278 300 248 227 227 354 332 300 32 332 163 81 120 227 354 332 278 300 248 227 354 332 300 32 41 32 332 278 278 300 248 3 16 98 98 71 71 576 576 576 14 15 278 163 140 114 120 227 227 227 227 354 332 278 300 7 15 85 55 84 140 26 9 8 5 305 657 657 657 657 657 657 657 291 279 564 564 564 564 564 564 564 564 329 40 33 131 657 657 657 657 98 80 71 131 16 6 8 30 329 305 657 657 657 291 279 564 329 16 94 1327 1327 1327 1327 1327 1327 1327 1327 59 31 329 305 73 94 1327
29 145 140 114 120 354 332 163 140 211 101 128 300 248 354 332 300 248 354 332 300 32 332 300 248 227 354 41 32 332 300 32 332 300 248 354 332 300 32 332 300 8 16 98 98 71 71 576 576 576 576 576 5 4 113 88 42 90 300 248 159 10 131 657 657 291 279 564 564 564 564 564 564 329 305 657 657 657 657 657 98 33 131 291 279 564 329 35 27 55 211 84 140 564 564 564 564 564 564 329 305 98 33 131 657 16 8 30 329 305 657 657 657 657 657 657 73 94 1327 1327 1327 59 31 51 91 1327 1327 1327 1327 1327 1327 1327
29 332 163 81 121 332 300 248 227 354 145 140 113 88 42 45 32 145 48 128 300 248 227 227 227 354 332 300 32 145 140 113 33 45 32 41 75 3 12 98 98 9 0 32 332 300 0 7 576 576 576 54 9 134 113 88 62 9 20 657 291 279 564 564 85 55 71 131 657 657 291 279 329 40 80 84 140 564 564 564 564 85 55 211 211 211 211 113 88 8 5 305 657 657 657 657 657 657 657 291 279 564 564 564 51 91 1327 1327 1327 1327 27 5 94 1327 1327 1327 1327
5 101 128 163 140 114 121 332 300 248 227 159 134 101 128 300 32 332 300 248 354 332 300 248 159 134 113 88 42 90 300 248 227 354 332 300 248 3 16 98 71 71 576 576 576 5 4 101 45 248 354 5 14 564 329 305 657 657 657 657 291 279 564 85 55 84 140 564 564 564 564 564 329 305 657 98 33 131 657 657 657 657 657 657 657 657 657 657 291 279 564 564 85 55 211 211 84 140 564 564 329 305 657 657 657 291 279 564 564 51 91 1327 1327 1327 1327 1327 1327 1327 1327 1327 1327 1327 1327 1327
4 114 121 41 32 332 163 48 128 300 248 354 41 248 354 2 0 3 354 145 140 101 128 300 248 354 332 278 300 248 354 332 300 248 3 16 98 71 71 576 576 576 14 15 278 300 248 227 227 227 159 101 128 4 10 657 291 279 564 564 564 564 564 564 85 26 140 329 305 657 657 657 657 657 657 657 657 657 657 98 33 131 98 41 140 564 564 564 564 564 564 564 85 55 71 131 657 291 279 329 4 8 5 305 657 657 657 657 657 291 279 329 16 94 1327 1327 1327 1327 1327 1327 1327 1327 27 20 291 19 91 1327
34 354 332 163 140 113 65 132 354 332 278 278 300 75 49 121 41 75 134 211 113 33 90 300 248 227 354 41 32 332 300 248 159 134 114 121 332 278 278 278 300 248 227 227 354 145 140 113 65 132 354 332 4 24 98 71 71 576 576 576 14 15 278 300 248 227 227 354 332 8 14 329 305 657 657 291 279 85 55 84 140 564 564 564 329 305 657 657 657 657 657 657 291 279 564 564 564 564 564 85 55 84 140 564 564 329 305 291 279 564 329 305 657 657 657 657 657 657 657 291 279 564 564 51 91 1327 1327 1327 27 2 279 51 91 1327 1327 1327 1327 1327
25 121 95 63 2 24 223 223 223 223 34 16 332 300 248 159 33 88 87 69 113 33 45 75 33 21 69 113 88 62 1 11 576 576 576 576 576 576 576 576 576 576 576 5 4 113 65 132 227 55 66 90 278 278 300 248 227 227 354 145 48 59 61 75 45 101 45 248 227 354 332 278 101 104 132 6 10 657 657 98 80 84 140 564 564 564 26 9 9 20 657 98 80 71 131 291 279 26 9 8 5 305 16 8 30 329 305 73 94 1327 1327 1327 27 5 94 1327 1327 59 31 564 564 329 305 657 657 657 657 73 94 59 31 564 564 564 564 564 329 305 657 657 657 657 657 291 40 305 73 94 1327 59 21 91 1327 1327 27 5 94 1327 1327 59 21 91 1327 1327 1327 1327 1327 1327
29 332 300 75 4 24 223 223 223 34 8 354 332 101 29 45 54 28 29 88 75 90 0 10 576 576 576 576 576 576 54 9 134 211 101 128 300 54 33 90 332 300 248 354 41 75 33 33 22 55 65 90 332 163 14 131 98 41 140 329 40 41 140 85 55 113 88 9 6 279 51 91 1327 1327 1327 27 5 94 1327 1327 1327 1327 1327 1327 59 31 329 305 73 94 1327 1327 1327 1327 1327 1327 1327 1327 1327 59 8 16 94 1327
34 354 145 55 33 22 19 24 223 223 223 223 34 16 95 104 9 66 22 81 120 354 332 278 300 248 55 38 87 69 113 88 1 11 576 576 576 576 576 576 576 576 54 38 354 332 163 81 121 332 278 101 104 45 49 121 332 278 101 61 75 132 227 354 332 163 140 114 120 354 95 29 1 14 329 305 291 279 329 305 657 98 33 10 80 71 131 16 3 6 279 564 564 85 55 211 71 131 657 16 6 62 9 20 291 279 85 55 113 88 8 5 35 279 329 305 73 94 1327 1327 1327 1327 27 20 73 94 1327 1327 59 31 51 91 1327 1327 1327 1327 1327 1327 59 31 329 305 73 94 1327 1327 1327 1327 1327 1327 1327 1327 1327 59 8 16 94 1327 1327
29 332 163 81 121 332 163 55 1 6 223 223 223 26 13 75 90 145 48 28 81 43 38 1 11 576 576 576 576 576 576 576 54 38 159 101 128 163 140 113 88 87 69 114 120 55 38 42 90 278 163 55 65 132 227 354 332 278 163 140 113 88 75 132 354 332 163 140 113 88 9 20 291 279 85 39 131 657 291 279 564 564 564 564 26 4 20 657 98 80 113 13 6 279 329 4 8 30 329 16 94 1327 1327 1327 1327 1327 1327 1327 1327 1327 1327 1327 1327 59 31 329 305 657 657 291 279 51 91 1327 1327 1327 1327 1327 1327 1327 1327 1327 1327 1327 27 2 279 51 91 1327 1327 1327 1327 27 5 94 1327 1327 1327
29 145 140 101 45 54 66 4 42 223 223 223 7 4 88 42 45 248 354 95 63 29 21 4 12 576 576 576 576 576 576 576 54 8 145 140 113 65 132 354 332 163 140 113 88 75 90 145 55 21 64 121 332 101 104 90 4 10 291 279 564 85 55 113 13 20 657 657 291 279 564 26 9 87 69 211 84 5 9 9 20 291 27 55 211 113 88 62 87 69 84 20 35 279 564 26 9 9 20 657 657 657 291 279 564 564 329 305 657 657 657 657 73 94 1327 1327 59 21 91 1327 1327 1327 27 2 279 564 51 91 1327 1327 1327 1327 27 20 73 94 1327 1327 1327 1327 1327 1327
29 332 300 32 145 140 113 1 6 223 223 223 34 8 66 90 300 54 28 69 113 65 90 145 140 113 88 87 69 4 12 576 576 576 576 576 576 25 8 90 145 140 211 114 43 38 62 42 22 140 211 113 33 45 248 159 33 88 42 90 278 300 248 159 134 114 43 66 90 300 7 10 657 657 98 80 84 140 564 564 329 305 657 657 98 4 13 30 564 85 39 131 657 657 16 3 20 291 279 329 305 73 94 1327 1327 1327 1327 1327 1327 59 21 91 1327 1327 1327 1327 1327 1327 1327 1327 1327 1327 1327 59 8 16 94 1327 1327 1327 1327 1327 1327 1327
29 145 81 121 14 42 223 223 34 16 95 29 45 75 101 59 29 45 32 145 55 33 45 248 159 33 33 45 248 354 0 10 576 576 576 576 576 25 8 90 332 163 140 211 114 120 354 332 101 61 87 64 120 227 354 332 163 55 88 62 75 90 145 140 211 113 13 20 657 16 8 30 85 55 71 131 657 16 8 30 85 8 88 9 6 279 564 329 305 291 19 91 1327 1327 1327 27 20 291 279 564 51 91 59 31 329 305 291 279 329 305 657 657 73 94 1327 1327 1327 59 31 329 305 73 94 1327 1327 1327 1327 1327 1327 1327 1327 1327 1327 1327 1327
29 332 163 81 121 14 42 223 223 223 223 26 13 75 90 41 32 332 278 300 248 354 145 55 65 90 95 63 64 121 95 104 1 7 576 576 576 576 576 576 5 4 101 128 101 104 132 227 354 145 55 33 45 32 145 140 71 3 6 62 9 6 279 85 55 211 211 113 88 62 62 62 87 69 71 131 16 6 8 30 564 329 305 657 657 291 279 51 91 1327 1327 1327 1327 1327 59 31 329 305 657 73 94 1327 1327 1327 27 20 657 73 94 1327 1327 59 31 564 564 51 91 1327 27 20 73 94 1327 1327 1327 1327 1327 1327 1327 1327 1327 1327 1327 59 21 91
29 145 81 9 26 223 223 223 223 26 14 101 104 132 354 332 278 300 248 227 55 66 90 300 75 33 88 87 64 121 95 3 11 576 576 576 576 576 54 38 354 145 140 113 88 42 45 32 145 81 121 4 10 98 41 140 564 564 564 329 305 291 279 329 305 657 98 80 71 131 657 657 291 279 85 26 140 26 12 5 305 16 8 30 329 305 657 73 94 1327 1327 1327 1327 1327 59 31 329 16 94 1327 1327 1327 1327 1327 1327 1327 1327 1327 1327 1327 1327 1327 1327 59 8 305 73 94 1327 1327 1327 1327 1327
29 145 81 9 26 223 223 223 26 7 104 9 33 90 95 104 90 145 55 65 90 145 140 113 88 75 90 145 140 113 2 11 576 576 576 576 25 8 132 354 145 140 211 113 33 90 101 104 9 28 69 71 131 657 98 80 84 140 564 564 26 12 30 564 329 305 657 98 33 131 657 657 657 657 98 41 140 26 12 30 564 329 305 657 73 94 1327 1327 1327 1327 27 5 94 1327 59 21 91 1327 1327 1327 1327 1327 1327 1327 27 5 94 1327 1327 1327 1327 1327 1327 1327 1327 1327 1327 1327 1327 59 8 16 94 1327 1327
29 145 81 121 14 42 223 223 223 223 26 4 90 95 63 64 121 95 63 64 121 145 48 45 54 1 11 576 576 576 576 576 576 576 576 576 576 576 11 11 9 1 145 48 28 81 121 95 63 64 121 145 81 121 145 140 211 101 45 75 134 113 65 90 4 10 291 279 564 564 329 305 291 6 9 87 14 9 39 131 291 279 26 15 15 131 657 16 6 87 15 35 6 9 87 14 20 305 657 291 279 564 329 305 657 291 279 564 329 305 657 291 279 329 305 291 279 329 305
29 332 163 81 121 332 300 11 26 223 223 223 34 16 332 101 29 45 54 33 90 145 55 88 75 90 145 3 12 98 71 71 576 576 576 576 576 576 576 576 576 576 54 38 354 332 300 32 145 140 101 128 300 75 101 45 75 101 128 300 7 10 98 33 3 8 30 564 564 85 26 5 12 30 329 305 291 27 8 13 20 657 98 33 131 16 3 4 41 140 26 12 30 564 564 564 564 85 26 140 329 305 657 657 657 657 98 33 131 657 291 279 564 329 305 657 657 291 279 329 35 40 35 279 564 329 305 291 279 564 564 329 305 657
25 121 41 32 14 42 223 223 223 223 26 13 87 64 121 95 61 87 64 121 41 248 354 41 8 16 98 71 71 576 576 576 576 576 576 576 576 14 15 101 104 132 159 134 114 121 41 32 145 81 121 145 140 113 13 20 291 279 85 39 3 8 30 329 40 80 113 88 8 5 40 80 211 113 88 62 9 20 657 291 27 55 113 13 30 564 329 40 41 20 4 8 5 40 33 131 657 16 6 8 30 329 305 291 279 564 564 329 305 657 657 657 291 279 564 564 329 35 40 35 279 329 305 291 279 329 305 291 40 35 279 564 329 305 657 291 279 329
29 145 48 45 32 332 101 63 29 65 90 14 42 223 223 223 26 7 45 248 55 28 69 101 45 54 38 42 45 248 159 101 45 32 17 24 71 71 576 576 576 576 576 576 576 14 3 248 159 33 33 22 81 120 354 332 101 63 64 121 145 140 113 13 4 41 20 35 279 329 40 33 131 291 279 564 85 8 13 5 305 657 98 80 71 35 27 8 88 9 20 291 279 329 35 40 35 40 35 40 305 291 6 12 5 305 291 40
29 145 81 121 14 42 223 34 16 95 29 45 54 28 64 121 95 29 45 248 159 33 33 90 300 8 16 98 71 71 576 576 576 576 576 54 8 145 81 38 101 128 101 63 69 113 65 132 354 332 163 48 45 54 38 87 64 121 145 55 13 20 291 279 85 8 88 8 4 39 131 291 279 85 39 131 16 3 4 41 9 26 140 564 329 35 40 305 291 40 305 657 291 279 564 564 329 305 657 657 657 291 279 564 564 329 305 291 40
29 145 81 121 14 42 223 223 223 223 7 4 88 75 9 33 132 354 145 55 33 45 248 354 95 13 37 98 71 71 576 576 576 576 576 54 8 332 163 81 38 134 113 33 45 75 134 114 121 95 104 90 332 163 14 131 291 279 85 55 71 131 291 40 40 41 140 85 26 140 85 26 20 305 291 27 55 71 131 16 6 8 30 329 305 291 279 329 305 657 291 279 329 35
34 354 145 81 121 14 42 223 223 223 26 4 90 95 104 132 354 145 55 33 45 75 49 121 95 61 8 37 98 71 71 576 576 576 576 576 576 54 38 354 332 163 140 211 113 65 45 134 101 128 300 248 159 134 113 33 90 300 248 354 145 140 71 131 291 279 564 85 55 84 140 564 85 8 21 15 131 657 657 657 291 279 564 329 305 98 4 21 14 140 564 564 564 564 564 85 39 131 657 16 8 30 564 329 305 657 657 657 657 291 279 564 564 564 329 305 657 657 657 291 279 564 564 329 305 657 657 657 657 291 279 564
25 121 95 104 90 145 19 24 223 223 223 34 16 95 61 75 90 95 61 62 87 69 114 121 17 24 71 71 576 576 576 576 576 54 8 332 163 81 121 145 140 211 101 45 54 66 90 300 75 134 71 131 16 6 87 69 211 84 140 564 564 329 4 7 15 131 657 657 16 7 14 140 564 85 26 140 564 329 305 657 657 657 16 6 8 30 564 564 564 329 305 657 657 657 291 40 305 291 279 564 564 329 35 279 564 329 305 657 657 657 657 657 657
29 332 163 19 24 223 223 223 34 16 95 63 64 121 95 61 42 22 81 38 101 59 13 37 71 71 576 576 576 576 54 8 332 163 140 211 114 120 354 95 63 64 121 95 63 69 211 114 121 332 101 104 90 332 300 75 134 113 13 20 291 27 39 3 8 30 85 55 211 84 140 564 329 305 291 279 329 305 657 657 291 279 329 305 291 279 329 305 291 279 564 329
29 145 48 18 42 223 223 223 223 223 26 3 25 59 104 90 41 248 354 332 300 75 101 45 54 38 75 132 354 332 300 75 1 12 576 576 576 576 576 576 576 576 576 576 576 576 576 11 11 98 5 0 75 132 354 332 163 81 121 145 140 113 33 12 104 90 145 140 113 65 90 145 55 65 90 145 140 71 35 279 85 55 113 88 87 14 140 329 305 98 33 10 41 140 85 55 84 140 26 15 15 131 657 291 40 305 16 8 5 35 40 35 279 329 305 657 291 279 329 35 40
29 145 19 24 223 223 223 26 4 90 145 48 45 54 33 90 41 248 354 95 63 69 113 65 90 95 63 29 21 64 120 354 332 278 163 55 65 90 145 81 43 66 90 300 248 159 33 33 22 81 120 354 95 104 90 145 81 120 354 332 101 104 45 33 12 37 98 71 71 576 576 576 576 576 14 15 101 61 62 62 75 132 354 145 140 211 211 211 211 211 211 113 88 75 132 354 332 163 140 114 43 28 14 140 26 9 87 69 211 211 211 113 88 0 0 1327 1327 1327 27 5 94 1327 1327 1327 1327 1327 27 20 291 279 51 91 1327 1327 59 8 305 73 94 1327 1327 1327 1327 1327 1327 59 31 26 9 0 0 1327 1327 1327 1327
29 145 48 45 32 14 42 223 223 223 26 13 42 45 248 354 145 55 65 90 95 104 90 145 140 113 88 75 90 332 163 81 121 95 104 90 145 81 121 95 63 69 114 121 95 61 87 64 121 41 32 95 61 75 132 354 145 140 2 12 98 71 71 576 576 576 25 14 62 62 62 62 62 62 62 62 75 90 145 140 211 211 211 211 211 211 211 211 211 114 120 354 332 163 140 211 113 88 62 75 132 354 332 101 104 90 145 140 211 114 43 66 22 140 71 131 291 6 9 8 4 55 71 131 291 6 15 69 113 88 9 6 279 329 40 4 88 9 6 19 91 1327 1327 1327 27 2 279 564 564 51 91 1327 1327 1327 1327 1327 27 5 94 1327 1327 1327 27 5 94 1327 1327 1327 1327 1327
0 9 101 128 300 32 14 42 223 223 223 34 8 354 332 101 61 42 45 75 49 121 332 101 104 90 332 300 32 41 248 354 332 101 104 45 101 45 32 95 29 90 300 248 159 49 121 332 101 61 87 69 113 21 69 114 121 332 101 104 132 159 134 211 101 128 101 61 75 45 134 101 45 248 55 66 22 3 12 98 71 71 576 576 576 576 576 54 2 38 42 90 101 61 75 9 38 75 9 38 62 62 62 62 87 69 211 211 211 211 211 211 211 211 211 211 211 211 211 113 88 62 42 12 104 45 134 101 59 61 62 87 69 211 113 13 20 16 8 5 40 80 113 88 87 14 20 40 33 3 6 8 4 26 5 9 62 0 0 1327 1327 27 20 657 291 40 305 657 98 80 0 1 1327 1327 1327 1327 59 31 564 564 51 91 1327 1327 1327 1327 1327 1327 1327 1327 1327 1327 1327 1327 1327 1327 0 0 0 1327 1327 1327 27 2 19 91
29 145 48 45 54 33 3 26 223 223 7 1 128 300 54 38 87 25 45 32 95 63 69 113 65 90 332 300 248 354 95 61 87 69 211 114 121 95 61 62 62 87 64 121 145 140 113 88 75 90 41 32 145 55 65 90 145 48 59 104 132 354 145 140 113 88 62 75 90 145 140 114 120 354 332 300 54 33 5 16 98 71 71 576 576 576 576 14 15 101 104 9 38 75 45 134 211 211 211 211 101 59 104 9 38 87 69 114 120 354 95 61 42 45 75 134 113 88 9 20 98 80 113 13 6 279 564 85 8 13 4 80 113 88 8 5 16 94 1327 1327 1327 1327 1327 27 0 3 0 94 1327 1327 27 5 94 1327 1327 59 21 91 1327 27 5 94 1327 1327 1327 1327 1327 1327 1327 1327 1327 1327
29 145 48 45 11 26 223 223 223 26 4 90 332 300 54 28 69 113 88 75 90 332 278 101 104 132 227 159 101 128 300 54 33 90 145 48 45 54 33 90 41 32 332 163 55 65 132 354 332 163 48 59 104 132 354 41 32 332 163 81 120 55 28 25 45 248 354 95 63 29 21 69 2 12 98 71 71 576 576 576 576 576 25 14 75 90 145 140 211 114 43 66 45 32 145 140 113 65 90 41 54 66 22 81 121 41 32 4 10 291 40 35 40 40 4 88 9 6 279 85 55 211 113 88 9 4 80 113 88 8 30 329 40 4 13 6 19 91 1327 1327 1327 1327 59 21 91 1327 1327 1327 1327 1327 1327 1327 1327 1327 1327 1327 27 5 94 1327 1327 1327 1327 1327
29 145 55 21 64 9 26 223 223 223 26 14 300 54 38 75 90 145 55 65 90 95 61 87 29 65 90 145 140 101 59 61 75 45 49 121 95 63 69 114 120 354 95 29 90 278 163 140 114 120 55 66 90 300 75 33 88 87 69 114 120 354 95 61 42 90 163 81 43 66 22 140 113 12 37 98 71 71 576 576 576 576 576 25 14 62 62 62 62 62 62 62 62 75 132 354 332 300 32 145 140 211 211 211 211 211 211 211 211 211 211 211 114 120 354 332 101 104 132 354 332 278 163 140 114 43 33 90 332 163 81 43 38 75 90 145 140 71 35 6 4 20 98 4 13 4 55 113 88 9 20 291 279 51 91 1327 1327 1327 1327 59 21 91 1327 1327 1327 1327 27 5 94 1327 1327 1327 1327 1327 1327 1327 1327
34 354 145 19 24 223 223 26 2 54 38 87 64 121 332 101 104 132 159 101 28 55 88 75 90 145 140 113 65 90 332 278 300 54 38 75 90 332 163 140 211 113 88 62 42 45 32 145 81 43 66 22 81 43 66 12 63 29 65 90 145 55 21 69 114 121 95 61 62 87 69 114 121 145 140 113 12 37 98 71 71 576 576 576 576 54 2 38 62 62 62 62 62 42 90 300 75 134 211 211 211 211 211 211 211 101 59 61 62 75 90 41 75 134 113 33 12 104 90 145 14 131 291 279 85 55 113 88 8 30 329 305 291 19 91 1327 1327 1327 1327 1327 27 20 291 279 51 91 1327 1327 1327 1327 1327 59 8 305 291 279 564 564 51 91 1327 1327 1327 1327 1327 27 5 94 1327 1327 1327
29 332 163 19 24 223 223 223 34 16 95 104 9 28 29 33 45 248 354 145 55 65 90 332 300 54 33 90 145 81 120 354 95 63 64 121 332 101 61 62 87 69 114 120 354 332 278 300 54 28 64 120 354 95 104 90 17 24 98 71 71 576 576 576 576 54 38 354 95 104 132 354 145 140 211 211 101 28 55 88 62 62 87 69 113 33 22 140 211 101 59 104 132 55 66 90 278 300 75 49 121 4 10 16 8 30 564 85 55 113 21 15 35 279 26 4 20 98 80 211 113 88 62 8 4 1 1 1327 1327 1327 59 31 329 305 657 657 657 73 94 1327 1327 1327 1327 1327 1327 59 31 564 51 91 1327 1327 1327 1327 1327 1327 1327
29 145 81 121 14 42 223 223 223 34 16 95 63 29 88 75 90 332 300 75 49 43 66 90 300 54 33 45 101 45 54 66 22 81 121 95 104 132 354 145 48 128 163 81 120 354 332 163 81 120 354 332 300 248 354 332 300 75 33 12 37 98 71 71 576 576 576 576 54 38 354 332 163 140 211 113 88 42 45 75 134 113 88 62 62 62 62 75 90 145 140 113 88 75 132 354 332 101 0 20 291 27 55 211 113 88 9 0 8 30 85 55 211 113 88 62 9 6 279 329 35 19 91 1327 1327 0 0 0 1327 1327 1327 1327 1327 27 5 94 1327 1327 1327 1327 1327 27 2 40 305 73 94 1327 1327 1327 1327 1327 1327 1327 59 31 564 51 91
29 145 140 0 24 223 223 34 8 354 95 29 90 300 248 354 41 54 33 90 41 75 101 59 63 29 65 90 95 104 90 145 140 211 211 113 88 75 90 145 81 121 332 300 248 354 145 55 21 25 45 248 354 95 63 69 113 65 9 66 45 75 134 211 113 65 9 4 37 98 71 71 576 576 576 14 15 101 61 62 62 75 9 38 87 69 211 211 211 211 211 211 101 45 54 38 62 62 87 69 211 211 114 121 95 61 75 90 145 140 113 88 75 132 354 145 14 131 291 40 4 6 87 69 84 140 329 305 657 657 291 279 26 9 9 6 279 329 16 94 1327 1327 1327 1327 27 2 279 564 564 329 16 94 1327 1327 1327 1327 1327 1327 59 31 51 91 1327 1327 1327 1327 1327 1327
29 145 81 121 14 42 223 223 223 34 16 332 163 55 33 12 63 25 45 54 33 90 95 63 25 0 24 98 71 71 576 576 576 576 576 576 576 25 14 87 69 101 28 81 120 354 332 278 101 63 64 120 159 49 121 145 140 101 128 101 104 132 227 354 332 163 140 211 71 131 291 279 329 40 80 84 140 564 564 329 305 98 80 71 131 657 657 657 291 279 85 26 140 564 564 564 329 305 291 279 329 305 657 657 657 657 657 291 279 51 91 1327 1327 1327 1327 1327 1327 1327 1327 1327 1327 1327
29 332 163 55 1 6 223 223 26 7 61 42 90 300 248 227 159 101 45 32 145 55 65 90 95 104 90 17 24 98 71 71 576 576 576 576 54 38 354 332 278 163 140 114 120 354 332 278 278 163 48 45 248 227 227 159 101 128 101 104 132 354 332 163 140 211 211 113 88 62 42 45 248 159 134 211 211 113 13 20 657 657 291 279 564 85 26 140 564 564 26 4 20 657 98 41 140 564 26 4 20 291 40 305 657 291 279 564 564 329 305 657 73 94 1327 1327 1327 1327 1327 1327 1327 59 31 51 91 1327 1327 1327 1327 1327 1327
29 145 48 59 104 45 49 9 26 223 223 223 26 14 300 54 33 9 66 45 32 41 32 95 13 37 98 9 1 7 576 576 576 576 576 576 576 14 15 300 54 28 69 114 120 354 145 140 101 128 300 248 55 66 45 248 159 101 128 300 248 159 101 28 3 140 329 305 657 657 657 98 33 131 291 279 329 305 291 279 564 564 85 55 84 140 329 4 3 20 98 33 35 279 564 329 305 657 657 657 657 657 291 279 564 85 26 140 564 564 564 564 329 305 657 657 657 657 98 4 88 87 14 20 305 657 291 40 35 40 35 19 91 1327 1327 1327 59 8 305 657 291 279 564 51 91 1327 1327 1327 1327 1327
29 145 48 59 4 6 223 223 223 223 223 223 7 2 101 59 104 9 38 42 90 300 75 134 113 88 75 90 145 3 12 98 71 71 576 576 576 576 576 25 1 11 576 576 576 576 576 576 576 576 54 38 354 332 163 140 211 211 113 65 90 332 300 75 134 113 65 90 145 140 114 120 227 354 332 278 300 32 332 278 300 248 227 159 134 71 131 657 98 41 5 12 4 26 140 564 564 564 329 305 657 98 4 88 9 6 40 305 657 657 291 279 564 564 329 305 657 73 94 1327 1327 1327 59 31 51 91 1327 1327 1327 1327 1327 1327 27 20 73 94 1327 1327 1327 1327
29 145 48 59 63 2 24 223 223 223 223 26 7 29 45 248 354 332 163 55 88 75 132 354 332 163 81 121 332 4 24 98 5 5 11 576 576 576 576 576 576 576 576 576 5 4 211 114 120 227 354 332 278 278 101 104 132 354 332 278 163 81 120 227 55 38 62 75 132 354 332 278 300 32 332 300 75 33 13 30 564 14 3 14 131 657 291 279 329 305 98 80 211 84 140 564 564 564 564 564 564 329 305 291 1 0 1 8 88 9 20 291 40 305 657 657 657 657 291 279 564 564 564 564 564 329 305 657 657 657 657 657 657 73 94 1327 1327 59 31 564 51 91 1327 1327 1327 1327 1327 1327 59 8 305 657 73 94 1327 1327 1327
34 354 145 48 18 42 223 223 223 26 13 87 29 65 90 17 24 98 71 71 576 576 576 576 576 576 576 576 25 8 132 354 332 163 140 211 211 101 59 61 42 45 32 332 300 75 49 120 354 332 163 55 21 64 120 354 332 300 7 10 291 279 85 55 71 131 291 279 564 85 39 10 80 211 84 140 26 4 20 657 291 27 55 211 113 88 87 15 131 16 6 8 30 564 564 564 329 305 291 19 91 1327 1327 1327 1327 1327 1327 1327 59 8 16 94 1327 1327 1327 1327
34 354 332 163 48 59 4 6 223 223 223 7 1 45 54 38 87 69 211 113 65 90 145 55 88 87 4 12 9 2 10 576 576 576 576 576 576 576 25 8 132 354 332 163 140 211 211 113 88 75 132 227 354 332 278 278 300 75 49 120 159 33 33 22 81 38 101 3 2 4 6 9 20 98 80 211 84 5 9 8 30 564 85 55 71 131 16 6 87 69 71 35 279 26 15 69 71 3 6 9 0 8 30 564 564 564 329 305 657 657 291 279 329 16 94 1327 1327 1327 1327 1327 1327 59 31 329 305 73 94 1327 1327 1327 1327 1327 1327 1327 1327
29 145 48 18 42 223 223 223 7 4 88 87 29 65 90 95 63 29 65 5 16 98 71 71 576 576 576 576 576 25 2 64 121 145 140 211 113 65 90 332 300 75 134 113 33 90 300 248 227 159 134 71 131 657 657 16 8 30 564 85 26 140 564 564 564 564 329 305 657 657 291 279 329 305 98 80 71 131 16 3 20 657 291 6 9 8 30 564 564 564 564 564 329 305 657 657 657 657 291 279 564 51 91 1327 1327 1327 1327 1327 59 21 91 1327 1327 1327 1327 59 21 91
29 145 48 28 19 24 223 223 26 13 42 90 300 248 227 159 33 33 90 300 248 354 95 13 37 98 71 71 576 576 576 576 576 54 38 354 332 163 48 128 163 81 120 354 145 81 121 332 101 104 90 145 140 114 120 354 95 29 90 300 248 159 49 121 332 163 140 71 131 291 27 55 84 140 564 564 329 305 657 98 80 71 131 657 657 291 279 85 55 84 140 26 9 87 15 35 279 329 305 291 40 16 94 1327 1327 1327 59 8 16 94 1327 1327 1327 1327 1327 1327 1327 1327 1327
34 354 95 63 25 18 42 223 223 223 223 26 4 132 354 332 101 104 132 354 332 278 300 248 227 354 95 13 37 98 71 71 576 576 576 576 576 54 38 354 145 140 101 128 300 248 159 49 120 354 332 278 163 140 101 45 32 145 140 84 140 329 305 657 16 3 20 98 80 71 131 291 279 564 26 15 69 84 20 40 80 71 131 291 279 564 329 305 98 41 5 4 20 291 19 91 1327 1327 1327 1327 1327 1327 1327 1327 1327 1327 1327 1327 1327 1327 1327 1327 1327 1327
