653.98667
725.97076
641.21333
699.77536
726.74390
716.08427
731.75625
746.72000
756.11696
746.66879
716.29747
709.36364
707.93289
672.07692
729.36527
764.96241
686.16949
813.21600
764.51163
771.19424
694.19527
674.08571
682.38750
741.73333
652.78322
704.51852
673.87500
703.52555
745.34677
739.59524
514.88333
574.20000
528.20144
441.85321
500.70000
475.02105
646.16541
606.13158
521.41935
473.99180
610.85256
556.55556
574.90338
552.19075
568.20000
550.66292
572.92442
587.84177
589.38750
574.63314
665.07317
671.13636
639.54305
641.90071
692.13924
608.94872
590.80147
661.45378
633.40833
687.11304
