29 68 27 21 7 13 42 11 47 9 22 6 3 6 24 30 63 230 62 44 12 8 6 6 31 14 16 22 4 8 28 45 62 195 64 230 89 19 13 16 14 13 8 16 64 230 62 195 64 230 38 16 9 3 8 1 3 58 25 16 14 19 28 15 6 11 17 27 6 71 47 257 4 5 0 2 7 14 191 35 20 22 41 46 32 21 0 6 0 1 0 0 24 46 221 162 301 301 301 8 10 1 0 2 8 6 5 1 7 0 50 91 1144 1144 1144 1144 1144 1144 56 30 7 191 257 192 377 178 16 19 91 1144 1144 1144 1144 1144 1144 56 21 21 91 1144 1144 1144 27 5 5 91 1144 1144
24 24 22 12 10 8 89 8 5 21 15 13 8 5 12 8 6 6 31 16 55 195 64 68 42 29 53 24 8 3 21 58 68 68 42 29 7 7 7 17 27 46 195 90 72 95 230 133 115 195 22 11 12 32 9 63 55 195 22 11 11 27 46 195 63 70 33 40 16 1 1 6 3 1 1 13 62 377 6 4 1 1 29 5 7 2 10 71 39 5 2 11 7 1 2 1 0 1 1 4 14 50 91 1144 27 5 5 91 1144 56 21 21 91 1144 1144 1144 1144 1144 56 21 0 0 5 91 1144 1144 27 5 5 91 1144 56 21 21 91 1144 1144 56 8 5 192 39 73 91 1144 1144 1144 56 8 5 192 39 73 91 1144 1144 1144 1144 1144 1144 1144 1144 1144 1144 1144 1144 1144 1144 1144
29 230 133 39 78 22 8 11 15 12 13 10 6 31 3 5 30 63 230 62 44 12 8 16 22 26 35 19 115 195 90 95 68 24 22 17 31 16 55 30 13 12 32 25 27 63 55 195 90 72 10 26 35 19 115 195 64 8 6 13 12 5 1 3 3 20 12 16 1 1 1 0 0 2 3 377 47 48 12 7 1 0 0 0 1 1 1 0 0 0 1 7 3 27 28 46 4 2 2 7 13 257 26 1 0 4 2 4 64 257 25 73 91 1144 1144 1144 27 20 11 178 221 162 301 19 50 91 1144 1144 1144 1144 56 30 7 301 19 50 91 1144 1144 27 20 9 73 91 1144 1144 1144 1144
0 19 42 38 115 44 18 14 17 24 22 17 31 16 55 13 6 24 30 28 95 68 42 29 16 9 17 27 41 63 55 195 64 230 62 195 90 39 16 14 32 13 7 46 195 22 26 6 6 18 8 19 63 36 13 7 19 30 53 58 25 12 12 7 13 1 0 1 1 6 8 377 377 377 6 4 4 4 71 71 8 10 7 3 5 2 11 0 4 0 0 1 4 162 191 257 192 377 178 221 14 50 91 1144 1144 1144 1144 1144 1144 56 8 5 25 73 91 1144 1144 1144 1144 1144 27 20 11 178 221 14 50 91 1144 1144 1144 1144 1144 1144 1144 1144
29 68 31 14 16 64 68 42 31 49 63 230 62 195 63 70 41 63 55 195 64 68 24 22 17 42 22 8 16 64 68 42 29 16 13 68 230 38 22 18 25 28 45 38 22 18 25 19 28 95 230 38 5 7 3 53 58 5 1 1 0 2 0 0 0 20 15 18 32 25 62 40 53 20 15 1 6 4 221 27 34 15 16 52 62 6 5 1 7 13 257 55 221 162 191 257 4 6 5 14 8 3 2 4 221 162 191 257 192 178 221 64 257 25 73 91 1144 1144 27 20 0 221 162 19 50 91 1144 1144 1144 1144 1144 56 30 7 191 257 25 73 91 1144 1144 27 20 11 377 178 221 162 19 50 91 1144 1144 1144 1144 1144 1144 1144 1144 1144 1144 1144
29 230 89 19 13 16 14 27 42 22 6 4 14 11 7 35 46 44 27 33 27 8 16 64 230 62 44 27 41 63 55 195 63 70 41 63 38 115 195 90 72 72 95 230 89 8 16 11 47 30 63 230 133 30 22 22 41 25 16 14 45 133 84 115 30 13 7 41 32 72 95 230 133 115 13 7 21 22 41 68 1 0 0 0 1 1 7 14 191 257 26 48 28 71 71 191 257 192 6 5 3 6 8 47 48 22 62 24 2 0 1 0 1 7 0 5 1 6 4 221 14 50 91 1144 1144 1144 1144 1144 1144 27 2 2 19 91 1144 1144 27 20 0 221 14 50 91 1144 1144 56 30 7 191 257 192 377 178 221 64 257 25 73 91 1144 1144 1144 1144 56 8 3 16 91 1144 1144 1144 1144 1144 1144 1144 1144
1 10 6 10 6 10 6 42 31 46 12 6 7 35 46 44 27 33 62 62 40 53 20 6 27 19 115 195 63 70 23 49 28 72 95 36 21 14 6 27 19 84 39 47 11 19 8 16 22 13 12 36 62 195 90 95 230 62 13 7 13 7 46 195 90 95 8 10 6 27 2 11 4 17 0 2 4 2 4 64 35 3 2 11 8 178 17 0 1 3 10 71 8 3 2 4 221 64 257 4 1 2 1 24 25 73 91 56 8 5 192 178 221 162 19 50 91 1144 1144 1144 1144 1144 27 5 5 91 1144 1144 1144 1144 1144 27 20 0 221 162 19 50 91 1144 1144 1144 27 20 9 73 91 1144 1144 1144 1144 1144 1144 1144 1144 1144 1144 1144
9 45 38 16 12 8 53 20 18 41 68 230 133 39 78 48 62 62 40 53 17 27 46 195 64 8 13 63 50 42 55 44 27 20 53 24 8 2 9 19 90 95 68 42 29 53 20 6 27 46 195 90 95 68 27 13 16 14 36 133 115 195 63 16 12 63 230 133 84 30 53 15 1 4 62 6 5 1 7 14 39 34 16 0 0 5 14 191 257 192 377 6 5 0 2 0 0 91 1144 1144 56 30 7 191 257 25 73 91 1144 1144 1144 1144 1144 1144 1144 1144 1144 1144 56 30 7 191 257 192 39 73 91 1144 1144 27 20 0 16 19 91 56 21 21 91 1144 1144 1144 1144 1144 1144 1144 1144 1144
24 24 22 32 31 27 28 12 10 8 62 44 27 23 46 12 10 8 62 44 27 41 8 16 64 230 62 195 63 70 20 16 9 17 27 20 16 19 46 195 90 95 8 13 90 95 230 38 5 7 46 195 90 72 39 12 8 2 1 6 11 19 64 68 27 13 24 6 10 11 5 2 1 6 8 47 48 18 52 46 221 162 8 7 4 1 6 28 71 11 5 4 5 13 12 48 12 53 4 6 4 221 162 8 10 1 1 22 14 50 91 1144 1144 56 30 6 257 55 221 64 257 25 73 91 1144 1144 1144 1144 1144 1144 27 20 11 178 221 162 301 301 19 50 91 1144 1144 1144 1144 1144 27 5 5 91 1144 1144 1144 1144 1144 1144 1144 1144 1144 1144 1144 1144 1144 1144 1144 1144 1144 1144 1144
29 8 6 12 16 5 30 63 230 133 115 195 22 4 8 28 17 24 22 45 89 19 6 2 28 45 133 115 195 90 72 95 230 89 19 13 17 27 46 195 64 230 89 78 31 49 28 72 95 230 38 5 1 5 27 19 63 230 38 16 6 0 11 4 221 162 301 191 35 7 24 6 5 2 32 25 40 53 20 2 7 13 257 26 26 31 47 3 1 1 4 17 0 2 20 1 6 4 221 64 257 25 73 91 1144 1144 1144 56 30 7 191 257 192 39 73 91 1144 1144 27 2 0 162 19 50 91 1144 1144 56 8 5 25 73 91 1144 1144 1144 56 21 21 91 1144 1144 1144 1144 1144 1144 1144 1144 1144 1144 1144 1144 1144 1144 1144
24 42 31 49 63 230 133 84 39 78 48 41 49 28 72 72 10 26 35 19 39 78 48 40 53 24 32 25 40 53 20 15 15 6 27 46 195 90 72 95 230 62 195 64 8 10 8 62 195 1 3 15 68 71 69 471 5 3 3 40 53 20 6 27 19 115 195 90 72 72 39 70 33 62 40 53 20 15 1 0 1 2 78 48 62 40 53 17 27 19 84 115 195 90 72 72 39 70 9 52 62 377 377 178 221 162 191 257 26 48 22 24 71 71 301 301 301 301 301 301 301 39 34 20 71 47 257 192 377 377 377 377 377 377 377 39 73 91 1144 1144 1144 56 30 7 191 257 192 39 73 91 1144 1144 1144 1144 1144 1144
4 89 78 48 40 53 16 41 32 95 230 133 84 39 78 31 49 13 26 35 3 53 58 68 230 62 13 6 13 64 230 133 115 195 90 95 68 31 16 55 13 3 17 1 71 69 471 471 54 35 22 230 89 78 2 71 71 191 257 192 178 221 27 27 28 62 377 377 178 221 64 35 10 31 71 301 39 34 16 52 62 377 6 1 1 4 221 162 19 50 91 1144 1144 56 8 3 16 91 1144 1144 56 8 3 16 91 1144 1144 1144
4 49 28 95 230 89 78 48 40 16 19 19 115 195 90 95 230 133 115 195 64 68 31 16 55 195 90 72 95 68 27 6 9 3 8 62 195 22 26 35 19 115 195 1 3 15 68 71 69 471 471 471 11 11 2 47 30 13 11 11 2 5 31 49 63 230 2 2 3 221 162 39 16 20 47 3 2 5 13 257 192 377 377 47 48 18 52 62 377 6 5 2 6 10 71 301 301 301 301 301 301 301 301 39 27 28 62 377 377 377 377 377 6 5 1 7 14 191 257 192 377 377 377 178 221 64 7 16 91 1144 1144 27 2 0 64 257 192 39 73 91 1144 1144 1144 56 21 21 91
29 230 89 78 48 62 40 16 13 68 68 42 29 16 19 19 115 195 90 72 95 8 13 64 230 62 30 7 6 19 64 8 13 64 230 133 115 195 64 230 62 195 1 3 15 68 71 69 471 471 11 11 8 195 90 10 4 5 5 55 195 63 70 23 13 10 11 0 0 3 48 28 71 11 7 8 4 71 10 34 20 2 2 28 62 377 47 26 31 71 301 191 257 192 377 377 178 16 19 91 1144 1144 1144 1144 1144 1144 1144 1144 1144 56 30 6 7 16 91
29 68 42 48 62 40 16 19 46 195 90 95 68 42 48 40 53 20 18 32 25 62 62 40 53 17 27 19 84 115 195 90 72 72 72 72 95 230 133 84 84 115 195 90 72 95 230 62 13 8 89 47 30 28 95 230 133 115 195 90 95 230 62 13 6 10 8 133 84 115 195 1 3 15 6 68 71 69 471 471 11 11 1 39 78 31 49 28 72 72 72 95 230 133 115 4 6 3 34 20 71 11 5 2 0 3 192 377 377 377 377 377 377 178 221 162 301 301 301 301 301 301 301 191 35 7 24 62 377 377 377 47 48 18 52 6 5 1 7 13 257 192 377 377 178 221 162 191 7 16 91 1144 1144 1144 1144 1144 1144 1144 56 30 6 257 25 73 91
24 42 31 49 63 230 89 78 48 27 63 55 195 64 230 62 195 64 230 62 13 8 62 195 90 95 8 10 8 62 13 8 62 195 64 230 62 13 8 62 5 8 15 6 68 71 69 471 471 471 471 5 3 0 53 17 27 46 195 63 4 4 62 377 178 221 162 301 301 301 301 301 191 257 192 377 377 377 377 47 22 24 46 221 162 191 25 6 16 15 24 71 71 301 301 301 301 301 191 257 26 22 24 62 6 6 5 13 257 192 377 377 377 377 377 39 73 91 1144 1144 56 30 18 50 91 1144 1144 1144 1144 1144 1144
4 89 47 22 45 62 195 90 95 68 42 29 53 17 11 3 6 31 16 55 195 90 72 72 95 230 62 13 6 42 29 16 9 3 6 6 1 3 12 6 7 0 0 8 62 0 0 5 471 471 54 9 5 20 53 20 1 6 8 178 221 162 301 39 34 16 52 62 377 178 221 64 35 20 28 71 71 301 301 301 39 34 15 62 62 62 40 53 3 0 3 192 377 377 377 377 377 377 178 221 162 301 301 19 50 91 1144 1144 1144 27 5 5 91 1144 1144 1144
1 42 11 78 31 46 45 62 195 90 39 70 41 63 55 13 8 62 195 64 230 62 195 63 70 20 53 17 27 46 195 90 95 230 62 195 1 3 15 68 71 69 471 471 5 3 0 8 16 64 3 2 2 191 257 192 377 377 377 178 221 162 39 34 20 71 71 301 301 301 301 191 257 192 47 22 24 62 377 377 377 377 377 377 377 377 377 178 221 162 301 39 34 15 62 24 71 71 301 191 257 192 377 377 178 221 162 301 19 50 91 1144 1144 1144 1144 1144 1144 1144 1144 1144 1144 1144 1144
4 46 12 10 8 89 8 16 55 195 64 8 13 64 1 0 0 2 68 42 22 63 55 195 64 230 133 115 195 64 230 62 195 1 3 15 68 71 69 471 471 11 11 1 115 195 90 72 72 39 50 42 0 2 4 178 221 162 301 301 301 301 301 39 16 20 47 257 192 377 377 377 377 377 377 377 377 377 47 22 24 12 26 31 71 301 301 301 301 301 301 39 34 16 52 62 178 221 64 3 2 2 3 192 377 377 377 377 178 221 64 7 16 91 1144 1144 1144 1144 1144 1144 1144 27 20 0 16 19 91
29 230 89 78 29 16 13 68 230 133 84 115 44 18 14 12 6 27 33 40 16 19 46 195 90 95 8 10 8 62 195 63 70 23 46 45 133 84 84 115 195 90 72 95 68 42 29 16 13 68 230 2 4 23 68 71 69 471 471 11 11 1 115 195 90 72 95 230 2 5 6 257 192 377 178 221 27 34 20 71 71 301 301 191 257 192 377 377 377 377 377 178 221 162 301 301 301 301 39 34 20 71 71 301 191 257 55 221 162 191 257 192 377 377 377 377 377 377 178 221 162 301 19 50 91 1144 1144 27 2 0 14 50 91 1144 1144 1144 1144
9 32 31 1 2 22 141 141 141 28 14 5 62 195 63 12 9 24 32 8 16 9 17 11 1 6 8 53 20 1 1 11 471 471 471 471 471 471 471 471 471 471 5 3 0 16 13 32 10 26 35 19 84 115 195 90 72 95 68 31 5 15 22 14 13 8 16 90 95 230 133 30 53 58 0 3 3 377 47 48 28 71 71 301 301 8 5 1 6 8 47 48 18 52 46 221 5 5 2 0 3 4 6 5 13 257 25 73 91 1144 1144 27 5 5 91 1144 56 30 7 301 191 257 192 377 377 377 39 73 3 30 7 301 301 301 301 191 257 192 377 377 377 377 178 32 24 25 73 91 56 21 21 91 1144 27 5 5 91 1144 56 21 21 91 1144 1144 1144 1144 1144
4 62 44 1 4 22 141 141 28 8 6 230 38 5 16 6 18 7 7 16 14 0 0 8 471 471 471 471 471 54 9 5 33 27 63 55 30 15 12 36 62 195 64 8 6 11 8 0 4 21 39 36 89 5 10 12 26 31 47 35 10 31 10 34 4 53 4 2 4 14 50 91 1144 1144 27 5 5 91 1144 1144 1144 1144 1144 56 30 6 257 25 73 91 1144 1144 1144 1144 1144 1144 1144 1144 56 8 3 16 91
29 68 27 6 0 2 18 22 141 141 141 28 14 11 21 3 3 14 4 30 63 230 133 115 195 22 11 12 32 8 53 0 1 11 471 471 471 471 471 471 471 54 35 22 230 89 47 22 45 133 30 53 15 6 14 45 133 30 22 22 41 32 95 230 89 78 31 49 63 36 13 0 1 6 257 55 221 64 257 192 47 22 2 6 18 52 6 1 2 4 162 301 39 34 15 16 52 62 6 5 0 1 6 4 221 27 34 4 53 3 0 1 22 64 257 25 73 91 1144 1144 1144 27 20 9 73 91 1144 56 30 18 50 91 1144 1144 1144 1144 1144 56 30 6 257 25 73 91 1144 1144 1144 1144 1144 1144 1144 1144 56 8 3 16 91 1144
4 89 47 22 45 89 19 0 1 5 141 141 24 13 5 14 27 31 3 5 9 10 0 1 11 471 471 471 471 471 471 54 35 7 50 42 11 78 29 53 24 32 14 49 13 11 11 27 19 39 19 21 13 32 95 230 133 39 78 29 53 16 41 68 230 89 78 29 53 4 6 4 221 27 27 28 62 178 221 162 301 301 301 8 3 2 8 47 48 12 7 1 4 64 3 2 5 13 7 16 91 1144 1144 1144 1144 1144 1144 1144 1144 1144 1144 1144 56 30 6 257 192 377 178 221 14 50 91 1144 1144 1144 1144 1144 1144 1144 1144 1144 1144 27 2 0 14 50 91 1144 1144 1144 27 5 5 91 1144 1144
24 42 22 8 11 7 2 4 35 141 141 6 4 4 17 11 19 64 36 31 6 5 0 3 12 471 471 471 471 471 471 54 7 0 42 29 16 13 68 230 89 78 29 53 16 14 27 27 6 2 28 45 38 53 21 0 4 3 221 162 39 34 4 7 11 8 377 178 221 162 8 5 4 32 25 24 2 0 1 6 4 17 16 15 40 53 20 18 32 4 9 1 22 162 8 5 1 6 8 377 377 178 221 162 301 191 257 192 377 377 377 39 73 91 1144 56 21 21 91 1144 1144 27 2 0 162 19 50 91 1144 1144 1144 27 20 9 73 91 1144 1144 1144 1144 1144
4 62 13 6 42 29 0 1 5 141 141 28 8 7 35 46 30 18 6 8 16 39 27 42 29 53 24 32 3 4 12 471 471 471 471 471 24 8 1 27 42 48 41 13 10 6 6 2 5 48 40 16 9 19 63 12 9 17 27 19 115 195 63 70 23 13 22 35 46 4 3 3 377 47 48 28 71 71 301 191 257 192 377 47 1 0 10 14 39 27 28 62 377 6 1 1 4 221 64 257 25 73 91 1144 1144 1144 1144 1144 56 21 21 91 1144 1144 1144 1144 1144 1144 1144 1144 1144 1144 56 8 3 16 91 1144 1144 1144 1144 1144 1144
24 24 22 8 12 35 141 28 14 11 13 16 17 12 28 8 16 3 6 27 6 9 19 63 12 8 9 19 64 0 0 8 471 471 471 471 24 8 1 36 89 78 48 41 49 63 230 38 22 18 25 19 28 95 230 89 19 13 20 18 14 27 42 48 40 7 11 8 6 6 5 3 34 16 52 62 6 6 5 3 5 2 4 2 4 162 191 257 55 16 19 91 1144 1144 27 20 0 221 162 19 50 0 30 6 257 55 221 64 257 192 377 39 73 91 1144 1144 56 30 6 257 25 73 91 1144 1144 1144 1144 1144 1144 1144 1144 1144 1144 1144
4 89 47 22 8 12 35 141 141 141 24 13 5 14 13 10 8 133 115 195 64 68 27 21 39 6 31 27 28 32 21 1 1 5 471 471 471 471 471 5 3 0 63 22 53 58 32 95 68 27 6 9 3 6 42 6 0 1 0 1 2 4 27 34 15 62 40 53 20 15 15 18 32 6 52 6 5 1 7 14 191 257 192 377 178 221 14 50 91 1144 1144 1144 1144 56 30 6 257 192 39 73 91 1144 1144 27 20 11 39 73 91 1144 56 30 7 301 19 50 91 27 20 9 73 91 1144 1144 1144 1144 1144 1144 1144 1144 1144 1144 56 21 21
24 24 6 9 20 141 141 141 23 13 5 53 58 68 230 133 115 195 90 10 26 35 46 44 11 9 24 25 28 32 0 3 11 471 471 471 471 54 35 22 68 42 29 53 17 11 3 6 24 22 2 4 3 26 31 71 301 301 191 257 55 221 64 257 192 47 48 18 52 62 377 178 221 27 16 20 11 10 1 3 4 6 5 13 257 192 39 73 91 1144 1144 1144 1144 56 30 6 7 16 91 1144 1144 1144 1144 1144 1144 1144 1144 1144 1144 1144 1144 1144 56 8 5 25 73 91 1144 1144 1144 1144
24 24 6 9 20 141 141 23 7 5 3 0 12 6 21 21 27 27 21 39 27 42 29 53 16 14 27 42 29 0 1 11 471 471 471 24 8 6 68 68 42 48 40 16 19 3 53 3 3 6 6 52 62 47 48 28 71 71 301 8 10 7 14 191 257 192 47 22 24 62 377 377 377 47 26 31 11 10 7 14 191 257 192 39 73 91 1144 1144 1144 27 5 5 91 56 21 21 91 1144 1144 1144 1144 1144 1144 27 5 5 91 1144 1144 1144 1144 1144 1144 1144 1144 1144 1144 1144 56 8 3 16 91 1144
24 24 22 8 12 35 141 141 141 24 3 3 6 31 27 28 32 31 27 28 17 31 14 11 0 1 11 471 471 471 471 471 471 471 471 471 471 10 11 1 1 1 31 3 5 22 32 31 27 28 17 24 22 17 42 48 27 8 5 27 20 16 39 0 4 3 221 162 301 191 257 55 4 2 4 6 0 2 28 46 221 5 7 4 13 62 6 5 2 5 1 0 2 4 6 4 15 192 178 221 162 191 257 192 178 221 162 191 257 192 178 221 64 257 55 221 64 257
4 89 47 22 45 62 5 11 20 141 141 28 14 5 38 5 16 6 15 12 27 27 13 16 14 27 1 3 12 68 71 69 471 471 471 471 471 471 471 471 471 54 35 22 230 62 13 6 42 22 63 55 44 12 8 5 12 42 55 4 3 3 22 0 0 5 14 301 39 16 0 1 7 13 257 55 17 0 2 11 8 47 22 24 6 1 0 1 31 11 10 7 14 301 301 301 39 16 20 47 257 192 377 377 377 47 22 24 62 178 221 162 191 257 192 377 178 221 64 25 4 8 22 162 191 257 55 221 162 301 191 257 192
9 12 10 2 12 35 141 141 141 24 13 5 25 28 32 21 18 25 28 12 13 64 8 2 8 15 68 71 69 471 471 471 471 471 471 471 11 11 1 53 58 25 70 23 46 12 10 6 24 22 17 42 29 7 11 4 221 27 27 2 0 5 13 35 20 12 53 3 0 0 20 22 40 53 20 1 6 8 178 17 16 4 10 10 14 191 35 10 4 0 2 2 0 7 24 62 6 5 1 7 13 257 55 221 162 301 191 257 192 377 377 178 221 162 301 191 25 4 8 22 64 257 55 221 64 257 55 32 8 22 162 191 257 192 178 221 64
24 31 14 6 8 38 16 6 13 39 0 12 35 141 141 24 7 3 19 22 4 6 9 8 11 13 11 11 19 63 50 8 6 3 17 1 71 69 471 471 471 471 471 471 11 3 3 63 12 8 0 4 30 63 230 38 16 27 28 17 42 29 7 1 1 4 1 22 64 35 7 24 46 221 162 39 5 3 2 3 192 47 48 18 14 3 0 2 4 6 4 221 64 25 4 8 4 8 4 24 55 4 1 1 3 55 32
24 24 22 8 12 35 28 14 11 13 16 6 18 8 28 32 13 16 19 63 12 8 19 46 5 8 15 68 71 69 471 471 471 471 54 7 0 24 11 19 42 22 16 12 8 16 13 68 230 89 8 14 11 13 12 25 28 17 27 2 11 4 221 27 5 2 3 0 2 28 46 221 27 27 28 6 1 0 1 3 2 20 71 191 25 4 24 55 32 24 192 178 221 162 301 191 257 192 377 377 178 221 162 301 191 257 55 32
24 24 22 8 12 35 141 141 141 6 4 4 16 2 0 12 68 68 27 6 9 19 64 36 6 13 34 68 71 69 471 471 471 471 54 7 4 89 47 11 9 20 16 9 17 27 23 46 32 21 21 36 89 5 10 46 221 27 34 16 52 46 32 3 10 31 10 16 20 10 16 2 15 55 17 16 16 52 6 5 1 7 13 257 55 221 64 257 192 178 221 64 25
29 68 24 22 8 12 35 141 141 24 3 3 6 21 58 68 68 27 6 9 17 18 14 32 21 1 8 34 68 71 69 471 471 471 471 471 54 35 22 230 89 78 48 40 16 7 18 41 63 55 195 63 70 20 16 19 46 195 64 68 42 6 52 46 221 162 39 34 20 71 71 39 5 1 2 13 62 377 377 178 221 162 191 257 26 1 0 3 10 71 301 301 301 301 39 27 28 62 6 6 5 14 191 257 192 377 377 377 178 221 162 301 301 191 257 192 377 377 178 221 162 301 191 257 192 377 377 377 178 221 162
9 32 21 21 27 13 18 22 141 141 28 14 11 21 22 14 6 21 14 18 32 14 46 3 17 1 71 69 471 471 471 471 54 7 4 89 47 22 17 42 48 27 8 11 7 35 46 44 27 9 52 6 5 2 32 25 24 71 71 301 191 3 1 1 13 62 377 6 4 2 10 71 39 16 20 71 191 257 192 377 377 6 5 1 7 14 301 301 191 257 192 377 377 178 32 24 55 221 162 301 191 25 22 162 191 257 192 377 377 377 377 377
4 89 4 18 22 141 141 28 14 11 31 27 28 32 21 6 2 4 11 19 28 4 13 1 71 69 471 471 471 54 7 4 89 78 48 41 49 63 36 31 27 28 32 31 12 25 41 46 45 38 53 21 36 62 44 27 20 7 11 4 17 4 2 0 5 3 34 15 24 71 71 191 257 55 221 64 257 192 377 178 221 64 257 55 221 64 257 55 221 162 191
24 31 10 18 35 141 141 141 141 24 3 2 3 21 21 13 13 64 230 62 44 12 8 11 13 7 41 68 230 62 44 0 1 12 471 471 471 471 471 471 471 471 471 471 471 471 10 11 8 4 0 0 41 68 230 89 47 22 17 42 29 16 2 3 21 27 42 29 16 39 27 27 21 39 27 42 6 14 29 27 34 4 53 24 6 10 47 257 26 22 2 2 31 10 34 20 71 11 7 4 13 62 178 32 24 4 6 2 1 4 8 22 64 257 192 178 221 64 25 4
24 13 18 22 141 141 24 3 3 27 31 14 11 15 12 13 13 64 36 31 12 8 16 39 6 31 6 5 2 19 63 230 133 39 19 21 39 27 24 9 22 35 46 195 63 12 8 0 4 30 63 36 21 21 27 24 30 63 230 38 53 15 5 1 12 34 68 71 69 471 471 471 471 11 11 1 22 14 15 18 41 68 68 42 48 62 62 62 62 62 40 53 16 41 68 230 89 78 31 13 2 0 10 11 5 4 32 25 62 62 40 53 0 0 0 1144 1144 27 5 5 91 1144 1144 1144 1144 27 20 0 221 14 50 91 1144 56 8 5 25 73 91 1144 1144 1144 1144 1144 56 30 0 5 0 0 0 1144 1144 1144
24 31 14 6 2 12 35 141 141 24 13 2 11 19 64 68 27 21 39 6 21 21 27 42 29 53 16 14 36 89 47 22 32 21 21 27 24 22 32 31 12 14 46 32 21 18 25 28 12 10 7 21 22 41 68 68 42 2 2 12 68 71 69 471 471 24 14 4 15 15 15 15 15 15 15 18 14 27 42 48 62 62 62 62 62 62 62 62 41 49 63 230 89 78 48 40 53 20 18 41 68 230 38 53 21 27 42 48 41 13 22 14 5 6 52 46 4 2 2 0 1 16 52 46 4 2 8 8 53 4 2 4 64 35 3 0 4 2 0 19 91 1144 1144 27 2 0 162 301 19 50 91 1144 1144 1144 1144 27 5 5 91 1144 1144 27 5 5 91 1144 1144 1144 1144
0 2 42 55 13 2 12 35 141 141 28 8 6 230 38 22 6 11 17 18 14 45 38 53 21 36 62 13 6 13 64 230 38 53 15 13 8 6 7 13 7 46 195 63 16 14 45 38 22 18 32 8 7 6 14 46 45 38 53 58 25 70 33 27 63 22 22 22 14 18 41 8 16 22 26 14 1 3 12 68 71 69 471 471 471 471 54 2 1 11 27 3 22 22 2 2 7 2 2 6 15 15 15 18 32 25 62 62 62 62 62 62 62 62 62 62 62 62 40 53 20 6 2 3 15 18 41 22 15 14 18 32 25 40 7 11 0 6 2 0 20 12 53 24 6 4 2 7 0 1 1 0 1 0 0 2 0 0 0 1144 27 20 11 178 32 24 192 47 48 0 0 1 1144 1144 1144 56 30 7 301 19 50 91 1144 1144 1144 1144 1144 1144 1144 1144 1144 1144 1144 1144 1144 0 0 0 0 1144 1144 27 2 2 19
24 31 14 11 15 0 2 20 141 6 1 0 55 30 13 12 8 13 6 7 31 12 8 16 39 36 62 195 64 36 21 18 32 25 41 46 32 21 14 15 18 25 28 17 42 29 53 16 14 13 10 6 27 21 39 27 31 5 21 58 68 68 42 29 53 20 18 14 27 42 31 49 63 230 62 30 15 0 5 15 68 71 69 471 471 471 11 11 1 53 3 2 7 14 18 33 62 62 62 27 22 21 3 2 12 32 14 49 63 36 21 6 11 17 27 20 53 4 6 7 48 12 7 1 4 162 39 5 2 1 3 12 53 3 0 1 16 91 1144 1144 1144 1144 27 0 0 0 0 91 1144 27 5 5 91 1144 56 21 21 91 27 5 5 91 1144 1144 1144 1144 1144 1144 1144 1144 1144
24 31 14 2 11 20 141 141 24 3 3 36 62 30 18 6 8 53 16 14 36 133 30 53 58 32 39 50 42 55 30 15 12 27 31 14 11 15 12 13 10 8 89 19 21 13 68 230 89 8 5 21 58 68 8 10 8 89 47 30 13 4 5 13 16 64 36 31 6 5 6 0 2 12 68 71 69 471 471 471 471 24 14 6 14 27 42 48 41 13 22 6 3 6 42 29 16 39 13 6 7 14 4 22 12 10 0 4 3 32 8 4 3 3 0 4 2 4 27 34 15 40 53 4 1 3 12 53 3 7 13 35 3 2 1 0 19 91 1144 1144 1144 56 21 21 91 1144 1144 1144 1144 1144 1144 1144 1144 1144 1144 27 5 5 91 1144 1144 1144 1144
24 27 6 2 0 9 20 141 141 23 13 7 30 13 7 14 27 27 21 39 6 21 18 8 13 39 27 42 22 22 15 22 14 6 14 32 31 12 14 49 63 36 13 7 19 39 78 31 49 13 26 35 46 44 11 9 24 32 14 49 63 36 21 6 27 17 47 9 22 14 5 29 3 12 34 68 71 69 471 471 471 471 24 14 4 15 15 15 15 15 15 15 18 41 68 230 62 13 6 42 48 62 62 62 62 62 62 62 62 62 62 41 49 63 230 38 53 58 68 230 133 39 78 31 13 4 12 36 89 47 9 10 7 14 27 42 6 14 0 1 2 7 1 0 0 1 4 53 4 6 4 221 14 50 91 1144 1144 1144 56 21 21 91 1144 1144 1144 27 5 5 91 1144 1144 1144 1144 1144 1144 1144
29 68 13 18 22 141 23 2 1 13 12 25 28 45 38 53 58 25 50 16 3 13 16 14 27 42 29 16 39 36 133 115 30 13 7 14 36 89 78 48 40 53 20 6 11 3 6 24 9 22 14 4 9 22 5 5 6 13 39 27 27 6 6 14 46 32 21 14 18 32 14 46 17 42 29 3 12 34 68 71 69 471 471 471 54 2 1 6 15 15 15 15 6 27 46 44 27 33 62 62 62 62 62 62 27 22 15 14 18 14 13 6 27 20 16 2 3 21 27 6 10 46 221 27 34 4 53 3 7 13 257 55 16 19 91 1144 1144 1144 1144 27 20 0 221 14 50 91 1144 1144 1144 1144 56 8 5 55 221 162 301 19 50 91 1144 1144 1144 1144 27 5 5 91 1144 1144
4 89 4 18 22 141 141 28 14 11 21 3 3 7 2 9 19 64 68 27 21 39 36 62 30 15 12 27 24 30 63 36 31 27 28 45 38 22 14 18 32 14 49 63 230 133 115 30 18 8 19 63 36 21 21 8 17 23 68 71 69 471 471 471 54 35 22 36 21 58 68 68 42 48 62 27 6 3 13 20 15 18 32 8 16 0 5 48 27 22 21 58 5 26 35 19 115 44 18 14 2 4 0 6 5 14 39 34 4 7 2 1 29 5 3 2 7 48 22 40 53 20 2 0 0 1 1 1144 1144 56 30 6 257 192 377 377 39 73 91 1144 1144 1144 1144 1144 56 30 7 19 50 91 1144 1144 1144 1144 1144 1144
24 24 22 8 12 35 141 141 28 14 11 31 6 7 16 14 36 62 44 18 7 22 35 46 30 15 8 13 8 11 7 14 4 22 32 21 58 68 68 31 16 11 47 30 63 230 89 47 30 63 230 62 195 64 230 62 44 11 1 12 34 68 71 69 471 471 471 54 35 22 230 89 78 48 40 53 17 11 17 27 20 53 20 15 15 15 18 14 27 42 29 53 16 41 68 230 38 0 0 4 17 16 15 40 53 4 0 0 5 3 34 15 40 53 20 1 2 4 64 25 1 19 91 1144 0 0 0 0 1144 1144 1144 1144 27 5 5 91 1144 1144 1144 1144 27 2 0 24 25 73 91 1144 1144 1144 1144 1144 1144 56 30 7 19 50
24 42 0 0 22 141 28 8 6 36 13 7 46 195 64 8 6 15 12 13 6 12 28 11 6 13 39 6 21 21 27 42 48 62 40 53 16 14 27 24 22 45 62 195 64 68 27 6 1 13 16 64 36 31 12 8 16 3 3 6 17 27 33 40 16 3 0 4 34 68 71 69 471 471 11 11 1 22 14 15 18 2 2 12 32 25 62 62 62 62 62 27 8 11 13 6 15 18 32 25 62 41 46 32 21 22 14 27 42 29 53 16 41 68 68 6 10 46 32 1 0 2 32 4 71 47 257 192 377 178 221 5 5 1 2 4 64 7 16 91 1144 1144 1144 27 2 0 162 301 191 7 16 91 1144 1144 1144 1144 1144 56 30 18 50 91 1144 1144 1144 1144 1144
24 24 22 8 12 35 141 141 28 14 5 89 19 6 2 5 9 13 11 15 12 6 31 9 0 0 23 68 71 69 471 471 471 471 471 471 24 14 4 32 9 6 5 30 63 230 133 30 16 27 19 15 16 14 17 42 22 63 22 53 58 32 95 230 89 78 48 16 52 46 221 64 35 20 28 71 71 301 191 257 26 48 18 52 62 377 377 178 221 27 16 20 71 301 301 191 257 55 221 64 257 192 377 377 377 377 178 221 14 50 91 1144 1144 1144 1144 1144 1144 1144 1144 1144 1144
4 89 19 0 1 5 141 23 7 1 6 27 46 195 90 39 50 8 6 6 27 21 39 6 21 21 8 17 23 68 71 69 471 471 471 54 35 22 230 133 39 78 31 49 63 230 133 84 39 8 14 16 90 72 39 50 42 22 53 58 68 230 89 78 48 62 40 53 20 6 11 19 63 70 33 62 40 7 11 8 377 178 221 162 39 16 20 71 301 8 3 2 8 47 26 31 71 8 3 2 4 32 24 192 178 221 162 301 191 257 192 39 73 91 1144 1144 1144 1144 1144 1144 56 30 18 50 91 1144 1144 1144 1144 1144
24 31 5 21 15 6 1 9 20 141 141 23 13 7 30 15 1 3 6 3 6 10 7 6 13 34 8 1 1 5 471 471 471 471 471 471 11 11 8 30 18 6 14 49 63 68 42 22 63 55 195 22 26 6 19 63 50 42 55 195 63 50 16 0 2 47 257 192 377 377 47 22 24 46 221 64 257 55 221 162 301 39 34 20 71 47 3 1 1 7 22 7 29 162 191 257 192 377 377 377 377 178 221 162 39 16 20 71 301 301 301 191 257 192 377 377 377 47 1 0 24 6 4 15 192 178 32 8 4 8 1 19 91 1144 1144 56 8 5 192 178 221 162 19 50 91 1144 1144 1144 1144
24 31 5 0 4 5 141 141 141 141 141 6 1 0 22 21 3 2 11 27 46 44 27 20 53 16 14 27 1 3 12 68 71 69 471 471 471 471 24 1 0 11 471 471 471 471 471 471 471 54 35 22 230 89 78 48 62 40 16 39 36 62 44 27 20 16 39 27 42 31 49 28 95 230 133 115 13 8 133 115 195 90 39 70 9 52 62 47 26 2 1 3 1 20 71 301 301 191 257 192 47 1 0 4 2 1 24 192 377 178 221 162 301 191 257 192 39 73 91 1144 1144 56 30 18 50 91 1144 1144 1144 1144 1144 27 20 9 73 91 1144 1144 1144
24 31 5 11 1 2 22 141 141 141 23 7 1 16 19 64 230 89 19 13 16 41 68 230 89 47 22 45 2 4 23 4 5 5 11 471 471 471 471 471 471 471 471 5 3 3 41 49 28 95 230 133 84 30 53 58 68 230 133 39 47 30 28 10 11 6 18 41 68 230 133 115 13 8 62 44 11 0 10 14 5 3 0 10 62 178 221 64 257 26 48 22 24 71 71 301 301 301 301 301 191 257 55 1 0 0 0 2 4 6 4 32 24 192 377 377 377 178 221 162 301 301 301 301 191 257 192 377 377 377 377 377 39 73 91 1144 56 30 7 19 50 91 1144 1144 1144 1144 1144 56 8 5 192 39 73 91 1144 1144
29 68 31 10 18 35 141 141 24 13 5 8 13 39 8 17 23 68 71 69 471 471 471 471 471 471 471 24 8 6 68 230 89 78 48 62 27 22 15 6 11 3 8 62 44 18 12 63 230 89 19 6 2 19 63 230 62 4 3 4 221 27 34 16 52 46 221 162 39 27 1 6 22 24 71 11 3 2 8 178 17 16 15 40 53 24 5 13 6 5 1 7 14 301 301 191 257 55 16 19 91 1144 1144 1144 1144 1144 1144 56 8 3 16 91 1144 1144 1144
29 230 89 8 5 0 4 5 141 141 6 1 0 11 13 12 32 25 40 16 39 27 27 13 24 0 4 0 2 2 8 471 471 471 471 471 471 24 8 6 68 230 89 78 48 62 40 53 16 41 32 95 230 133 84 115 44 18 12 15 12 8 0 4 11 19 1 0 0 0 3 6 7 48 22 24 2 0 2 7 14 39 34 16 52 6 5 2 32 6 14 29 5 7 8 6 0 1 3 0 0 5 14 301 301 191 257 192 377 178 221 64 7 16 91 1144 1144 1144 1144 1144 56 30 6 257 25 73 91 1144 1144 1144 1144 1144 1144 1144
24 31 10 18 35 141 141 6 4 4 24 8 13 39 6 31 6 13 2 5 15 68 71 69 471 471 471 471 24 2 1 28 17 42 48 40 16 39 36 62 44 27 20 16 19 46 195 90 39 70 9 52 62 377 6 6 5 14 39 16 20 71 301 301 301 191 257 192 377 178 221 64 257 26 48 18 52 6 1 1 8 178 4 2 2 7 14 301 301 301 301 191 257 192 377 377 377 178 221 162 19 50 91 1144 1144 1144 1144 56 21 21 91 1144 1144 1144 56 21 21
24 31 3 0 18 22 141 24 13 2 27 46 195 90 39 12 8 19 46 195 64 36 6 13 34 68 71 69 471 471 471 471 54 35 22 230 89 8 16 11 47 30 63 68 24 22 45 38 53 21 27 42 31 49 63 36 13 7 46 195 63 16 14 45 89 78 6 52 46 17 16 20 71 71 301 191 257 192 47 48 18 52 62 377 178 221 27 34 20 71 11 5 4 5 1 29 64 257 55 32 4 16 91 1144 1144 56 8 3 16 91 1144 1144 1144 1144 1144 1144 1144 1144
29 36 31 9 2 18 35 141 141 141 24 3 1 68 230 38 53 58 68 230 133 115 195 90 95 36 6 13 34 68 71 69 471 471 471 471 54 35 22 68 42 22 63 55 195 63 16 12 63 230 133 39 78 22 8 6 6 42 2 71 47 257 192 6 1 1 7 48 18 52 46 221 162 8 7 8 4 9 2 20 18 52 46 221 162 191 257 26 26 2 0 2 4 16 19 91 1144 1144 1144 1144 1144 1144 1144 1144 1144 1144 1144 1144 1144 1144 1144 1144 1144
