0.315789 0.326316 0.326316 0.326316 0.336842 0.336842 0.347368 0.347368 0.347368 0.336842 0.336842 0.347368 0.347368 0.347368 0.347368 0.347368 0.347368 0.347368 0.347368 0.347368 0.347368 0.357895 0.357895 0.368421 0.368421 0.378947 0.389474 0.378947 0.378947 0.378947 0.368421 0.368421 0.368421 0.357895 0.357895 0.368421 0.378947 0.378947 0.378947 0.389474 0.389474 0.389474 0.389474 0.389474 0.389474 0.389474 0.389474 0.389474 0.378947 0.389474 0.4 0.378947 0.378947 0.378947 0.378947 0.389474 0.389474 0.389474 0.389474
0.347368 0.347368 0.336842 0.347368 0.347368 0.336842 0.347368 0.347368 0.347368 0.347368 0.347368 0.347368 0.347368 0.347368 0.347368 0.347368 0.347368 0.357895 0.357895 0.368421 0.368421 0.368421 0.378947 0.389474 0.389474 0.4 0.4 0.4 0.410526 0.4 0.410526 0.410526 0.410526 0.421053 0.421053 0.410526 0.410526 0.410526 0.4 0.410526 0.4 0.4 0.4 0.4 0.4 0.4 0.389474 0.389474 0.368421 0.357895 0.347368 0.347368 0.347368 0.336842 0.336842 0.336842 0.326316 0.315789 0.305263 0.294737 0.294737 0.294737 0.294737 0.294737 0.294737 0.294737 0.294737 0.294737 0.294737 0.294737 0.294737 0.305263 0.305263 0.305263 0.305263 0.294737 0.305263 0.305263 0.315789 0.315789
0.336842 0.336842 0.336842 0.336842 0.336842 0.336842 0.336842 0.336842 0.336842 0.336842 0.347368 0.347368 0.347368 0.336842 0.336842 0.336842 0.336842 0.336842 0.336842 0.336842 0.336842 0.347368 0.357895 0.357895 0.357895 0.357895 0.357895 0.357895 0.357895 0.347368 0.347368 0.347368 0.347368 0.357895 0.357895 0.368421 0.378947 0.378947 0.389474 0.378947 0.368421 0.357895 0.347368 0.357895 0.357895 0.368421 0.368421 0.378947 0.368421 0.357895 0.357895 0.357895 0.357895 0.357895 0.368421 0.368421 0.368421 0.368421 0.378947
0.347368 0.347368 0.357895 0.357895 0.357895 0.368421 0.368421 0.357895 0.368421 0.368421 0.368421 0.368421 0.368421 0.378947 0.378947 0.389474 0.4 0.4 0.4 0.4 0.389474 0.4 0.4 0.410526 0.410526 0.410526 0.421053 0.421053 0.421053 0.410526 0.410526 0.4 0.4 0.389474 0.4 0.4 0.4 0.4 0.4 0.4 0.4 0.4 0.4 0.4 0.4 0.4 0.4
0.336842 0.336842 0.336842 0.347368 0.347368 0.347368 0.347368 0.347368 0.357895 0.347368 0.357895 0.357895 0.357895 0.357895 0.357895 0.357895 0.357895 0.357895 0.357895 0.368421 0.368421 0.368421 0.368421 0.368421 0.378947 0.389474 0.389474 0.389474 0.389474 0.389474 0.378947 0.378947 0.378947 0.378947 0.389474 0.4 0.4 0.410526 0.410526 0.410526 0.4 0.4 0.4 0.389474 0.378947 0.378947 0.389474 0.389474 0.389474 0.4 0.389474 0.378947 0.368421 0.357895 0.357895 0.347368 0.347368 0.347368 0.347368 0.357895 0.357895 0.357895 0.357895 0.357895 0.357895 0.357895 0.357895 0.368421 0.368421 0.368421 0.378947 0.378947 0.378947
0.357895 0.357895 0.357895 0.368421 0.368421 0.368421 0.368421 0.368421 0.368421 0.368421 0.378947 0.378947 0.378947 0.378947 0.378947 0.378947 0.368421 0.368421 0.368421 0.368421 0.368421 0.368421 0.368421 0.368421 0.368421 0.368421 0.378947 0.378947 0.378947 0.378947 0.378947 0.378947 0.389474 0.389474 0.4 0.4 0.410526 0.410526 0.410526 0.4 0.410526 0.410526 0.410526 0.410526 0.410526 0.4 0.4 0.389474 0.389474 0.389474 0.389474 0.4 0.4 0.4 0.389474 0.378947 0.378947 0.368421 0.357895 0.347368 0.336842 0.326316 0.315789 0.315789 0.315789 0.305263 0.305263 0.305263 0.315789 0.315789 0.326316 0.336842 0.326316 0.315789 0.315789 0.315789 0.315789 0.326316 0.326316 0.336842 0.336842 0.336842 0.336842 0.336842 0.347368 0.347368 0.347368
0.357895 0.357895 0.357895 0.357895 0.357895 0.357895 0.357895 0.368421 0.357895 0.368421 0.368421 0.368421 0.368421 0.368421 0.368421 0.368421 0.378947 0.378947 0.368421 0.378947 0.378947 0.378947 0.378947 0.378947 0.378947 0.389474 0.389474 0.4 0.4 0.410526 0.410526 0.410526 0.410526 0.421053 0.421053 0.431579 0.431579 0.431579 0.442105 0.442105 0.431579 0.421053 0.421053 0.4 0.4 0.4 0.4 0.4 0.4 0.4 0.4 0.389474 0.378947 0.378947 0.368421 0.378947 0.378947 0.378947 0.368421 0.368421 0.368421 0.368421 0.368421 0.368421 0.368421 0.368421 0.357895 0.347368 0.347368
0.347368 0.347368 0.347368 0.347368 0.347368 0.336842 0.347368 0.347368 0.347368 0.347368 0.347368 0.347368 0.347368 0.357895 0.357895 0.357895 0.368421 0.368421 0.368421 0.378947 0.378947 0.389474 0.389474 0.4 0.4 0.410526 0.410526 0.4 0.389474 0.389474 0.378947 0.378947 0.368421 0.368421 0.378947 0.378947 0.378947 0.378947 0.378947 0.368421 0.368421 0.368421 0.368421 0.368421 0.368421 0.368421 0.368421 0.368421 0.368421 0.368421 0.357895 0.368421 0.357895 0.368421 0.357895 0.357895 0.357895 0.368421 0.368421
0.336842 0.336842 0.347368 0.336842 0.336842 0.336842 0.336842 0.336842 0.336842 0.336842 0.347368 0.347368 0.336842 0.336842 0.347368 0.347368 0.347368 0.347368 0.357895 0.357895 0.357895 0.368421 0.368421 0.368421 0.368421 0.357895 0.357895 0.347368 0.347368 0.347368 0.357895 0.357895 0.357895 0.368421 0.368421 0.378947 0.389474 0.389474 0.4 0.4 0.389474 0.378947 0.368421 0.368421 0.357895 0.347368 0.347368 0.347368 0.347368 0.357895 0.368421 0.368421 0.368421 0.368421 0.368421 0.357895 0.357895 0.357895 0.368421 0.368421 0.368421 0.368421 0.368421 0.378947 0.368421 0.368421 0.378947 0.368421 0.378947 0.378947 0.368421 0.378947 0.378947 0.378947 0.368421 0.368421 0.378947 0.378947 0.389474 0.389474
0.347368 0.347368 0.347368 0.336842 0.347368 0.347368 0.347368 0.347368 0.357895 0.357895 0.357895 0.357895 0.368421 0.368421 0.378947 0.378947 0.378947 0.378947 0.368421 0.368421 0.368421 0.368421 0.368421 0.378947 0.378947 0.389474 0.389474 0.389474 0.378947 0.378947 0.378947 0.378947 0.378947 0.389474 0.389474 0.389474 0.378947 0.378947 0.368421 0.368421 0.368421 0.378947 0.378947 0.378947 0.368421 0.368421 0.368421 0.368421 0.368421 0.368421 0.368421 0.368421 0.368421 0.368421 0.368421 0.368421 0.368421 0.368421 0.368421 0.368421 0.368421 0.368421 0.368421 0.368421 0.368421 0.357895
0.305263 0.305263 0.305263 0.305263 0.305263 0.305263 0.305263 0.305263 0.305263 0.305263 0.305263 0.305263 0.315789 0.315789 0.326316 0.326316 0.326316 0.326316 0.326316 0.326316 0.326316 0.326316 0.336842 0.336842 0.347368 0.347368 0.347368 0.347368 0.347368 0.357895 0.357895 0.357895 0.357895 0.357895 0.357895 0.368421 0.368421 0.368421 0.368421 0.378947 0.378947 0.378947 0.389474 0.389474 0.389474 0.389474 0.378947 0.378947 0.389474 0.389474 0.389474 0.389474 0.389474 0.389474 0.4 0.4 0.4 0.410526 0.410526 0.421053 0.421053 0.421053 0.431579 0.442105 0.442105 0.442105 0.452632
0.389474 0.389474 0.389474 0.378947 0.389474 0.389474 0.4 0.410526 0.421053 0.410526 0.410526 0.410526 0.421053 0.421053 0.421053 0.421053 0.431579 0.431579 0.431579
0.347368 0.347368 0.357895 0.368421 0.368421 0.368421 0.368421 0.368421 0.368421 0.368421 0.368421 0.378947 0.378947 0.378947 0.378947 0.378947 0.378947 0.378947 0.378947 0.389474 0.389474 0.389474 0.378947 0.389474 0.389474 0.389474 0.389474 0.389474 0.4 0.4 0.4 0.4 0.4 0.4 0.4 0.4 0.4 0.410526 0.410526 0.410526 0.4 0.4 0.4 0.389474 0.389474 0.389474 0.4 0.4 0.4 0.410526 0.421053 0.421053 0.410526 0.421053 0.421053 0.421053 0.431579 0.431579
0.357895 0.357895 0.368421 0.368421 0.368421 0.368421 0.368421 0.368421 0.368421 0.378947 0.378947 0.378947 0.389474 0.389474 0.389474 0.4 0.410526 0.410526 0.410526 0.4 0.4 0.4 0.410526 0.410526 0.410526 0.410526
0.347368 0.357895 0.357895 0.347368 0.347368 0.347368 0.347368 0.347368 0.347368 0.357895 0.347368 0.347368 0.347368 0.336842 0.347368 0.347368 0.347368 0.347368 0.357895 0.357895 0.368421 0.368421 0.368421 0.368421 0.378947 0.378947 0.389474 0.389474 0.389474 0.4 0.4 0.4 0.4 0.389474 0.389474 0.389474 0.4 0.4 0.4 0.410526 0.4 0.4 0.4 0.4 0.4 0.4 0.4 0.4 0.4 0.4 0.4 0.4 0.4 0.4 0.4 0.4 0.389474 0.4 0.4 0.4 0.4 0.410526 0.410526 0.421053 0.421053 0.421053 0.431579 0.431579 0.421053 0.421053 0.410526 0.421053 0.421053 0.431579 0.431579 0.431579
0.368421 0.378947 0.378947 0.378947 0.378947 0.389474 0.378947 0.378947 0.389474 0.389474 0.389474 0.389474 0.389474 0.389474 0.389474 0.4 0.389474 0.389474 0.389474 0.389474 0.389474 0.389474 0.389474 0.389474 0.4 0.4 0.4 0.410526 0.410526 0.410526 0.410526 0.410526 0.421053 0.421053 0.431579 0.431579 0.431579 0.442105 0.442105 0.452632 0.452632 0.452632
0.326316 0.336842 0.336842 0.347368 0.347368 0.347368 0.347368 0.347368 0.347368 0.357895 0.357895 0.357895 0.368421 0.368421 0.378947 0.378947 0.389474 0.389474 0.389474 0.4 0.4 0.4 0.410526 0.410526 0.421053 0.431579 0.431579
0.4 0.4 0.4 0.4 0.4 0.4 0.4 0.410526 0.4 0.410526 0.410526 0.410526 0.410526 0.410526 0.410526 0.410526 0.410526 0.421053 0.421053 0.421053 0.421053 0.431579 0.431579 0.431579 0.442105 0.442105 0.442105 0.452632 0.463158 0.463158 0.473684 0.473684 0.473684 0.473684
0.4 0.4 0.410526 0.410526 0.410526 0.410526 0.421053 0.410526 0.410526 0.410526 0.410526 0.410526 0.410526 0.410526 0.410526 0.410526 0.410526 0.410526 0.410526 0.410526 0.421053 0.421053 0.431579 0.431579 0.442105 0.442105 0.442105 0.452632 0.452632 0.463158 0.452632 0.452632 0.442105 0.442105 0.442105 0.431579 0.431579 0.421053
0.378947 0.389474 0.389474 0.389474 0.389474 0.389474 0.4 0.4 0.4 0.389474 0.389474 0.389474 0.389474 0.4 0.4 0.4 0.4 0.4 0.4 0.4 0.4 0.4 0.4 0.410526 0.410526 0.4 0.410526 0.410526 0.410526 0.410526 0.410526 0.410526 0.410526 0.421053 0.421053 0.431579 0.431579 0.431579 0.421053 0.431579 0.431579 0.431579 0.442105 0.452632 0.452632 0.452632 0.452632 0.463158
0.368421 0.378947 0.378947 0.378947 0.389474 0.389474 0.389474 0.389474 0.378947 0.378947 0.368421 0.368421 0.368421 0.368421 0.378947 0.378947 0.378947 0.378947 0.389474 0.389474 0.389474 0.4 0.4 0.410526 0.410526 0.410526 0.410526 0.410526 0.4 0.4 0.4 0.4 0.4 0.389474 0.389474 0.389474 0.4 0.389474 0.389474 0.389474 0.389474 0.378947 0.378947 0.378947 0.378947 0.378947 0.378947 0.378947 0.368421 0.368421 0.357895 0.357895 0.357895 0.357895 0.357895 0.357895 0.357895 0.357895 0.357895 0.368421 0.368421 0.368421 0.368421 0.378947 0.378947 0.389474 0.4 0.389474 0.389474 0.389474 0.4 0.4 0.4 0.4 0.389474 0.4 0.4 0.4
0.347368 0.357895 0.357895 0.368421 0.368421 0.378947 0.378947 0.368421 0.368421 0.368421 0.378947 0.389474 0.389474 0.4
0.368421 0.378947 0.378947 0.378947 0.378947 0.389474 0.389474 0.389474 0.389474 0.378947 0.378947 0.378947 0.378947 0.389474 0.378947 0.378947 0.378947 0.378947 0.378947 0.378947 0.378947 0.378947 0.378947 0.378947 0.378947 0.389474 0.389474 0.389474 0.389474 0.4 0.4 0.4 0.410526 0.410526 0.421053 0.421053 0.410526 0.4 0.4 0.4 0.4 0.4 0.410526 0.4 0.410526 0.410526 0.4 0.4 0.389474 0.389474 0.4 0.4 0.4 0.4 0.410526 0.4 0.4 0.389474 0.378947 0.378947 0.378947 0.368421 0.357895 0.357895 0.347368 0.347368 0.347368 0.347368 0.347368
0.357895 0.368421 0.368421 0.357895 0.368421 0.368421 0.368421 0.368421 0.357895 0.368421 0.368421 0.378947 0.378947 0.389474 0.4 0.4 0.410526 0.410526 0.421053 0.421053 0.431579 0.431579 0.431579 0.431579 0.431579 0.431579 0.421053 0.410526 0.4 0.4 0.410526 0.410526 0.4 0.4 0.4 0.4 0.389474 0.4 0.4 0.4 0.410526 0.410526 0.4 0.378947 0.378947 0.378947 0.368421 0.368421 0.378947 0.378947 0.368421 0.357895 0.357895 0.357895 0.357895 0.357895 0.357895 0.357895 0.357895
0.336842 0.336842 0.336842 0.336842 0.336842 0.336842 0.347368 0.347368 0.347368 0.357895 0.357895 0.357895 0.357895 0.357895 0.368421 0.368421 0.368421 0.378947 0.378947 0.378947 0.378947 0.378947 0.389474 0.389474 0.4 0.4 0.4 0.4 0.410526 0.410526 0.4 0.389474 0.389474 0.378947 0.389474 0.389474 0.389474 0.389474 0.4 0.4 0.4 0.389474 0.389474 0.4 0.4 0.4 0.4 0.4 0.4 0.4 0.4 0.4
0.347368 0.357895 0.357895 0.368421 0.368421 0.368421 0.368421 0.378947 0.378947 0.378947 0.378947 0.378947 0.389474 0.4 0.4 0.4 0.4 0.4 0.410526 0.410526 0.421053 0.431579 0.442105 0.442105 0.442105 0.452632 0.452632 0.463158 0.473684 0.473684 0.484211 0.484211 0.463158 0.463158 0.463158 0.463158 0.463158 0.452632 0.452632 0.452632 0.452632 0.442105 0.431579 0.431579
0.336842 0.347368 0.347368 0.347368 0.357895 0.357895 0.357895 0.357895 0.357895 0.368421 0.357895 0.357895 0.357895 0.368421 0.368421 0.357895 0.368421 0.368421 0.368421 0.378947 0.378947 0.378947 0.378947 0.389474 0.4 0.389474 0.389474 0.389474 0.378947 0.389474 0.4 0.410526 0.410526 0.410526 0.410526 0.410526 0.410526 0.410526 0.410526 0.410526 0.421053 0.421053 0.421053 0.421053 0.421053
0.326316 0.336842 0.336842 0.336842 0.336842 0.347368 0.347368 0.347368 0.347368 0.347368 0.347368 0.357895 0.357895 0.357895 0.357895 0.357895 0.368421 0.378947 0.378947 0.378947 0.378947 0.368421 0.368421 0.368421 0.378947 0.378947 0.368421 0.368421 0.378947 0.378947 0.389474 0.389474 0.4 0.410526 0.4 0.4 0.4 0.4 0.4 0.4 0.4 0.378947 0.378947 0.378947 0.378947 0.378947
0.357895 0.368421 0.368421 0.357895 0.357895 0.368421 0.368421 0.378947 0.378947 0.389474 0.4 0.410526 0.410526 0.421053 0.421053 0.421053 0.421053 0.421053 0.431579 0.431579 0.431579 0.421053 0.421053 0.421053 0.410526 0.410526 0.421053 0.421053 0.431579 0.431579 0.431579 0.442105 0.442105
0.368421 0.378947 0.378947 0.378947 0.389474 0.389474 0.4 0.410526 0.421053 0.421053 0.421053 0.431579 0.431579 0.421053 0.431579 0.431579 0.431579 0.442105 0.442105 0.442105 0.452632 0.463158 0.452632 0.452632 0.452632 0.452632 0.442105 0.442105 0.431579 0.421053 0.431579 0.431579 0.431579 0.431579 0.421053
0.368421 0.368421 0.368421 0.368421 0.368421 0.378947 0.378947 0.378947 0.378947 0.378947 0.378947 0.378947 0.389474 0.389474 0.389474 0.389474 0.389474 0.389474 0.389474 0.389474 0.389474 0.389474 0.4 0.389474 0.4 0.389474 0.4 0.4 0.4
0.368421 0.378947 0.389474 0.389474 0.4 0.4 0.410526 0.410526 0.410526 0.410526 0.421053 0.410526 0.410526 0.410526 0.410526 0.410526 0.410526 0.410526 0.410526 0.410526 0.410526 0.421053 0.421053 0.421053 0.421053 0.421053 0.421053 0.421053 0.421053 0.421053 0.421053 0.421053 0.421053 0.410526 0.410526 0.4 0.4 0.389474 0.389474 0.389474 0.389474 0.389474 0.389474 0.389474
0.357895 0.368421 0.368421 0.378947 0.389474 0.378947 0.378947 0.378947 0.378947 0.378947 0.378947 0.378947 0.378947 0.378947 0.378947 0.378947 0.378947 0.378947 0.378947 0.378947 0.378947 0.378947 0.378947 0.378947 0.378947 0.378947 0.378947 0.378947 0.378947 0.378947 0.378947 0.368421 0.368421 0.368421 0.357895 0.357895 0.357895 0.357895 0.357895 0.357895 0.357895 0.357895 0.357895 0.357895 0.357895 0.347368 0.347368 0.347368
0.315789 0.326316 0.326316 0.336842 0.336842 0.347368 0.357895 0.357895 0.368421 0.368421 0.368421 0.368421 0.378947 0.378947 0.378947 0.378947 0.368421 0.368421
0.368421 0.368421 0.378947 0.378947 0.389474 0.389474 0.389474 0.389474 0.389474 0.389474 0.389474 0.4 0.4 0.4 0.4 0.4 0.4 0.410526 0.410526
0.357895 0.368421 0.378947 0.378947
0.368421 0.378947 0.378947 0.378947 0.389474 0.4 0.4 0.4 0.4 0.389474 0.4 0.4 0.4 0.4 0.4 0.410526 0.410526 0.410526 0.410526 0.410526 0.410526 0.410526 0.410526 0.410526 0.410526 0.410526 0.410526 0.410526 0.410526 0.410526 0.410526 0.410526 0.410526 0.410526 0.410526 0.410526 0.410526 0.421053 0.421053 0.421053 0.421053 0.421053
0.368421 0.378947 0.378947 0.378947 0.389474 0.389474 0.389474 0.389474 0.389474 0.389474 0.389474 0.389474 0.389474 0.4 0.389474 0.4 0.4 0.4 0.4 0.410526 0.410526 0.4 0.4
0.378947 0.378947
0.378947 0.378947 0.378947 0.378947 0.378947 0.389474 0.389474 0.378947 0.378947 0.378947 0.368421 0.368421 0.368421 0.378947 0.378947 0.368421 0.368421 0.378947 0.378947 0.378947 0.378947 0.378947 0.389474 0.389474 0.389474 0.389474 0.389474 0.389474 0.389474 0.389474 0.389474
0.273684 0.284211 0.284211 0.284211 0.284211 0.284211 0.284211 0.284211 0.284211 0.294737 0.294737 0.284211 0.284211 0.284211 0.284211 0.284211 0.284211 0.294737 0.284211 0.284211 0.284211 0.284211 0.284211 0.284211 0.284211 0.284211 0.284211 0.284211 0.294737 0.305263 0.305263 0.305263 0.305263 0.315789 0.305263 0.305263 0.305263 0.315789 0.315789 0.315789 0.326316 0.326316 0.326316 0.326316 0.336842 0.326316 0.326316 0.336842 0.347368 0.347368 0.347368 0.347368 0.357895 0.357895 0.347368 0.347368 0.347368 0.347368 0.357895 0.357895 0.368421 0.368421 0.378947 0.378947 0.389474
0.263158 0.273684 0.273684 0.273684 0.263158 0.263158 0.263158 0.263158 0.263158 0.263158 0.273684 0.273684 0.273684 0.273684 0.273684 0.284211 0.284211 0.284211 0.284211 0.294737 0.294737 0.294737 0.305263 0.305263 0.305263 0.305263 0.305263 0.305263 0.305263 0.305263 0.315789 0.315789 0.326316 0.326316 0.326316 0.326316 0.326316 0.326316 0.326316 0.326316 0.326316 0.326316 0.326316 0.326316 0.326316 0.336842 0.326316 0.326316 0.326316 0.326316 0.326316 0.326316 0.326316 0.326316 0.326316 0.326316 0.326316 0.336842 0.336842 0.336842 0.347368 0.357895 0.357895 0.368421 0.368421 0.368421 0.368421 0.378947 0.378947 0.378947 0.378947 0.389474 0.389474 0.4 0.4 0.410526 0.410526 0.410526 0.410526 0.410526
0.284211 0.284211 0.294737 0.284211 0.284211 0.284211 0.284211 0.284211 0.284211 0.284211 0.284211 0.284211 0.284211 0.284211 0.284211 0.284211 0.284211 0.284211 0.284211 0.284211 0.294737 0.284211 0.284211 0.284211 0.284211 0.284211 0.284211 0.284211 0.284211 0.284211 0.284211 0.284211 0.284211 0.284211 0.273684 0.273684 0.273684 0.273684 0.284211 0.284211 0.284211 0.284211 0.284211 0.284211 0.294737 0.294737 0.305263 0.305263 0.305263 0.305263 0.305263 0.305263 0.305263 0.305263 0.315789 0.315789 0.315789 0.315789 0.315789 0.315789 0.315789 0.315789 0.315789 0.315789 0.315789 0.315789 0.315789 0.315789 0.326316 0.315789 0.315789 0.315789 0.315789 0.315789 0.326316 0.326316 0.326316 0.315789 0.326316 0.326316 0.336842 0.336842 0.347368 0.347368 0.336842 0.326316 0.326316 0.326316 0.326316 0.336842 0.347368 0.347368 0.347368 0.357895 0.357895 0.368421 0.368421 0.368421 0.378947 0.378947 0.389474 0.389474 0.389474 0.389474 0.378947 0.378947 0.389474 0.389474 0.389474 0.4 0.389474 0.378947 0.389474 0.378947 0.378947 0.368421
0.273684 0.273684 0.273684 0.273684 0.273684 0.284211 0.284211 0.284211 0.273684 0.273684 0.273684 0.273684 0.284211 0.284211 0.284211 0.284211 0.284211 0.284211 0.284211 0.284211 0.284211 0.284211 0.284211 0.284211 0.284211 0.284211 0.284211 0.284211 0.284211 0.284211 0.284211 0.284211 0.284211 0.284211 0.294737 0.294737 0.294737 0.294737 0.294737 0.294737 0.294737 0.305263 0.305263 0.305263 0.305263 0.305263 0.305263 0.305263 0.305263 0.305263 0.315789 0.326316 0.315789 0.326316 0.326316 0.326316 0.326316 0.336842 0.336842 0.347368 0.347368 0.357895 0.357895 0.357895 0.357895 0.368421 0.368421 0.368421 0.378947 0.378947 0.389474 0.389474 0.389474 0.4 0.4 0.4 0.410526 0.410526 0.410526 0.421053 0.421053 0.431579
0.284211 0.294737 0.284211 0.284211 0.294737 0.294737 0.284211 0.284211 0.284211 0.284211 0.284211 0.294737 0.294737 0.294737 0.294737 0.294737 0.294737 0.294737 0.305263 0.305263 0.315789 0.315789 0.305263 0.305263 0.305263 0.294737 0.294737 0.294737 0.294737 0.294737 0.305263 0.305263 0.305263 0.305263 0.305263 0.305263 0.305263 0.315789 0.315789 0.315789 0.326316 0.326316 0.326316 0.326316 0.326316 0.326316 0.336842 0.336842 0.336842 0.336842 0.336842 0.347368 0.357895 0.357895 0.357895 0.368421 0.378947 0.378947 0.389474 0.389474 0.4 0.4 0.410526 0.421053 0.421053 0.421053 0.421053 0.421053 0.431579 0.442105 0.442105 0.442105 0.452632 0.463158
0.252632 0.263158 0.263158 0.263158 0.263158 0.263158 0.263158 0.263158 0.263158 0.263158 0.273684 0.263158 0.263158 0.263158 0.273684 0.273684 0.273684 0.273684 0.263158 0.273684 0.273684 0.273684 0.273684 0.273684 0.263158 0.273684 0.284211 0.284211 0.284211 0.284211 0.284211 0.284211 0.284211 0.284211 0.284211 0.284211 0.284211 0.284211 0.284211 0.294737 0.294737 0.294737 0.294737 0.294737 0.305263 0.305263 0.305263 0.305263 0.315789 0.326316 0.326316 0.326316 0.326316 0.326316 0.326316 0.326316 0.326316 0.326316 0.326316 0.326316 0.326316 0.336842 0.336842 0.336842 0.326316 0.326316 0.336842 0.326316 0.326316 0.336842 0.336842 0.347368 0.357895 0.357895 0.357895 0.368421 0.378947 0.378947 0.389474 0.389474 0.389474 0.389474 0.4 0.4 0.410526 0.410526 0.410526
0.263158 0.273684 0.263158 0.263158 0.263158 0.263158 0.263158 0.263158 0.263158 0.263158 0.273684 0.273684 0.273684 0.263158 0.263158 0.273684 0.263158 0.263158 0.263158 0.263158 0.263158 0.263158 0.263158 0.263158 0.263158 0.273684 0.273684 0.273684 0.273684 0.273684 0.273684 0.273684 0.273684 0.273684 0.273684 0.273684 0.284211 0.284211 0.284211 0.284211 0.294737 0.294737 0.294737 0.294737 0.294737 0.294737 0.294737 0.294737 0.305263 0.305263 0.315789 0.315789 0.315789 0.326316 0.326316 0.336842 0.336842 0.336842 0.347368 0.347368 0.347368 0.347368 0.347368 0.347368 0.347368 0.347368 0.347368 0.347368 0.347368 0.357895 0.357895 0.368421 0.378947 0.368421 0.378947 0.378947 0.389474 0.389474 0.389474 0.389474 0.4
0.284211 0.284211 0.284211 0.284211 0.273684 0.273684 0.273684 0.284211 0.284211 0.284211 0.284211 0.284211 0.284211 0.284211 0.284211 0.284211 0.294737 0.294737 0.294737 0.294737 0.305263 0.305263 0.305263 0.315789 0.315789 0.326316 0.326316 0.326316 0.326316 0.326316 0.336842 0.347368 0.336842 0.336842 0.336842 0.336842 0.336842 0.336842 0.347368 0.336842 0.336842 0.336842 0.336842 0.347368 0.347368 0.347368 0.357895 0.357895 0.357895 0.357895 0.357895 0.368421 0.378947 0.368421 0.368421 0.368421 0.368421 0.378947 0.389474 0.389474 0.4 0.4 0.4 0.4 0.4 0.4 0.4
0.284211 0.284211 0.284211 0.284211 0.294737 0.284211 0.284211 0.284211 0.284211 0.294737 0.294737 0.294737 0.294737 0.294737 0.294737 0.294737 0.294737 0.294737 0.294737 0.294737 0.305263 0.305263 0.305263 0.305263 0.315789 0.315789 0.315789 0.315789 0.326316 0.326316 0.315789 0.326316 0.315789 0.315789 0.315789 0.326316 0.326316 0.336842 0.336842 0.347368 0.347368 0.347368 0.347368 0.357895 0.368421 0.378947 0.378947 0.389474 0.389474 0.378947 0.378947 0.378947 0.368421 0.378947 0.378947 0.378947 0.389474 0.4 0.4 0.4 0.410526 0.421053 0.410526 0.4 0.389474 0.389474 0.389474 0.378947 0.378947
0.284211 0.284211 0.284211 0.284211 0.284211 0.284211 0.284211 0.284211 0.294737 0.294737 0.284211 0.284211 0.284211 0.284211 0.284211 0.273684 0.273684 0.273684 0.273684 0.273684 0.273684 0.273684 0.273684 0.273684 0.273684 0.273684 0.284211 0.284211 0.284211 0.284211 0.284211 0.294737 0.305263 0.294737 0.294737 0.305263 0.305263 0.305263 0.315789 0.326316 0.326316 0.326316 0.326316 0.336842 0.336842 0.336842 0.336842 0.336842 0.336842 0.347368 0.347368 0.347368 0.347368 0.347368 0.336842 0.347368 0.347368 0.347368 0.347368 0.357895 0.357895 0.357895 0.368421 0.378947 0.378947 0.389474 0.389474 0.389474 0.389474 0.4 0.410526 0.410526 0.410526 0.410526 0.410526 0.410526 0.410526 0.410526
0.389474 0.389474 0.4 0.4 0.410526 0.410526 0.410526 0.410526 0.410526 0.4 0.410526 0.410526 0.410526 0.410526 0.421053 0.421053 0.421053 0.421053 0.431579 0.431579 0.431579 0.442105 0.452632 0.452632 0.452632 0.452632 0.463158 0.473684 0.473684 0.484211 0.484211 0.494737
0.368421 0.378947 0.378947 0.378947 0.378947 0.378947 0.378947 0.378947 0.378947 0.378947 0.378947 0.389474 0.389474 0.389474 0.389474 0.389474 0.389474 0.389474 0.389474 0.4 0.4 0.4 0.410526 0.410526 0.410526 0.410526 0.421053 0.431579 0.431579 0.431579 0.431579 0.431579 0.442105 0.442105 0.442105 0.452632 0.452632 0.452632 0.463158 0.463158 0.463158
0.357895 0.368421 0.368421 0.378947 0.389474 0.389474 0.4 0.4 0.4 0.4 0.4 0.4 0.4 0.4 0.4 0.4 0.4 0.410526 0.410526 0.4 0.410526 0.410526 0.421053 0.410526 0.421053 0.421053 0.421053 0.421053 0.410526 0.410526 0.410526 0.410526 0.410526 0.410526 0.410526 0.410526 0.410526 0.410526 0.410526 0.421053 0.421053 0.421053 0.431579 0.431579 0.431579 0.421053 0.410526 0.410526 0.4 0.4 0.389474 0.4 0.4 0.4 0.4 0.4 0.4 0.389474 0.389474 0.4
0.378947 0.378947 0.389474 0.4 0.4 0.4 0.410526 0.410526 0.410526 0.4 0.4 0.389474 0.389474 0.378947 0.378947 0.389474 0.4 0.4 0.4 0.4 0.4 0.4 0.4 0.4 0.4 0.410526 0.4 0.410526 0.410526 0.421053 0.421053 0.421053 0.421053 0.421053 0.431579 0.431579 0.431579 0.442105 0.452632 0.463158 0.452632 0.452632 0.452632 0.452632 0.452632 0.452632 0.452632 0.452632 0.452632 0.452632
0.378947 0.378947 0.389474 0.389474 0.4 0.4 0.4 0.410526 0.410526 0.410526 0.4 0.4 0.4 0.4 0.4 0.4 0.4 0.389474 0.4 0.4 0.4 0.4 0.4 0.410526 0.410526 0.4 0.4 0.410526 0.410526 0.421053 0.421053 0.421053 0.421053 0.421053 0.421053 0.431579 0.421053 0.431579 0.431579 0.431579 0.431579 0.431579 0.431579 0.431579 0.431579 0.431579 0.431579 0.431579 0.431579 0.431579 0.442105 0.442105 0.452632 0.452632 0.452632 0.463158 0.452632 0.452632 0.442105 0.431579 0.442105 0.442105 0.442105 0.452632 0.442105 0.442105 0.442105
0.368421 0.368421 0.368421 0.368421 0.368421 0.378947 0.378947 0.378947 0.378947 0.378947 0.389474 0.389474 0.4 0.410526 0.410526 0.421053 0.421053 0.421053 0.421053 0.431579 0.431579 0.431579 0.442105 0.431579 0.431579 0.431579
0.347368 0.357895 0.357895 0.357895 0.368421 0.368421 0.368421 0.368421 0.378947 0.368421 0.368421 0.368421 0.368421 0.368421 0.378947 0.378947 0.378947 0.378947 0.378947 0.378947 0.378947 0.378947 0.378947 0.389474 0.389474 0.4 0.410526 0.410526 0.421053 0.421053 0.410526 0.410526 0.410526 0.4 0.410526 0.410526 0.410526 0.410526 0.410526 0.421053 0.421053 0.431579 0.431579 0.431579 0.431579
0.368421 0.378947 0.378947 0.378947 0.389474 0.389474 0.4 0.4 0.4 0.4 0.4 0.410526 0.410526 0.410526 0.421053 0.431579 0.421053 0.431579 0.442105 0.452632 0.463158 0.473684 0.473684 0.473684 0.473684 0.484211 0.484211 0.484211
0.378947 0.368421 0.378947 0.378947 0.389474 0.378947 0.378947 0.378947 0.378947 0.378947 0.378947 0.389474 0.389474 0.389474 0.389474 0.389474 0.4 0.4 0.4 0.410526 0.421053 0.431579 0.431579 0.431579 0.442105 0.452632 0.452632 0.463158 0.463158
0.368421 0.368421 0.368421 0.368421 0.378947 0.378947 0.389474 0.4 0.4 0.410526 0.4 0.410526 0.421053 0.431579 0.442105 0.442105 0.442105 0.452632 0.452632 0.463158 0.473684 0.473684 0.484211 0.494737
