0.333333 0.344444 0.333333 0.344444 0.333333 0.344444 0.344444 0.344444 0.344444 0.344444 0.355556 0.355556 0.355556 0.355556 0.355556 0.355556 0.355556 0.366667 0.366667 0.366667 0.355556 0.366667 0.366667 0.366667 0.366667 0.366667 0.377778 0.377778 0.377778 0.388889 0.4 0.411111 0.4 0.4 0.4 0.4 0.388889 0.388889 0.377778 0.377778 0.388889 0.388889 0.4 0.411111 0.411111 0.422222 0.422222 0.422222 0.422222 0.411111 0.411111 0.422222 0.422222 0.4 0.411111 0.422222 0.411111 0.411111 0.4 0.4 0.4 0.411111 0.411111 0.411111
0.355556 0.355556 0.355556 0.355556 0.355556 0.366667 0.355556 0.355556 0.366667 0.366667 0.355556 0.366667 0.366667 0.366667 0.366667 0.366667 0.366667 0.366667 0.366667 0.366667 0.366667 0.377778 0.388889 0.377778 0.388889 0.388889 0.388889 0.4 0.411111 0.411111 0.422222 0.422222 0.422222 0.433333 0.422222 0.433333 0.433333 0.444444 0.455556 0.455556 0.455556 0.444444 0.444444 0.433333 0.444444 0.433333 0.433333 0.433333 0.433333 0.433333 0.444444 0.433333 0.411111 0.4 0.388889 0.377778 0.366667 0.377778 0.377778 0.377778 0.366667 0.355556 0.344444 0.333333 0.322222 0.322222 0.322222 0.322222 0.333333 0.311111 0.311111 0.311111 0.311111 0.311111 0.311111 0.322222 0.322222 0.333333 0.333333 0.322222 0.322222 0.322222 0.333333 0.333333 0.344444
0.344444 0.355556 0.355556 0.344444 0.344444 0.355556 0.344444 0.344444 0.355556 0.355556 0.355556 0.355556 0.355556 0.355556 0.355556 0.355556 0.355556 0.355556 0.355556 0.344444 0.355556 0.355556 0.355556 0.355556 0.355556 0.366667 0.366667 0.366667 0.377778 0.388889 0.377778 0.377778 0.366667 0.366667 0.355556 0.355556 0.366667 0.377778 0.377778 0.388889 0.388889 0.388889 0.4 0.4 0.4 0.388889 0.388889 0.388889 0.377778 0.388889 0.388889 0.4 0.4 0.388889 0.377778 0.377778 0.377778 0.388889 0.377778 0.388889 0.388889 0.388889 0.4 0.4
0.366667 0.366667 0.366667 0.366667 0.366667 0.366667 0.366667 0.366667 0.366667 0.377778 0.377778 0.377778 0.377778 0.388889 0.388889 0.388889 0.377778 0.377778 0.388889 0.4 0.411111 0.411111 0.411111 0.411111 0.411111 0.411111 0.422222 0.422222 0.433333 0.433333 0.433333 0.444444 0.444444 0.444444 0.433333 0.422222 0.422222 0.422222 0.411111 0.422222 0.433333 0.433333 0.433333 0.444444 0.444444 0.433333 0.433333 0.444444 0.433333 0.444444 0.433333 0.422222
0.333333 0.333333 0.344444 0.344444 0.344444 0.344444 0.344444 0.355556 0.355556 0.366667 0.366667 0.366667 0.366667 0.366667 0.366667 0.366667 0.366667 0.377778 0.366667 0.377778 0.377778 0.377778 0.377778 0.377778 0.377778 0.377778 0.388889 0.388889 0.388889 0.4 0.411111 0.422222 0.422222 0.411111 0.411111 0.4 0.4 0.4 0.4 0.411111 0.411111 0.422222 0.422222 0.433333 0.444444 0.433333 0.422222 0.422222 0.411111 0.4 0.411111 0.411111 0.422222 0.422222 0.422222 0.411111 0.4 0.4 0.388889 0.388889 0.377778 0.366667 0.366667 0.377778 0.388889 0.388889 0.388889 0.4 0.4 0.4 0.388889 0.4 0.4 0.4 0.4 0.4 0.411111 0.411111
0.377778 0.388889 0.377778 0.377778 0.377778 0.377778 0.377778 0.388889 0.388889 0.388889 0.388889 0.388889 0.388889 0.388889 0.388889 0.4 0.4 0.4 0.4 0.4 0.4 0.4 0.4 0.388889 0.388889 0.388889 0.388889 0.4 0.4 0.388889 0.4 0.4 0.4 0.411111 0.4 0.411111 0.411111 0.411111 0.411111 0.422222 0.422222 0.422222 0.433333 0.422222 0.422222 0.422222 0.433333 0.433333 0.433333 0.433333 0.433333 0.422222 0.411111 0.411111 0.411111 0.411111 0.422222 0.422222 0.433333 0.422222 0.411111 0.411111 0.4 0.388889 0.377778 0.366667 0.355556 0.344444 0.344444 0.333333 0.322222 0.322222 0.322222 0.333333 0.333333 0.344444 0.355556 0.344444 0.322222 0.322222 0.333333 0.333333 0.333333 0.344444 0.355556 0.355556 0.355556 0.366667 0.366667 0.377778 0.377778 0.377778
0.377778 0.377778 0.377778 0.377778 0.377778 0.377778 0.377778 0.377778 0.377778 0.377778 0.377778 0.377778 0.388889 0.388889 0.377778 0.388889 0.388889 0.388889 0.388889 0.388889 0.388889 0.4 0.4 0.4 0.4 0.4 0.4 0.4 0.4 0.4 0.411111 0.411111 0.422222 0.422222 0.433333 0.433333 0.422222 0.433333 0.433333 0.444444 0.455556 0.466667 0.466667 0.466667 0.466667 0.455556 0.444444 0.444444 0.433333 0.422222 0.422222 0.433333 0.433333 0.433333 0.422222 0.433333 0.422222 0.4 0.4 0.4 0.4 0.4 0.4 0.4 0.4 0.4 0.4 0.4 0.388889 0.388889 0.388889 0.377778 0.377778 0.377778
0.366667 0.366667 0.366667 0.366667 0.366667 0.366667 0.366667 0.366667 0.366667 0.366667 0.366667 0.366667 0.377778 0.388889 0.377778 0.377778 0.377778 0.377778 0.366667 0.377778 0.388889 0.388889 0.4 0.411111 0.411111 0.411111 0.422222 0.433333 0.433333 0.433333 0.444444 0.444444 0.422222 0.411111 0.411111 0.4 0.4 0.388889 0.4 0.411111 0.411111 0.411111 0.4 0.4 0.388889 0.388889 0.388889 0.4 0.4 0.388889 0.4 0.4 0.4 0.4 0.4 0.388889 0.388889 0.388889 0.388889 0.388889 0.377778 0.377778 0.377778 0.388889
0.355556 0.366667 0.366667 0.355556 0.355556 0.355556 0.366667 0.366667 0.366667 0.355556 0.355556 0.355556 0.355556 0.355556 0.355556 0.355556 0.355556 0.355556 0.366667 0.366667 0.355556 0.355556 0.366667 0.366667 0.377778 0.377778 0.388889 0.388889 0.388889 0.388889 0.377778 0.377778 0.366667 0.366667 0.377778 0.377778 0.377778 0.377778 0.388889 0.4 0.4 0.411111 0.411111 0.411111 0.411111 0.411111 0.4 0.4 0.388889 0.388889 0.377778 0.366667 0.377778 0.366667 0.377778 0.377778 0.388889 0.388889 0.388889 0.388889 0.377778 0.388889 0.388889 0.388889 0.388889 0.388889 0.4 0.4 0.4 0.4 0.388889 0.4 0.4 0.411111 0.4 0.4 0.4 0.411111 0.411111 0.4 0.4 0.4 0.411111 0.422222 0.422222
0.377778 0.377778 0.377778 0.377778 0.366667 0.366667 0.366667 0.366667 0.366667 0.366667 0.366667 0.366667 0.377778 0.377778 0.377778 0.377778 0.388889 0.4 0.4 0.4 0.411111 0.4 0.4 0.388889 0.388889 0.388889 0.388889 0.388889 0.4 0.4 0.411111 0.422222 0.411111 0.411111 0.411111 0.411111 0.411111 0.422222 0.433333 0.433333 0.433333 0.422222 0.411111 0.4 0.388889 0.4 0.4 0.4 0.4 0.4 0.388889 0.388889 0.388889 0.4 0.4 0.4 0.4 0.4 0.4 0.4 0.388889 0.388889 0.388889 0.388889 0.388889 0.4 0.4 0.411111 0.411111 0.411111 0.4
0.333333 0.333333 0.333333 0.333333 0.333333 0.333333 0.333333 0.333333 0.322222 0.322222 0.322222 0.322222 0.333333 0.333333 0.344444 0.344444 0.344444 0.344444 0.344444 0.344444 0.355556 0.355556 0.344444 0.344444 0.355556 0.355556 0.355556 0.355556 0.366667 0.377778 0.377778 0.377778 0.388889 0.388889 0.388889 0.377778 0.377778 0.377778 0.377778 0.377778 0.377778 0.377778 0.388889 0.388889 0.388889 0.4 0.4 0.4 0.411111 0.411111 0.4 0.4 0.4 0.4 0.411111 0.411111 0.411111 0.411111 0.411111 0.411111 0.411111 0.422222 0.433333 0.433333 0.444444 0.455556 0.455556 0.455556 0.466667 0.466667 0.466667 0.477778
0.4 0.4 0.4 0.4 0.411111 0.422222 0.422222 0.411111 0.411111 0.422222 0.433333 0.433333 0.444444 0.444444 0.433333 0.433333 0.444444 0.444444 0.455556 0.455556 0.444444 0.444444 0.444444 0.455556
0.388889 0.388889 0.388889 0.388889 0.377778 0.377778 0.377778 0.377778 0.377778 0.388889 0.388889 0.388889 0.4 0.388889 0.388889 0.388889 0.388889 0.388889 0.388889 0.388889 0.4 0.411111 0.411111 0.411111 0.411111 0.422222 0.422222 0.422222 0.422222 0.422222 0.433333 0.422222 0.422222 0.422222 0.433333 0.433333 0.433333 0.422222 0.433333 0.422222 0.433333 0.433333 0.433333 0.444444 0.444444 0.433333 0.433333 0.433333 0.433333 0.433333 0.433333 0.433333 0.422222 0.422222 0.433333 0.444444 0.444444 0.444444 0.444444 0.444444 0.444444 0.444444 0.455556
0.366667 0.366667 0.366667 0.377778 0.377778 0.388889 0.388889 0.4 0.4 0.4 0.4 0.4 0.411111 0.411111 0.411111 0.411111 0.422222 0.422222 0.433333 0.433333 0.433333 0.433333 0.433333 0.422222 0.422222 0.422222 0.422222 0.422222 0.433333 0.444444 0.444444
0.366667 0.366667 0.366667 0.377778 0.366667 0.366667 0.366667 0.377778 0.366667 0.377778 0.377778 0.377778 0.377778 0.377778 0.366667 0.366667 0.366667 0.366667 0.366667 0.366667 0.377778 0.388889 0.388889 0.388889 0.388889 0.388889 0.388889 0.4 0.4 0.4 0.4 0.4 0.4 0.4 0.4 0.4 0.411111 0.411111 0.411111 0.411111 0.411111 0.422222 0.422222 0.433333 0.433333 0.433333 0.433333 0.422222 0.422222 0.422222 0.411111 0.422222 0.422222 0.422222 0.422222 0.422222 0.411111 0.411111 0.411111 0.411111 0.422222 0.422222 0.422222 0.411111 0.411111 0.422222 0.422222 0.422222 0.433333 0.444444 0.444444 0.444444 0.444444 0.444444 0.433333 0.433333 0.444444 0.455556 0.455556 0.455556 0.466667
0.4 0.4 0.4 0.4 0.4 0.4 0.4 0.4 0.4 0.4 0.4 0.4 0.411111 0.411111 0.411111 0.422222 0.422222 0.422222 0.411111 0.411111 0.422222 0.411111 0.411111 0.4 0.411111 0.411111 0.411111 0.411111 0.4 0.411111 0.411111 0.422222 0.422222 0.433333 0.433333 0.433333 0.433333 0.433333 0.444444 0.444444 0.455556 0.466667 0.477778 0.477778 0.488889 0.488889 0.488889
0.355556 0.355556 0.355556 0.355556 0.344444 0.355556 0.355556 0.355556 0.355556 0.355556 0.366667 0.366667 0.366667 0.366667 0.377778 0.388889 0.388889 0.388889 0.388889 0.388889 0.4 0.411111 0.411111 0.411111 0.422222 0.422222 0.433333 0.433333 0.444444 0.455556 0.455556 0.455556
0.411111 0.422222 0.422222 0.433333 0.433333 0.433333 0.433333 0.433333 0.422222 0.422222 0.422222 0.422222 0.422222 0.422222 0.433333 0.433333 0.433333 0.444444 0.444444 0.444444 0.444444 0.444444 0.444444 0.444444 0.444444 0.444444 0.455556 0.455556 0.466667 0.477778 0.488889 0.488889 0.488889 0.488889 0.488889 0.488889 0.5 0.5 0.5
0.422222 0.433333 0.433333 0.444444 0.455556 0.455556 0.444444 0.444444 0.455556 0.455556 0.444444 0.444444 0.444444 0.433333 0.433333 0.433333 0.433333 0.444444 0.444444 0.444444 0.444444 0.433333 0.444444 0.444444 0.433333 0.444444 0.444444 0.455556 0.455556 0.455556 0.466667 0.477778 0.477778 0.488889 0.5 0.488889 0.488889 0.488889 0.5 0.511111 0.488889 0.466667 0.466667
0.388889 0.388889 0.4 0.4 0.4 0.4 0.4 0.411111 0.422222 0.422222 0.422222 0.422222 0.422222 0.422222 0.422222 0.422222 0.422222 0.422222 0.422222 0.422222 0.422222 0.422222 0.422222 0.433333 0.433333 0.433333 0.433333 0.433333 0.433333 0.422222 0.433333 0.422222 0.422222 0.433333 0.433333 0.433333 0.444444 0.444444 0.444444 0.455556 0.455556 0.455556 0.455556 0.455556 0.455556 0.466667 0.466667 0.466667 0.477778 0.477778 0.488889 0.488889 0.488889
0.377778 0.388889 0.388889 0.388889 0.4 0.4 0.4 0.4 0.4 0.4 0.4 0.388889 0.388889 0.388889 0.388889 0.388889 0.388889 0.388889 0.4 0.4 0.4 0.4 0.411111 0.411111 0.411111 0.411111 0.422222 0.422222 0.433333 0.444444 0.444444 0.433333 0.433333 0.433333 0.422222 0.411111 0.411111 0.411111 0.411111 0.4 0.4 0.4 0.4 0.4 0.411111 0.4 0.4 0.4 0.4 0.4 0.4 0.4 0.411111 0.411111 0.411111 0.4 0.388889 0.388889 0.388889 0.388889 0.388889 0.388889 0.388889 0.388889 0.388889 0.4 0.411111 0.4 0.411111 0.411111 0.411111 0.411111 0.4 0.4 0.411111 0.411111 0.422222 0.422222 0.422222 0.422222 0.422222 0.433333 0.444444
0.333333 0.344444 0.344444 0.344444 0.355556 0.355556 0.366667 0.377778 0.388889 0.4 0.411111 0.411111 0.411111 0.4 0.4 0.4 0.4 0.411111 0.422222
0.388889 0.388889 0.388889 0.4 0.4 0.4 0.4 0.4 0.4 0.4 0.4 0.4 0.4 0.4 0.4 0.4 0.4 0.4 0.4 0.4 0.4 0.4 0.4 0.4 0.4 0.4 0.4 0.4 0.411111 0.411111 0.411111 0.411111 0.422222 0.433333 0.433333 0.433333 0.422222 0.422222 0.422222 0.433333 0.433333 0.433333 0.422222 0.422222 0.422222 0.422222 0.422222 0.433333 0.433333 0.433333 0.433333 0.422222 0.422222 0.411111 0.411111 0.422222 0.411111 0.422222 0.422222 0.433333 0.433333 0.433333 0.422222 0.411111 0.4 0.4 0.388889 0.388889 0.388889 0.377778 0.377778 0.366667 0.366667 0.377778
0.377778 0.377778 0.377778 0.377778 0.377778 0.377778 0.388889 0.388889 0.388889 0.388889 0.4 0.4 0.4 0.4 0.4 0.411111 0.411111 0.411111 0.411111 0.422222 0.422222 0.433333 0.433333 0.444444 0.455556 0.466667 0.455556 0.444444 0.444444 0.433333 0.433333 0.422222 0.411111 0.411111 0.422222 0.422222 0.422222 0.422222 0.422222 0.433333 0.444444 0.444444 0.422222 0.433333 0.444444 0.444444 0.444444 0.433333 0.422222 0.4 0.4 0.4 0.4 0.4 0.411111 0.388889 0.377778 0.377778 0.377778 0.388889 0.388889 0.4 0.388889 0.388889
0.344444 0.355556 0.355556 0.355556 0.355556 0.366667 0.366667 0.366667 0.366667 0.355556 0.366667 0.366667 0.366667 0.377778 0.388889 0.388889 0.388889 0.388889 0.4 0.4 0.388889 0.388889 0.4 0.411111 0.411111 0.411111 0.411111 0.411111 0.4 0.4 0.4 0.411111 0.411111 0.422222 0.433333 0.422222 0.422222 0.411111 0.411111 0.411111 0.411111 0.411111 0.411111 0.422222 0.422222 0.422222 0.411111 0.411111 0.422222 0.422222 0.422222 0.422222 0.422222 0.422222 0.422222 0.433333 0.433333
0.366667 0.377778 0.377778 0.388889 0.4 0.388889 0.4 0.4 0.4 0.411111 0.411111 0.411111 0.411111 0.411111 0.411111 0.411111 0.422222 0.422222 0.422222 0.422222 0.433333 0.433333 0.433333 0.433333 0.444444 0.444444 0.455556 0.466667 0.466667 0.477778 0.488889 0.5 0.5 0.5 0.5 0.5 0.488889 0.477778 0.477778 0.477778 0.477778 0.477778 0.488889 0.5 0.511111 0.488889 0.488889 0.477778 0.455556
0.366667 0.366667 0.377778 0.377778 0.377778 0.366667 0.366667 0.366667 0.366667 0.366667 0.366667 0.366667 0.377778 0.377778 0.377778 0.377778 0.377778 0.377778 0.388889 0.388889 0.388889 0.388889 0.388889 0.388889 0.388889 0.4 0.4 0.411111 0.422222 0.433333 0.422222 0.422222 0.422222 0.411111 0.411111 0.411111 0.411111 0.422222 0.422222 0.433333 0.433333 0.433333 0.422222 0.422222 0.433333 0.444444 0.444444 0.433333 0.444444 0.444444
0.355556 0.355556 0.355556 0.355556 0.355556 0.355556 0.355556 0.355556 0.355556 0.355556 0.355556 0.355556 0.355556 0.355556 0.366667 0.366667 0.377778 0.377778 0.366667 0.366667 0.377778 0.388889 0.388889 0.4 0.4 0.4 0.388889 0.388889 0.388889 0.4 0.411111 0.4 0.4 0.4 0.411111 0.411111 0.4 0.4 0.411111 0.411111 0.4 0.4 0.4 0.411111 0.411111 0.422222 0.4 0.4 0.4 0.4 0.4
0.366667 0.377778 0.377778 0.377778 0.377778 0.377778 0.388889 0.388889 0.388889 0.388889 0.4 0.411111 0.411111 0.422222 0.422222 0.422222 0.433333 0.433333 0.444444 0.444444 0.444444 0.444444 0.444444 0.455556 0.455556 0.455556 0.455556 0.455556 0.444444 0.444444 0.455556 0.455556 0.455556 0.466667 0.455556 0.455556 0.455556 0.455556
0.377778 0.377778 0.388889 0.388889 0.388889 0.4 0.411111 0.411111 0.411111 0.422222 0.433333 0.433333 0.433333 0.444444 0.444444 0.455556 0.455556 0.455556 0.455556 0.455556 0.466667 0.477778 0.477778 0.477778 0.477778 0.477778 0.488889 0.5 0.488889 0.488889 0.488889 0.488889 0.477778 0.466667 0.455556 0.444444 0.433333 0.433333 0.422222 0.422222
0.388889 0.388889 0.388889 0.4 0.4 0.4 0.388889 0.388889 0.388889 0.388889 0.388889 0.388889 0.4 0.388889 0.4 0.4 0.411111 0.411111 0.411111 0.411111 0.411111 0.411111 0.411111 0.411111 0.411111 0.411111 0.422222 0.422222 0.422222 0.411111 0.411111 0.411111 0.411111 0.4
0.377778 0.388889 0.4 0.4 0.411111 0.433333 0.433333 0.433333 0.433333 0.433333 0.433333 0.433333 0.433333 0.433333 0.433333 0.433333 0.433333 0.433333 0.433333 0.433333 0.444444 0.444444 0.444444 0.455556 0.444444 0.444444 0.444444 0.444444 0.455556 0.455556 0.444444 0.455556 0.455556 0.444444 0.444444 0.433333 0.422222 0.411111 0.411111 0.411111 0.411111 0.411111 0.411111 0.422222 0.422222 0.433333 0.433333 0.422222 0.422222
0.377778 0.388889 0.411111 0.411111 0.411111 0.4 0.4 0.4 0.411111 0.4 0.4 0.4 0.4 0.4 0.4 0.4 0.4 0.4 0.4 0.4 0.4 0.388889 0.388889 0.4 0.4 0.4 0.4 0.411111 0.411111 0.4 0.4 0.4 0.4 0.388889 0.388889 0.377778 0.377778 0.388889 0.388889 0.388889 0.377778 0.377778 0.388889 0.377778 0.377778 0.377778 0.377778 0.377778 0.377778 0.377778 0.377778 0.377778 0.366667
0.322222 0.333333 0.344444 0.344444 0.344444 0.355556 0.366667 0.377778 0.377778 0.388889 0.388889 0.388889 0.4 0.4 0.4 0.388889 0.388889 0.4 0.4 0.4 0.4 0.4 0.4
0.388889 0.388889 0.4 0.4 0.4 0.4 0.4 0.4 0.4 0.411111 0.411111 0.411111 0.422222 0.422222 0.422222 0.422222 0.422222 0.422222 0.422222 0.422222 0.433333 0.433333 0.433333 0.433333
0.377778 0.388889 0.4 0.4 0.4 0.411111 0.411111 0.411111 0.422222
0.388889 0.388889 0.388889 0.4 0.411111 0.422222 0.422222 0.422222 0.422222 0.422222 0.422222 0.422222 0.422222 0.422222 0.422222 0.422222 0.422222 0.422222 0.422222 0.422222 0.433333 0.433333 0.422222 0.433333 0.433333 0.422222 0.422222 0.433333 0.433333 0.433333 0.433333 0.433333 0.433333 0.433333 0.433333 0.433333 0.422222 0.422222 0.433333 0.433333 0.433333 0.433333 0.433333 0.444444 0.444444 0.444444 0.444444
0.388889 0.388889 0.4 0.4 0.4 0.411111 0.4 0.411111 0.411111 0.422222 0.422222 0.422222 0.422222 0.422222 0.422222 0.411111 0.422222 0.422222 0.422222 0.422222 0.422222 0.422222 0.422222 0.422222 0.433333 0.444444 0.433333 0.433333
0.4 0.4 0.388889 0.388889 0.4 0.4 0.4
0.422222 0.422222 0.411111 0.422222 0.422222 0.422222 0.422222 0.411111 0.4 0.4 0.4 0.4 0.4 0.4 0.4 0.4 0.411111 0.411111 0.411111 0.4 0.4 0.4 0.4 0.4 0.411111 0.4 0.4 0.4 0.411111 0.4 0.4 0.411111 0.411111 0.411111 0.411111 0.411111
0.288889 0.3 0.3 0.3 0.3 0.3 0.3 0.3 0.3 0.311111 0.311111 0.311111 0.311111 0.311111 0.311111 0.3 0.311111 0.311111 0.311111 0.3 0.3 0.3 0.311111 0.3 0.311111 0.322222 0.322222 0.322222 0.322222 0.322222 0.322222 0.322222 0.322222 0.322222 0.322222 0.322222 0.333333 0.333333 0.333333 0.333333 0.333333 0.333333 0.344444 0.344444 0.344444 0.344444 0.344444 0.344444 0.344444 0.355556 0.355556 0.355556 0.344444 0.355556 0.355556 0.366667 0.366667 0.377778 0.377778 0.366667 0.366667 0.355556 0.355556 0.366667 0.377778 0.388889 0.388889 0.4 0.388889 0.4
0.288889 0.288889 0.288889 0.277778 0.277778 0.277778 0.277778 0.277778 0.277778 0.277778 0.277778 0.277778 0.288889 0.288889 0.288889 0.3 0.3 0.3 0.311111 0.311111 0.322222 0.322222 0.322222 0.333333 0.333333 0.333333 0.322222 0.333333 0.333333 0.333333 0.333333 0.333333 0.344444 0.344444 0.344444 0.344444 0.333333 0.344444 0.344444 0.355556 0.344444 0.344444 0.344444 0.344444 0.355556 0.355556 0.355556 0.355556 0.344444 0.344444 0.344444 0.344444 0.344444 0.344444 0.344444 0.344444 0.344444 0.344444 0.333333 0.333333 0.344444 0.344444 0.344444 0.355556 0.355556 0.366667 0.366667 0.377778 0.377778 0.377778 0.388889 0.388889 0.4 0.4 0.4 0.4 0.4 0.411111 0.422222 0.433333 0.433333 0.433333 0.444444 0.444444 0.444444
0.311111 0.311111 0.311111 0.311111 0.311111 0.311111 0.3 0.3 0.3 0.3 0.3 0.3 0.3 0.3 0.3 0.3 0.288889 0.288889 0.288889 0.288889 0.3 0.3 0.3 0.3 0.3 0.3 0.3 0.3 0.311111 0.311111 0.311111 0.311111 0.3 0.3 0.3 0.3 0.3 0.3 0.3 0.3 0.311111 0.3 0.3 0.3 0.311111 0.311111 0.311111 0.311111 0.311111 0.322222 0.322222 0.322222 0.333333 0.333333 0.333333 0.333333 0.333333 0.333333 0.333333 0.333333 0.344444 0.344444 0.333333 0.333333 0.344444 0.344444 0.344444 0.333333 0.333333 0.333333 0.333333 0.333333 0.333333 0.344444 0.344444 0.344444 0.344444 0.333333 0.333333 0.333333 0.333333 0.333333 0.333333 0.322222 0.322222 0.322222 0.333333 0.333333 0.344444 0.344444 0.344444 0.344444 0.344444 0.344444 0.355556 0.366667 0.366667 0.377778 0.377778 0.388889 0.4 0.4 0.411111 0.411111 0.411111 0.422222 0.422222 0.422222 0.422222 0.411111 0.422222 0.422222 0.422222 0.422222 0.422222 0.422222 0.411111 0.411111 0.411111 0.4 0.4
0.3 0.3 0.288889 0.288889 0.3 0.3 0.288889 0.288889 0.3 0.3 0.3 0.3 0.3 0.3 0.3 0.3 0.3 0.3 0.311111 0.311111 0.311111 0.3 0.3 0.3 0.311111 0.311111 0.322222 0.322222 0.322222 0.311111 0.311111 0.311111 0.311111 0.311111 0.311111 0.311111 0.311111 0.311111 0.311111 0.311111 0.322222 0.322222 0.322222 0.322222 0.322222 0.322222 0.333333 0.333333 0.333333 0.344444 0.344444 0.344444 0.344444 0.344444 0.344444 0.344444 0.355556 0.355556 0.355556 0.355556 0.366667 0.377778 0.366667 0.355556 0.355556 0.366667 0.366667 0.377778 0.377778 0.377778 0.388889 0.4 0.4 0.4 0.411111 0.411111 0.411111 0.422222 0.422222 0.422222 0.411111 0.422222 0.433333 0.433333 0.433333 0.433333 0.433333
0.3 0.311111 0.3 0.3 0.311111 0.3 0.311111 0.311111 0.311111 0.311111 0.311111 0.311111 0.311111 0.311111 0.311111 0.322222 0.311111 0.311111 0.322222 0.322222 0.333333 0.333333 0.333333 0.322222 0.322222 0.322222 0.322222 0.322222 0.311111 0.322222 0.322222 0.322222 0.322222 0.322222 0.322222 0.333333 0.322222 0.333333 0.333333 0.344444 0.344444 0.344444 0.355556 0.355556 0.355556 0.355556 0.366667 0.366667 0.366667 0.355556 0.355556 0.366667 0.366667 0.366667 0.366667 0.377778 0.377778 0.377778 0.377778 0.388889 0.388889 0.4 0.4 0.411111 0.411111 0.422222 0.422222 0.433333 0.433333 0.433333 0.433333 0.444444 0.444444 0.455556 0.466667 0.477778 0.477778 0.477778 0.477778
0.277778 0.277778 0.277778 0.277778 0.277778 0.277778 0.277778 0.277778 0.277778 0.277778 0.277778 0.288889 0.288889 0.288889 0.277778 0.277778 0.277778 0.277778 0.277778 0.277778 0.277778 0.277778 0.277778 0.288889 0.288889 0.3 0.3 0.3 0.3 0.3 0.3 0.3 0.3 0.3 0.3 0.311111 0.311111 0.311111 0.311111 0.311111 0.322222 0.322222 0.322222 0.322222 0.322222 0.322222 0.322222 0.333333 0.333333 0.344444 0.344444 0.344444 0.344444 0.344444 0.344444 0.344444 0.344444 0.344444 0.344444 0.344444 0.344444 0.344444 0.344444 0.344444 0.344444 0.355556 0.344444 0.344444 0.344444 0.344444 0.344444 0.344444 0.344444 0.344444 0.355556 0.366667 0.366667 0.377778 0.377778 0.377778 0.377778 0.388889 0.388889 0.4 0.4 0.411111 0.411111 0.422222 0.433333 0.433333 0.444444 0.455556
0.288889 0.288889 0.288889 0.277778 0.277778 0.277778 0.277778 0.277778 0.277778 0.277778 0.277778 0.277778 0.288889 0.288889 0.288889 0.288889 0.288889 0.277778 0.277778 0.277778 0.277778 0.277778 0.277778 0.277778 0.288889 0.288889 0.288889 0.288889 0.288889 0.288889 0.288889 0.288889 0.288889 0.288889 0.288889 0.288889 0.3 0.311111 0.311111 0.311111 0.311111 0.311111 0.311111 0.311111 0.322222 0.322222 0.322222 0.322222 0.322222 0.344444 0.344444 0.333333 0.333333 0.333333 0.344444 0.344444 0.355556 0.355556 0.344444 0.344444 0.355556 0.355556 0.366667 0.366667 0.366667 0.366667 0.366667 0.366667 0.366667 0.366667 0.355556 0.366667 0.366667 0.377778 0.377778 0.388889 0.388889 0.4 0.4 0.4 0.411111 0.411111 0.411111 0.411111 0.4 0.4
0.3 0.3 0.3 0.3 0.3 0.3 0.3 0.3 0.3 0.3 0.3 0.3 0.3 0.3 0.3 0.311111 0.311111 0.322222 0.322222 0.322222 0.333333 0.333333 0.344444 0.355556 0.355556 0.366667 0.366667 0.366667 0.366667 0.366667 0.366667 0.366667 0.366667 0.366667 0.366667 0.366667 0.366667 0.366667 0.366667 0.366667 0.366667 0.366667 0.355556 0.366667 0.366667 0.366667 0.366667 0.366667 0.366667 0.366667 0.366667 0.366667 0.377778 0.377778 0.377778 0.377778 0.388889 0.4 0.4 0.4 0.388889 0.4 0.4 0.4 0.411111 0.411111 0.411111 0.411111 0.422222 0.433333 0.422222 0.433333
0.3 0.3 0.3 0.3 0.311111 0.3 0.3 0.3 0.311111 0.311111 0.311111 0.311111 0.311111 0.3 0.311111 0.311111 0.322222 0.322222 0.322222 0.322222 0.322222 0.322222 0.322222 0.333333 0.333333 0.333333 0.333333 0.333333 0.344444 0.344444 0.344444 0.344444 0.344444 0.344444 0.344444 0.344444 0.344444 0.355556 0.355556 0.355556 0.355556 0.355556 0.355556 0.355556 0.366667 0.377778 0.366667 0.377778 0.377778 0.388889 0.4 0.4 0.411111 0.411111 0.411111 0.411111 0.411111 0.4 0.411111 0.411111 0.422222 0.411111 0.422222 0.433333 0.433333 0.433333 0.422222 0.411111 0.411111 0.4 0.388889 0.4 0.388889 0.388889
0.288889 0.288889 0.288889 0.3 0.3 0.3 0.311111 0.311111 0.311111 0.311111 0.311111 0.311111 0.311111 0.311111 0.3 0.3 0.3 0.3 0.3 0.3 0.3 0.3 0.3 0.3 0.3 0.3 0.311111 0.3 0.311111 0.3 0.311111 0.311111 0.322222 0.322222 0.322222 0.322222 0.322222 0.333333 0.333333 0.333333 0.344444 0.355556 0.355556 0.344444 0.355556 0.355556 0.355556 0.355556 0.355556 0.355556 0.366667 0.366667 0.355556 0.355556 0.355556 0.355556 0.366667 0.366667 0.366667 0.366667 0.366667 0.366667 0.366667 0.366667 0.377778 0.377778 0.388889 0.388889 0.4 0.4 0.411111 0.411111 0.411111 0.411111 0.411111 0.422222 0.422222 0.422222 0.422222 0.433333 0.433333 0.444444 0.444444
0.411111 0.411111 0.422222 0.411111 0.422222 0.422222 0.422222 0.422222 0.422222 0.433333 0.433333 0.433333 0.433333 0.433333 0.433333 0.433333 0.444444 0.433333 0.444444 0.455556 0.455556 0.444444 0.444444 0.455556 0.455556 0.466667 0.477778 0.477778 0.488889 0.488889 0.5 0.5 0.5 0.5 0.511111 0.522222 0.533333
0.411111 0.411111 0.411111 0.411111 0.411111 0.411111 0.411111 0.4 0.411111 0.4 0.4 0.4 0.4 0.4 0.4 0.4 0.4 0.4 0.411111 0.411111 0.411111 0.422222 0.411111 0.422222 0.422222 0.422222 0.422222 0.433333 0.433333 0.433333 0.433333 0.444444 0.455556 0.455556 0.455556 0.455556 0.466667 0.466667 0.477778 0.477778 0.477778 0.477778 0.488889 0.488889 0.488889 0.488889
0.388889 0.388889 0.4 0.411111 0.411111 0.422222 0.422222 0.422222 0.422222 0.422222 0.422222 0.422222 0.422222 0.422222 0.422222 0.422222 0.422222 0.422222 0.422222 0.422222 0.422222 0.422222 0.433333 0.444444 0.444444 0.444444 0.444444 0.444444 0.455556 0.466667 0.466667 0.455556 0.455556 0.444444 0.444444 0.444444 0.444444 0.444444 0.444444 0.444444 0.444444 0.455556 0.444444 0.455556 0.455556 0.455556 0.455556 0.466667 0.466667 0.466667 0.466667 0.444444 0.444444 0.444444 0.433333 0.422222 0.433333 0.433333 0.433333 0.433333 0.433333 0.433333 0.411111 0.411111 0.422222
0.422222 0.422222 0.422222 0.422222 0.422222 0.422222 0.433333 0.422222 0.422222 0.422222 0.422222 0.422222 0.411111 0.411111 0.411111 0.411111 0.411111 0.411111 0.411111 0.411111 0.422222 0.422222 0.422222 0.422222 0.422222 0.422222 0.433333 0.433333 0.433333 0.433333 0.444444 0.444444 0.444444 0.433333 0.433333 0.433333 0.444444 0.444444 0.444444 0.455556 0.466667 0.477778 0.488889 0.488889 0.5 0.488889 0.477778 0.477778 0.466667 0.466667 0.466667 0.466667 0.466667 0.466667 0.466667
0.4 0.411111 0.422222 0.422222 0.433333 0.422222 0.433333 0.433333 0.433333 0.422222 0.422222 0.422222 0.433333 0.433333 0.433333 0.433333 0.433333 0.433333 0.433333 0.422222 0.422222 0.422222 0.422222 0.422222 0.422222 0.422222 0.422222 0.422222 0.422222 0.422222 0.433333 0.433333 0.433333 0.433333 0.444444 0.444444 0.444444 0.433333 0.433333 0.444444 0.455556 0.455556 0.444444 0.455556 0.455556 0.455556 0.466667 0.466667 0.455556 0.466667 0.466667 0.455556 0.455556 0.466667 0.466667 0.477778 0.477778 0.488889 0.488889 0.488889 0.5 0.5 0.488889 0.488889 0.466667 0.466667 0.477778 0.466667 0.477778 0.477778 0.477778 0.466667
0.388889 0.388889 0.388889 0.388889 0.388889 0.388889 0.388889 0.4 0.4 0.4 0.4 0.4 0.411111 0.411111 0.411111 0.411111 0.422222 0.433333 0.433333 0.444444 0.444444 0.444444 0.444444 0.444444 0.444444 0.444444 0.444444 0.444444 0.444444 0.444444 0.455556
0.377778 0.377778 0.388889 0.388889 0.4 0.4 0.4 0.4 0.4 0.4 0.4 0.388889 0.388889 0.377778 0.388889 0.388889 0.4 0.388889 0.388889 0.388889 0.388889 0.4 0.4 0.4 0.4 0.411111 0.411111 0.411111 0.411111 0.411111 0.422222 0.433333 0.433333 0.433333 0.422222 0.422222 0.422222 0.411111 0.411111 0.411111 0.422222 0.422222 0.433333 0.444444 0.444444 0.444444 0.444444 0.455556 0.455556 0.455556
0.388889 0.4 0.4 0.4 0.4 0.4 0.411111 0.411111 0.422222 0.422222 0.433333 0.433333 0.433333 0.433333 0.433333 0.433333 0.433333 0.444444 0.444444 0.455556 0.455556 0.455556 0.466667 0.466667 0.477778 0.488889 0.488889 0.5 0.488889 0.5 0.5 0.511111 0.511111
0.411111 0.4 0.411111 0.4 0.4 0.4 0.4 0.4 0.4 0.4 0.4 0.4 0.4 0.4 0.4 0.4 0.4 0.411111 0.411111 0.411111 0.411111 0.422222 0.422222 0.433333 0.433333 0.444444 0.455556 0.455556 0.455556 0.455556 0.466667 0.477778 0.466667 0.477778
0.4 0.388889 0.4 0.4 0.4 0.411111 0.411111 0.411111 0.411111 0.411111 0.422222 0.411111 0.422222 0.422222 0.433333 0.444444 0.455556 0.455556 0.455556 0.466667 0.466667 0.466667 0.477778 0.488889 0.488889 0.5 0.5 0.511111 0.522222
