-0.88948
-0.85894
-0.91305
-0.84955
-0.85814
-0.84028
-0.81452
-0.85580
-0.84880
-0.83851
-0.86812
-0.81827
-0.80086
-0.83640
-0.80223
-0.79654
-0.88419
-0.73164
-0.70820
-0.77444
-0.81354
-0.87385
-0.78425
-0.78969
-0.84879
-0.75518
-0.83934
-0.86431
-0.78735
-0.74465
-0.85312
-0.76680
-0.85625
-0.87274
-0.82179
-0.84079
-0.75954
-0.81208
-0.86725
-0.84387
-0.95528
-0.96372
-0.97816
-0.95422
-0.90995
-0.99181
-0.99006
-0.92366
-0.91822
-0.95749
-0.73631
-0.77136
-0.73774
-0.74371
-0.73024
-0.81819
-0.82248
-0.74949
-0.79112
-0.77371
