-0.22817
-0.18923
-0.25107
-0.19625
-0.16901
-0.19013
-0.20664
-0.17641
-0.18419
-0.16984
-0.14911
-0.14707
-0.16998
-0.17021
-0.14749
-0.13457
-0.19081
-0.12009
-0.14662
-0.12083
-0.18385
-0.20956
-0.17957
-0.16926
-0.20932
-0.16409
-0.19071
-0.19291
-0.14733
-0.16259
-0.22271
-0.20389
-0.21539
-0.25343
-0.21881
-0.21726
-0.14680
-0.20375
-0.20756
-0.23161
-0.21835
-0.22739
-0.25238
-0.23599
-0.23426
-0.22639
-0.22508
-0.20700
-0.20766
-0.22803
-0.16413
-0.15961
-0.18769
-0.16169
-0.16420
-0.19049
-0.22515
-0.16611
-0.17017
-0.16893
