-0.98274
-0.98501
-1.00406
-0.92345
-0.95530
-0.95316
-0.91535
-0.95408
-0.96020
-0.94695
-0.98385
-0.87500
-0.90413
-0.93332
-0.91292
-0.88570
-0.96365
-0.82134
-0.80542
-0.86488
-0.91251
-0.98528
-0.90333
-0.89946
-0.93990
-0.84820
-0.93204
-0.96774
-0.87655
-0.83754
-0.94241
-0.86829
-0.95806
-0.98379
-0.90911
-0.94007
-0.86773
-0.89958
-0.94648
-0.93034
-1.10424
-1.07859
-1.09672
-1.08900
-1.04145
-1.11839
-1.13040
-1.04074
-1.04529
-1.07805
-0.82398
-0.86052
-0.84701
-0.84673
-0.82827
-0.90076
-0.91212
-0.83636
-0.88035
-0.85453
