-0.30338
-0.25269
-0.34000
-0.27996
-0.26814
-0.26111
-0.28825
-0.25541
-0.26629
-0.25716
-0.24635
-0.22309
-0.23980
-0.25342
-0.21251
-0.19068
-0.29013
-0.18346
-0.20759
-0.19224
-0.24618
-0.27943
-0.25216
-0.23702
-0.29241
-0.25334
-0.28861
-0.26384
-0.21861
-0.22751
-0.32866
-0.26107
-0.30278
-0.34095
-0.29893
-0.31232
-0.20827
-0.27474
-0.29763
-0.31669
-0.30732
-0.33636
-0.34498
-0.32919
-0.32227
-0.31859
-0.32341
-0.31894
-0.29406
-0.32402
-0.22994
-0.21963
-0.25788
-0.22751
-0.23228
-0.25983
-0.29784
-0.23726
-0.24963
-0.23326
