-0.18065
-0.14649
-0.19866
-0.16317
-0.14439
-0.14955
-0.15722
-0.14467
-0.14349
-0.12836
-0.11251
-0.11464
-0.13359
-0.13632
-0.10853
-0.09008
-0.14936
-0.08486
-0.10561
-0.08940
-0.13838
-0.16464
-0.15363
-0.13758
-0.16417
-0.14347
-0.15707
-0.14771
-0.11821
-0.14258
-0.19890
-0.15561
-0.18071
-0.21819
-0.18107
-0.18010
-0.10530
-0.15943
-0.14138
-0.18684
-0.17404
-0.19488
-0.21860
-0.19484
-0.18841
-0.17779
-0.17562
-0.17994
-0.16002
-0.18770
-0.12047
-0.12654
-0.14602
-0.13804
-0.12694
-0.16219
-0.19303
-0.12700
-0.14468
-0.11075
