-0.04296
-0.05658
-0.06444
-0.04084
-0.02949
-0.04304
-0.03526
-0.02954
-0.03065
-0.02823
-0.01785
-0.02557
-0.04595
-0.03436
-0.03138
-0.02118
-0.03748
-0.02253
-0.04678
-0.01738
-0.04055
-0.04208
-0.04533
-0.03759
-0.04505
-0.04174
-0.04143
-0.03820
-0.03892
-0.04150
-0.07372
-0.04770
-0.05503
-0.05529
-0.04749
-0.04224
-0.02723
-0.05289
-0.03019
-0.05274
-0.03616
-0.04715
-0.05848
-0.05360
-0.04397
-0.02492
-0.02578
-0.03570
-0.03778
-0.04055
-0.01635
-0.02134
-0.04268
-0.04283
-0.04590
-0.05154
-0.07991
-0.04393
-0.02681
-0.03146
