0.4 0.4 0.4 0.42 0.4 0.4 0.4 0.4 0.4 0.4 0.4 0.4 0.4 0.4 0.4 0.4 0.4 0.4 0.4 0.4 0.4 0.38 0.38 0.38 0.38 0.38 0.38 0.38 0.38 0.38 0.38 0.38 0.38 0.38 0.38 0.4 0.38 0.38 0.36 0.36 0.36 0.38 0.36 0.38 0.38 0.38 0.38 0.38 0.38 0.38 0.4 0.4 0.4 0.4 0.4 0.4 0.4 0.4 0.4 0.4 0.4 0.4 0.4 0.4 0.42 0.42 0.42 0.44 0.46 0.48 0.48 0.5 0.48 0.48 0.48 0.46 0.46 0.46 0.46 0.44 0.46 0.48 0.48 0.5 0.5 0.52 0.52 0.54 0.54 0.54 0.54 0.54 0.54 0.56 0.56 0.56 0.54 0.54 0.54 0.54 0.54 0.54 0.54 0.56
0.4 0.4 0.42 0.42 0.42 0.4 0.42 0.4 0.4 0.4 0.4 0.42 0.42 0.4 0.4 0.4 0.42 0.42 0.42 0.42 0.4 0.4 0.42 0.4 0.4 0.4 0.4 0.4 0.4 0.4 0.4 0.4 0.4 0.4 0.4 0.4 0.4 0.4 0.4 0.4 0.4 0.42 0.4 0.4 0.4 0.42 0.4 0.4 0.4 0.4 0.4 0.4 0.4 0.4 0.4 0.4 0.4 0.42 0.42 0.42 0.42 0.44 0.44 0.44 0.46 0.46 0.48 0.5 0.52 0.52 0.54 0.54 0.54 0.54 0.54 0.54 0.56 0.56 0.56 0.56 0.54 0.54 0.56 0.56 0.56 0.56 0.54 0.56 0.56 0.56 0.56 0.52 0.5 0.48 0.46 0.46 0.46 0.48 0.46 0.46 0.46 0.44 0.42 0.4 0.4 0.4 0.42 0.44 0.42 0.44 0.44 0.44 0.44 0.44 0.44 0.46 0.46 0.48 0.5 0.5 0.5 0.52 0.52 0.54 0.54
0.42 0.42 0.42 0.42 0.42 0.42 0.42 0.42 0.42 0.42 0.42 0.44 0.42 0.42 0.42 0.42 0.42 0.42 0.42 0.42 0.4 0.4 0.4 0.4 0.4 0.4 0.4 0.4 0.4 0.4 0.4 0.4 0.4 0.4 0.4 0.38 0.38 0.4 0.4 0.4 0.38 0.4 0.38 0.38 0.38 0.38 0.38 0.38 0.38 0.38 0.38 0.36 0.36 0.36 0.38 0.36 0.36 0.36 0.36 0.36 0.36 0.36 0.36 0.36 0.38 0.38 0.4 0.4 0.42 0.42 0.42 0.42 0.42 0.42 0.42 0.42 0.4 0.42 0.44 0.44 0.44 0.46 0.48 0.48 0.48 0.48 0.48 0.46 0.46 0.48 0.5 0.52 0.52 0.5 0.5 0.5 0.5 0.52 0.52 0.52 0.54 0.54 0.54 0.54
0.4 0.42 0.42 0.42 0.42 0.42 0.42 0.4 0.4 0.42 0.42 0.42 0.4 0.42 0.42 0.4 0.4 0.4 0.4 0.4 0.4 0.4 0.38 0.38 0.38 0.38 0.4 0.4 0.38 0.38 0.38 0.4 0.4 0.42 0.4 0.4 0.4 0.4 0.4 0.4 0.4 0.4 0.4 0.38 0.4 0.38 0.4 0.4 0.4 0.4 0.42 0.42 0.42 0.42 0.42 0.42 0.42 0.44 0.44 0.46 0.48 0.5 0.52 0.52 0.52 0.52 0.52 0.54 0.56 0.56 0.56 0.58 0.58 0.58 0.58 0.56 0.54 0.54 0.54 0.54 0.52 0.54 0.54 0.54 0.56 0.54 0.54 0.54 0.54 0.54 0.54 0.54
0.4 0.4 0.4 0.4 0.4 0.4 0.4 0.4 0.4 0.4 0.42 0.42 0.4 0.4 0.4 0.4 0.4 0.38 0.38 0.38 0.38 0.38 0.38 0.38 0.38 0.38 0.38 0.38 0.38 0.38 0.36 0.36 0.36 0.36 0.36 0.36 0.36 0.36 0.38 0.36 0.36 0.36 0.38 0.38 0.38 0.38 0.38 0.38 0.4 0.4 0.4 0.4 0.4 0.4 0.4 0.4 0.42 0.42 0.42 0.42 0.42 0.44 0.44 0.44 0.44 0.46 0.44 0.44 0.46 0.48 0.5 0.5 0.5 0.48 0.48 0.48 0.48 0.5 0.52 0.52 0.54 0.54 0.56 0.56 0.58 0.56 0.56 0.54 0.54 0.54 0.54 0.54 0.54 0.56 0.56 0.54 0.52 0.5 0.48 0.48 0.46 0.46 0.46 0.46 0.48 0.48 0.48 0.5 0.48 0.5 0.48 0.5 0.5 0.5 0.5 0.5 0.52 0.54
0.4 0.42 0.42 0.42 0.42 0.42 0.42 0.42 0.42 0.44 0.44 0.44 0.44 0.44 0.44 0.44 0.44 0.44 0.44 0.44 0.44 0.44 0.44 0.44 0.46 0.46 0.46 0.46 0.46 0.46 0.46 0.46 0.46 0.46 0.46 0.46 0.44 0.44 0.44 0.44 0.44 0.44 0.44 0.44 0.42 0.42 0.42 0.44 0.44 0.44 0.44 0.44 0.44 0.42 0.42 0.44 0.44 0.44 0.44 0.44 0.42 0.42 0.42 0.42 0.42 0.4 0.4 0.42 0.42 0.4 0.4 0.42 0.4 0.4 0.42 0.42 0.42 0.42 0.44 0.46 0.46 0.48 0.5 0.5 0.48 0.5 0.5 0.52 0.52 0.54 0.52 0.52 0.5 0.5 0.5 0.52 0.52 0.54 0.54 0.52 0.52 0.5 0.5 0.48 0.44 0.42 0.42 0.4 0.38 0.36 0.38 0.38 0.38 0.4 0.4 0.42 0.42 0.4 0.4 0.42 0.42 0.42 0.44 0.46 0.46 0.48 0.5 0.52 0.54 0.56 0.56 0.58
0.4 0.42 0.42 0.42 0.42 0.42 0.42 0.42 0.42 0.42 0.42 0.42 0.42 0.42 0.42 0.42 0.42 0.42 0.42 0.42 0.42 0.42 0.42 0.42 0.42 0.42 0.42 0.42 0.4 0.4 0.4 0.4 0.4 0.4 0.4 0.4 0.4 0.38 0.4 0.4 0.4 0.4 0.4 0.4 0.4 0.4 0.4 0.4 0.42 0.42 0.42 0.42 0.42 0.42 0.42 0.42 0.42 0.42 0.42 0.42 0.42 0.42 0.42 0.42 0.42 0.42 0.42 0.42 0.44 0.44 0.46 0.48 0.48 0.5 0.52 0.52 0.52 0.52 0.54 0.56 0.56 0.58 0.58 0.58 0.58 0.58 0.56 0.56 0.54 0.52 0.52 0.54 0.56 0.54 0.56 0.56 0.54 0.52 0.52 0.52 0.52 0.52 0.54 0.54 0.52 0.52 0.52 0.5 0.52 0.52 0.52 0.52 0.52 0.52
0.38 0.4 0.4 0.4 0.4 0.4 0.4 0.4 0.4 0.4 0.4 0.4 0.4 0.4 0.4 0.4 0.38 0.4 0.4 0.4 0.4 0.4 0.42 0.42 0.42 0.42 0.4 0.4 0.4 0.4 0.4 0.4 0.4 0.4 0.4 0.4 0.4 0.4 0.4 0.4 0.42 0.42 0.42 0.42 0.42 0.42 0.4 0.4 0.4 0.4 0.4 0.42 0.42 0.42 0.42 0.42 0.4 0.42 0.42 0.42 0.44 0.44 0.46 0.46 0.48 0.5 0.5 0.52 0.54 0.54 0.56 0.56 0.54 0.54 0.54 0.52 0.5 0.48 0.5 0.5 0.52 0.52 0.52 0.5 0.48 0.48 0.48 0.5 0.5 0.48 0.5 0.48 0.48 0.48 0.48 0.46 0.46 0.46 0.48 0.48 0.5 0.5 0.52 0.52
0.42 0.42 0.42 0.42 0.42 0.42 0.44 0.44 0.44 0.44 0.44 0.44 0.44 0.44 0.44 0.44 0.44 0.44 0.42 0.42 0.42 0.42 0.4 0.4 0.4 0.4 0.4 0.4 0.4 0.4 0.4 0.4 0.38 0.4 0.4 0.4 0.4 0.4 0.4 0.4 0.4 0.4 0.4 0.4 0.38 0.38 0.4 0.4 0.4 0.38 0.38 0.38 0.38 0.38 0.38 0.38 0.38 0.38 0.38 0.38 0.4 0.4 0.4 0.42 0.42 0.44 0.44 0.44 0.44 0.44 0.44 0.44 0.42 0.42 0.42 0.44 0.46 0.46 0.48 0.48 0.5 0.5 0.5 0.52 0.5 0.48 0.48 0.48 0.48 0.46 0.46 0.44 0.46 0.46 0.48 0.5 0.5 0.5 0.5 0.5 0.48 0.5 0.5 0.52 0.52 0.52 0.52 0.54 0.54 0.54 0.54 0.54 0.56 0.56 0.56 0.58 0.58 0.58 0.58 0.58 0.6 0.6 0.6 0.62 0.6
0.42 0.42 0.42 0.44 0.42 0.42 0.42 0.42 0.44 0.44 0.44 0.44 0.42 0.42 0.42 0.42 0.42 0.42 0.42 0.42 0.42 0.42 0.42 0.42 0.42 0.42 0.42 0.42 0.4 0.4 0.4 0.4 0.4 0.4 0.4 0.4 0.4 0.4 0.4 0.42 0.42 0.4 0.4 0.42 0.42 0.42 0.4 0.4 0.38 0.38 0.38 0.38 0.38 0.38 0.4 0.4 0.4 0.42 0.42 0.44 0.44 0.44 0.44 0.44 0.44 0.44 0.44 0.44 0.46 0.46 0.48 0.5 0.5 0.48 0.48 0.46 0.48 0.48 0.5 0.5 0.52 0.5 0.48 0.48 0.48 0.48 0.48 0.5 0.5 0.5 0.5 0.5 0.5 0.5 0.52 0.52 0.52 0.54 0.54 0.56 0.54 0.54 0.54 0.54 0.54 0.56 0.56 0.58 0.58 0.58 0.6
0.42 0.42 0.42 0.42 0.42 0.42 0.4 0.4 0.38 0.38 0.38 0.38 0.38 0.38 0.38 0.38 0.38 0.38 0.38 0.38 0.38 0.38 0.38 0.38 0.38 0.38 0.38 0.38 0.4 0.4 0.4 0.4 0.4 0.4 0.4 0.4 0.4 0.4 0.4 0.4 0.4 0.4 0.4 0.4 0.4 0.4 0.4 0.4 0.4 0.42 0.4 0.42 0.42 0.4 0.4 0.4 0.4 0.38 0.38 0.4 0.4 0.4 0.4 0.4 0.4 0.4 0.4 0.42 0.42 0.42 0.42 0.44 0.42 0.42 0.44 0.42 0.42 0.44 0.44 0.44 0.46 0.46 0.46 0.48 0.48 0.5 0.5 0.5 0.5 0.52 0.52 0.52 0.52 0.54 0.54 0.54 0.54 0.54 0.54 0.54 0.54 0.54 0.56 0.56 0.58 0.58 0.6 0.62 0.64 0.64 0.62 0.64
0.42 0.42 0.4 0.42 0.42 0.42 0.42 0.42 0.42 0.42 0.42 0.42 0.42 0.42 0.4 0.4 0.4 0.4 0.42 0.42 0.42 0.42 0.42 0.42 0.44 0.42 0.42 0.42 0.42 0.42 0.42 0.42 0.42 0.42 0.42 0.42 0.42 0.42 0.42 0.42 0.44 0.44 0.44 0.44 0.46 0.46 0.48 0.48 0.48 0.5 0.52 0.54 0.56 0.58 0.58 0.56 0.58 0.58 0.58 0.58 0.58 0.6 0.6 0.6
0.42 0.42 0.42 0.42 0.42 0.42 0.42 0.42 0.44 0.44 0.44 0.44 0.44 0.44 0.44 0.44 0.46 0.46 0.44 0.44 0.44 0.44 0.44 0.44 0.42 0.44 0.42 0.42 0.42 0.4 0.4 0.4 0.4 0.4 0.4 0.4 0.42 0.4 0.4 0.4 0.4 0.42 0.42 0.42 0.4 0.4 0.4 0.42 0.42 0.44 0.44 0.44 0.44 0.44 0.46 0.46 0.46 0.46 0.48 0.48 0.5 0.5 0.52 0.52 0.52 0.52 0.52 0.52 0.52 0.54 0.54 0.54 0.54 0.52 0.52 0.52 0.52 0.52 0.52 0.52 0.52 0.52 0.54 0.54 0.54 0.54 0.54 0.54 0.54 0.52 0.52 0.52 0.52 0.54 0.56 0.58 0.58 0.58 0.6 0.6 0.6 0.62 0.62
0.4 0.4 0.4 0.4 0.4 0.4 0.4 0.4 0.42 0.42 0.42 0.42 0.44 0.44 0.44 0.46 0.46 0.46 0.44 0.44 0.44 0.44 0.44 0.44 0.44 0.44 0.44 0.44 0.42 0.42 0.42 0.42 0.42 0.42 0.42 0.42 0.42 0.42 0.4 0.42 0.42 0.42 0.42 0.42 0.42 0.42 0.44 0.44 0.44 0.44 0.44 0.46 0.44 0.46 0.46 0.48 0.48 0.5 0.5 0.52 0.52 0.54 0.56 0.56 0.54 0.54 0.54 0.56 0.56 0.58 0.58
0.44 0.46 0.44 0.44 0.44 0.44 0.44 0.46 0.46 0.46 0.46 0.46 0.46 0.48 0.46 0.48 0.46 0.48 0.48 0.48 0.48 0.48 0.48 0.48 0.48 0.48 0.48 0.48 0.48 0.46 0.46 0.46 0.46 0.46 0.46 0.44 0.46 0.44 0.46 0.44 0.46 0.46 0.44 0.44 0.44 0.44 0.46 0.46 0.46 0.46 0.46 0.46 0.46 0.44 0.44 0.44 0.44 0.44 0.42 0.42 0.42 0.4 0.4 0.4 0.4 0.4 0.4 0.4 0.42 0.42 0.42 0.42 0.42 0.42 0.42 0.44 0.44 0.44 0.46 0.46 0.46 0.48 0.5 0.52 0.52 0.52 0.5 0.5 0.5 0.5 0.5 0.5 0.5 0.5 0.5 0.5 0.5 0.5 0.5 0.5 0.5 0.5 0.5 0.5 0.52 0.54 0.54 0.56 0.56 0.58 0.58 0.6 0.58 0.58 0.56 0.54 0.56 0.56 0.56 0.56 0.58
0.42 0.42 0.42 0.42 0.42 0.44 0.44 0.42 0.42 0.42 0.44 0.42 0.44 0.44 0.44 0.44 0.42 0.42 0.42 0.42 0.42 0.42 0.42 0.4 0.4 0.4 0.4 0.4 0.4 0.4 0.4 0.42 0.42 0.42 0.42 0.42 0.42 0.42 0.42 0.42 0.44 0.42 0.42 0.42 0.42 0.44 0.44 0.44 0.44 0.46 0.46 0.48 0.48 0.5 0.5 0.5 0.52 0.52 0.52 0.52 0.52 0.52 0.52 0.52 0.54 0.54 0.52 0.52 0.52 0.54 0.54 0.54 0.54 0.54 0.54 0.54 0.54 0.54 0.56 0.56 0.58 0.58 0.6 0.6 0.62 0.64 0.64
0.38 0.38 0.38 0.38 0.38 0.38 0.38 0.38 0.38 0.38 0.38 0.38 0.36 0.36 0.36 0.36 0.38 0.36 0.38 0.38 0.38 0.38 0.38 0.38 0.38 0.38 0.38 0.36 0.36 0.36 0.36 0.38 0.38 0.38 0.38 0.38 0.38 0.36 0.38 0.38 0.38 0.38 0.38 0.4 0.4 0.4 0.4 0.42 0.42 0.44 0.44 0.46 0.46 0.46 0.48 0.48 0.5 0.5 0.5 0.52 0.52 0.54 0.56 0.54 0.54 0.56 0.58 0.6 0.6 0.62 0.62 0.62
0.4 0.4 0.4 0.4 0.4 0.4 0.4 0.4 0.4 0.4 0.4 0.4 0.4 0.4 0.4 0.42 0.42 0.42 0.4 0.4 0.4 0.4 0.4 0.4 0.42 0.42 0.42 0.44 0.42 0.44 0.44 0.46 0.46 0.46 0.46 0.46 0.46 0.46 0.46 0.48 0.48 0.48 0.5 0.52 0.54 0.54 0.54 0.54 0.54 0.54 0.54 0.54 0.54 0.54 0.54 0.54 0.56 0.56 0.56 0.56 0.58 0.58 0.58 0.58 0.58 0.58 0.6 0.6 0.6 0.62 0.62 0.62 0.62 0.62 0.64 0.64 0.64 0.66 0.66
0.4 0.42 0.42 0.44 0.44 0.44 0.44 0.42 0.42 0.42 0.42 0.42 0.42 0.42 0.42 0.42 0.4 0.42 0.42 0.42 0.42 0.42 0.42 0.42 0.42 0.44 0.44 0.46 0.46 0.46 0.46 0.46 0.44 0.44 0.46 0.44 0.44 0.46 0.48 0.5 0.52 0.52 0.52 0.54 0.54 0.54 0.52 0.54 0.54 0.56 0.54 0.56 0.54 0.54 0.56 0.56 0.56 0.56 0.56 0.56 0.56 0.54 0.56 0.56 0.54 0.54 0.54 0.54 0.56 0.56 0.56 0.58 0.58 0.6 0.6 0.6 0.58 0.58 0.6 0.6 0.6 0.6 0.6
0.44 0.44 0.44 0.44 0.44 0.44 0.44 0.44 0.44 0.42 0.44 0.42 0.42 0.42 0.42 0.4 0.4 0.42 0.42 0.44 0.42 0.44 0.42 0.42 0.42 0.42 0.42 0.42 0.42 0.42 0.42 0.42 0.42 0.42 0.42 0.42 0.42 0.42 0.42 0.42 0.44 0.44 0.44 0.44 0.44 0.44 0.44 0.44 0.44 0.46 0.46 0.48 0.46 0.46 0.46 0.46 0.48 0.48 0.5 0.5 0.5 0.5 0.52 0.52 0.52 0.54 0.54 0.54 0.54 0.54 0.54 0.54 0.54 0.56 0.56 0.56 0.56 0.56 0.58 0.58 0.6 0.58 0.58 0.56 0.58 0.58 0.6 0.6 0.62 0.62 0.62 0.62 0.64
0.46 0.46 0.46 0.48 0.48 0.48 0.5 0.48 0.46 0.46 0.46 0.44 0.44 0.44 0.44 0.44 0.44 0.44 0.44 0.44 0.44 0.46 0.46 0.46 0.46 0.46 0.44 0.44 0.44 0.44 0.44 0.44 0.46 0.46 0.46 0.44 0.44 0.44 0.44 0.44 0.42 0.42 0.42 0.44 0.44 0.44 0.44 0.44 0.44 0.44 0.42 0.42 0.42 0.42 0.44 0.42 0.42 0.44 0.44 0.44 0.44 0.44 0.44 0.44 0.46 0.46 0.46 0.48 0.48 0.5 0.48 0.48 0.48 0.48 0.48 0.48 0.48 0.46 0.46 0.46 0.46 0.46 0.46 0.44 0.44 0.44 0.44 0.44 0.42 0.42 0.44 0.44 0.44 0.44 0.46 0.46 0.46 0.46 0.46 0.46 0.46 0.48 0.48 0.48 0.5 0.5 0.52 0.5 0.52 0.52 0.54 0.56 0.56 0.56 0.58 0.58 0.6 0.62 0.64 0.64 0.64 0.66 0.66
0.42 0.42 0.42 0.42 0.42 0.42 0.42 0.4 0.4 0.4 0.4 0.42 0.4 0.4 0.4 0.4 0.4 0.4 0.4 0.4 0.4 0.4 0.42 0.42 0.42 0.4 0.38 0.38 0.38 0.38 0.38 0.38 0.4 0.42 0.44 0.44 0.46 0.46 0.44 0.44 0.42 0.44 0.46 0.46 0.48 0.5 0.52 0.52 0.52 0.54 0.54 0.56 0.54 0.52 0.52 0.54 0.54 0.54 0.54
0.42 0.44 0.46 0.46 0.46 0.48 0.48 0.48 0.48 0.48 0.48 0.48 0.46 0.46 0.46 0.46 0.46 0.46 0.46 0.46 0.46 0.46 0.46 0.46 0.46 0.46 0.46 0.46 0.44 0.44 0.46 0.46 0.46 0.46 0.48 0.48 0.46 0.46 0.44 0.44 0.42 0.42 0.42 0.44 0.44 0.44 0.44 0.44 0.44 0.44 0.44 0.44 0.44 0.42 0.42 0.44 0.44 0.44 0.44 0.42 0.42 0.42 0.42 0.4 0.42 0.4 0.42 0.42 0.42 0.42 0.42 0.44 0.46 0.48 0.5 0.48 0.48 0.48 0.48 0.5 0.52 0.5 0.48 0.5 0.5 0.52 0.52 0.54 0.54 0.54 0.56 0.54 0.52 0.5 0.5 0.5 0.52 0.52 0.54 0.52 0.54 0.54 0.54 0.54 0.56 0.54 0.52 0.52 0.52 0.52 0.52 0.52 0.52 0.52
0.4 0.4 0.4 0.4 0.42 0.42 0.42 0.42 0.42 0.42 0.42 0.42 0.42 0.42 0.44 0.44 0.44 0.44 0.44 0.44 0.44 0.44 0.44 0.44 0.44 0.46 0.44 0.44 0.42 0.42 0.4 0.4 0.4 0.42 0.42 0.42 0.42 0.42 0.42 0.42 0.44 0.44 0.42 0.44 0.44 0.44 0.44 0.44 0.44 0.44 0.44 0.46 0.44 0.44 0.44 0.46 0.46 0.46 0.48 0.5 0.52 0.52 0.54 0.54 0.56 0.58 0.56 0.56 0.56 0.56 0.54 0.54 0.52 0.5 0.5 0.52 0.52 0.52 0.54 0.54 0.54 0.54 0.54 0.54 0.52 0.52 0.54 0.52 0.5 0.46 0.48 0.48 0.48 0.48 0.48 0.5 0.48 0.48 0.5 0.5 0.52 0.52 0.52 0.52
0.4 0.4 0.4 0.4 0.42 0.42 0.42 0.42 0.42 0.42 0.42 0.42 0.42 0.42 0.42 0.42 0.42 0.42 0.42 0.42 0.42 0.42 0.44 0.44 0.44 0.44 0.44 0.42 0.42 0.4 0.38 0.38 0.38 0.38 0.38 0.38 0.38 0.38 0.38 0.38 0.36 0.36 0.36 0.36 0.36 0.38 0.38 0.38 0.38 0.38 0.38 0.38 0.38 0.4 0.4 0.4 0.42 0.42 0.42 0.44 0.44 0.44 0.46 0.46 0.46 0.46 0.48 0.48 0.5 0.5 0.52 0.52 0.52 0.54 0.54 0.54 0.52 0.52 0.5 0.52 0.52 0.54 0.54 0.56 0.56 0.56 0.54 0.56 0.56 0.58 0.58 0.6 0.6 0.6 0.6 0.6 0.6
0.38 0.4 0.4 0.42 0.44 0.44 0.44 0.44 0.44 0.44 0.42 0.42 0.42 0.42 0.42 0.42 0.42 0.42 0.42 0.42 0.42 0.42 0.42 0.42 0.42 0.42 0.42 0.42 0.42 0.42 0.44 0.44 0.44 0.44 0.44 0.42 0.42 0.42 0.4 0.42 0.42 0.44 0.42 0.42 0.42 0.42 0.44 0.44 0.44 0.46 0.46 0.46 0.46 0.46 0.46 0.46 0.48 0.48 0.5 0.5 0.52 0.52 0.52 0.54 0.56 0.56 0.58 0.6 0.6 0.62 0.62 0.62 0.64 0.64 0.66 0.66 0.64 0.62 0.62 0.62 0.62 0.62 0.64 0.64 0.64 0.62 0.6 0.6 0.6
0.42 0.42 0.42 0.42 0.42 0.44 0.44 0.44 0.44 0.44 0.44 0.44 0.44 0.42 0.42 0.44 0.44 0.44 0.44 0.44 0.42 0.42 0.42 0.42 0.42 0.42 0.42 0.42 0.44 0.44 0.44 0.44 0.46 0.44 0.42 0.42 0.42 0.4 0.42 0.42 0.42 0.42 0.42 0.42 0.42 0.42 0.42 0.44 0.44 0.44 0.42 0.42 0.42 0.44 0.44 0.44 0.42 0.42 0.44 0.42 0.42 0.42 0.42 0.42 0.42 0.44 0.44 0.44 0.46 0.46 0.46 0.46 0.46 0.44 0.46 0.46 0.48 0.5 0.5 0.52 0.52 0.54 0.54 0.56 0.56 0.58 0.58 0.58 0.6 0.6
0.42 0.44 0.44 0.44 0.44 0.44 0.44 0.44 0.44 0.42 0.42 0.42 0.42 0.42 0.42 0.42 0.42 0.42 0.4 0.4 0.4 0.4 0.4 0.38 0.38 0.38 0.4 0.38 0.4 0.38 0.38 0.38 0.38 0.4 0.4 0.4 0.4 0.4 0.4 0.4 0.38 0.4 0.4 0.4 0.4 0.42 0.42 0.42 0.42 0.42 0.42 0.42 0.44 0.46 0.48 0.48 0.5 0.5 0.5 0.48 0.5 0.5 0.52 0.52 0.52 0.5 0.5 0.48 0.48 0.48 0.5 0.48 0.48 0.48 0.5 0.48 0.48 0.48 0.5 0.5 0.52 0.52 0.52 0.52 0.52 0.52 0.5 0.5 0.5 0.52 0.54
0.42 0.42 0.42 0.44 0.42 0.42 0.42 0.42 0.4 0.4 0.4 0.4 0.4 0.4 0.4 0.4 0.4 0.4 0.4 0.38 0.4 0.38 0.38 0.38 0.4 0.4 0.4 0.4 0.4 0.42 0.42 0.42 0.42 0.42 0.42 0.42 0.42 0.44 0.44 0.46 0.46 0.46 0.46 0.46 0.48 0.5 0.5 0.5 0.5 0.5 0.52 0.54 0.54 0.56 0.56 0.58 0.58 0.6 0.6 0.62 0.62 0.62 0.62 0.62 0.62 0.62 0.62 0.6 0.58 0.58 0.58 0.58 0.58 0.58 0.56 0.56 0.56 0.56
0.42 0.42 0.42 0.42 0.42 0.42 0.4 0.4 0.4 0.4 0.4 0.4 0.4 0.38 0.4 0.4 0.38 0.38 0.4 0.4 0.4 0.4 0.4 0.4 0.4 0.42 0.42 0.42 0.42 0.44 0.44 0.44 0.46 0.46 0.46 0.46 0.46 0.48 0.48 0.5 0.52 0.52 0.54 0.54 0.54 0.56 0.56 0.56 0.56 0.58 0.6 0.62 0.62 0.62 0.62 0.62 0.62 0.6 0.62 0.62 0.62 0.64 0.64 0.66 0.64 0.64 0.64 0.64 0.64 0.64 0.62 0.62 0.6 0.58 0.58 0.58 0.56 0.56 0.54 0.54
0.46 0.48 0.48 0.48 0.48 0.5 0.5 0.48 0.48 0.46 0.46 0.46 0.46 0.46 0.46 0.46 0.46 0.46 0.44 0.46 0.46 0.46 0.46 0.44 0.46 0.46 0.46 0.46 0.46 0.44 0.44 0.44 0.42 0.42 0.4 0.4 0.38 0.4 0.38 0.38 0.38 0.38 0.38 0.38 0.4 0.38 0.38 0.38 0.38 0.38 0.4 0.4 0.4 0.4 0.4 0.4 0.4 0.42 0.42 0.42 0.42 0.44 0.42 0.44 0.44 0.44 0.44 0.44 0.46 0.46 0.44 0.46 0.46 0.46
0.46 0.48 0.5 0.5 0.5 0.5 0.52 0.52 0.52 0.52 0.5 0.5 0.5 0.5 0.48 0.48 0.48 0.48 0.48 0.48 0.48 0.48 0.48 0.46 0.46 0.46 0.46 0.46 0.48 0.48 0.48 0.46 0.46 0.46 0.46 0.46 0.44 0.44 0.44 0.42 0.42 0.42 0.44 0.42 0.44 0.44 0.44 0.44 0.44 0.44 0.44 0.44 0.46 0.44 0.46 0.46 0.48 0.48 0.48 0.48 0.5 0.5 0.52 0.52 0.52 0.52 0.52 0.52 0.5 0.5 0.52 0.52 0.52 0.5 0.52 0.52 0.5 0.5 0.52 0.52 0.52 0.52 0.52 0.52 0.52 0.52 0.54 0.54 0.54
0.48 0.5 0.5 0.5 0.52 0.5 0.5 0.5 0.48 0.48 0.46 0.46 0.46 0.46 0.46 0.46 0.46 0.46 0.46 0.46 0.44 0.44 0.44 0.46 0.44 0.44 0.44 0.44 0.42 0.42 0.42 0.42 0.4 0.4 0.4 0.38 0.38 0.4 0.4 0.4 0.38 0.38 0.4 0.38 0.38 0.38 0.38 0.38 0.4 0.4 0.4 0.38 0.38 0.4 0.4 0.42 0.42 0.42 0.42 0.42 0.42 0.42 0.42 0.42 0.44 0.44 0.44 0.44 0.46 0.46 0.46 0.48 0.48 0.48 0.48 0.48 0.48 0.48 0.48 0.48 0.48 0.48 0.5 0.5 0.5 0.5 0.5 0.5 0.5 0.5 0.52 0.52 0.52
0.36 0.38 0.38 0.4 0.4 0.42 0.44 0.44 0.44 0.44 0.46 0.46 0.46 0.46 0.46 0.44 0.44 0.44 0.44 0.42 0.42 0.42 0.42 0.42 0.42 0.42 0.42 0.42 0.42 0.44 0.44 0.44 0.44 0.44 0.44 0.44 0.44 0.46 0.44 0.44 0.42 0.42 0.42 0.4 0.4 0.42 0.42 0.42 0.42 0.42 0.42 0.44 0.44 0.44 0.44 0.44 0.44 0.44 0.44 0.44 0.44 0.44 0.46
0.44 0.46 0.46 0.46 0.46 0.46 0.46 0.44 0.46 0.44 0.44 0.44 0.44 0.44 0.44 0.44 0.44 0.44 0.44 0.42 0.42 0.42 0.42 0.44 0.44 0.44 0.44 0.44 0.44 0.44 0.44 0.42 0.42 0.4 0.4 0.4 0.4 0.4 0.42 0.42 0.42 0.42 0.42 0.42 0.42 0.44 0.44 0.44 0.46 0.46 0.46 0.46 0.46 0.46 0.46 0.48 0.48 0.48 0.48 0.48 0.48 0.5 0.5 0.5
0.44 0.44 0.46 0.46 0.46 0.46 0.46 0.46 0.44 0.44 0.42 0.42 0.42 0.42 0.42 0.42 0.42 0.42 0.42 0.44 0.44 0.42 0.44 0.44 0.44 0.44 0.44 0.44 0.44 0.44 0.44 0.44 0.42 0.42 0.42 0.42 0.42 0.42 0.42 0.42 0.42 0.44 0.44 0.44 0.44 0.44 0.44 0.46 0.46
0.44 0.46 0.46 0.48 0.48 0.48 0.48 0.48 0.48 0.48 0.48 0.48 0.48 0.48 0.48 0.48 0.48 0.48 0.48 0.46 0.46 0.48 0.46 0.46 0.46 0.48 0.46 0.46 0.46 0.46 0.46 0.46 0.46 0.46 0.46 0.44 0.44 0.44 0.44 0.44 0.42 0.44 0.44 0.44 0.44 0.46 0.46 0.46 0.46 0.46 0.46 0.46 0.44 0.46 0.46 0.46 0.48 0.48 0.48 0.5 0.5 0.5 0.5 0.5 0.5 0.52 0.52 0.52 0.52 0.52 0.52 0.52 0.52 0.54 0.54 0.54 0.54 0.54 0.54 0.54 0.56 0.54 0.56 0.56 0.56 0.58 0.58
0.42 0.42 0.44 0.44 0.44 0.44 0.44 0.44 0.44 0.44 0.44 0.42 0.42 0.42 0.42 0.4 0.42 0.4 0.4 0.42 0.42 0.42 0.42 0.42 0.42 0.44 0.44 0.44 0.44 0.44 0.44 0.44 0.44 0.44 0.46 0.44 0.44 0.44 0.44 0.46 0.46 0.46 0.48 0.48 0.48 0.5 0.5 0.5 0.5 0.5 0.5 0.5 0.5 0.5 0.5 0.52 0.52 0.52 0.52 0.52 0.52 0.54 0.54 0.54 0.54 0.56 0.56 0.56
0.42 0.42 0.42 0.42 0.44 0.44 0.42 0.42 0.42 0.42 0.42 0.42 0.42 0.42 0.42 0.42 0.4 0.42 0.42 0.4 0.4 0.42 0.42 0.42 0.42 0.44 0.44 0.42 0.42 0.42 0.44 0.44 0.46 0.44 0.44 0.44 0.44 0.44 0.46 0.46 0.46 0.46 0.46 0.46 0.46 0.46 0.48
0.5 0.52 0.5 0.5 0.5 0.5 0.5 0.48 0.48 0.48 0.46 0.46 0.46 0.46 0.46 0.46 0.46 0.46 0.46 0.46 0.46 0.46 0.46 0.46 0.46 0.46 0.46 0.46 0.46 0.48 0.46 0.46 0.46 0.46 0.46 0.46 0.44 0.44 0.44 0.44 0.44 0.42 0.42 0.4 0.4 0.38 0.38 0.38 0.38 0.38 0.38 0.38 0.38 0.4 0.4 0.4 0.42 0.4 0.4 0.4 0.4 0.4 0.4 0.4 0.4 0.4 0.42 0.42 0.42 0.42 0.42 0.44 0.44 0.44 0.46 0.46
0.36 0.36 0.36 0.36 0.36 0.36 0.38 0.38 0.38 0.38 0.38 0.38 0.4 0.4 0.38 0.38 0.4 0.38 0.38 0.36 0.36 0.36 0.36 0.36 0.36 0.38 0.36 0.36 0.38 0.38 0.4 0.4 0.4 0.4 0.4 0.4 0.4 0.4 0.42 0.42 0.42 0.44 0.44 0.44 0.44 0.44 0.46 0.46 0.46 0.46 0.46 0.46 0.46 0.46 0.46 0.46 0.44 0.44 0.44 0.44 0.44 0.44 0.44 0.44 0.44 0.44 0.42 0.42 0.42 0.42 0.4 0.38 0.38 0.36 0.36 0.36 0.36 0.38 0.38 0.38 0.38 0.38 0.38 0.38 0.4 0.42 0.44 0.42 0.42 0.4 0.42 0.42 0.42 0.44 0.44 0.46 0.46 0.46 0.46 0.46 0.44 0.42 0.42 0.42 0.44 0.44 0.44 0.46 0.46 0.46
0.36 0.36 0.36 0.36 0.36 0.36 0.36 0.36 0.36 0.34 0.36 0.36 0.34 0.34 0.34 0.34 0.34 0.34 0.34 0.34 0.34 0.34 0.36 0.36 0.36 0.36 0.34 0.36 0.36 0.36 0.36 0.36 0.38 0.38 0.38 0.38 0.4 0.4 0.4 0.4 0.4 0.4 0.42 0.42 0.42 0.42 0.42 0.42 0.42 0.42 0.42 0.42 0.42 0.42 0.42 0.42 0.4 0.4 0.4 0.4 0.4 0.4 0.4 0.4 0.38 0.38 0.36 0.36 0.36 0.36 0.36 0.36 0.36 0.36 0.36 0.38 0.38 0.38 0.38 0.38 0.36 0.36 0.36 0.38 0.38 0.38 0.38 0.38 0.38 0.38 0.38 0.38 0.38 0.38 0.38 0.38 0.38 0.38 0.38 0.38 0.38 0.38 0.38 0.4 0.4 0.42 0.44 0.44 0.46 0.46 0.46 0.46 0.48 0.5 0.52 0.5 0.5 0.52 0.52 0.52 0.54 0.54 0.54 0.54 0.56
0.38 0.38 0.38 0.38 0.38 0.38 0.38 0.38 0.38 0.38 0.38 0.38 0.38 0.38 0.38 0.4 0.4 0.4 0.4 0.4 0.4 0.4 0.4 0.4 0.4 0.4 0.4 0.4 0.38 0.38 0.38 0.38 0.38 0.36 0.36 0.36 0.36 0.36 0.36 0.36 0.36 0.36 0.36 0.36 0.38 0.38 0.38 0.38 0.38 0.38 0.38 0.38 0.38 0.38 0.38 0.38 0.38 0.4 0.4 0.4 0.4 0.4 0.4 0.4 0.4 0.4 0.4 0.4 0.4 0.4 0.4 0.4 0.4 0.4 0.4 0.4 0.38 0.38 0.38 0.4 0.38 0.38 0.38 0.36 0.36 0.36 0.36 0.36 0.36 0.36 0.34 0.34 0.34 0.34 0.34 0.34 0.34 0.34 0.34 0.36 0.36 0.36 0.34 0.34 0.34 0.36 0.36 0.36 0.34 0.34 0.34 0.34 0.34 0.34 0.34 0.36 0.36 0.36 0.34 0.34 0.34 0.34 0.34 0.34 0.36 0.36 0.38 0.4 0.4 0.4 0.4 0.4 0.4 0.42 0.42 0.44 0.44 0.46 0.48 0.48 0.5 0.5 0.52 0.52 0.52 0.54 0.54 0.56 0.56 0.54 0.54 0.54 0.54 0.54 0.56 0.54 0.52 0.52 0.52 0.54 0.54
0.34 0.36 0.36 0.36 0.36 0.36 0.36 0.36 0.36 0.36 0.36 0.36 0.36 0.36 0.36 0.36 0.36 0.36 0.36 0.36 0.36 0.36 0.36 0.36 0.36 0.38 0.38 0.38 0.38 0.38 0.38 0.36 0.36 0.36 0.36 0.34 0.34 0.34 0.34 0.34 0.34 0.36 0.36 0.36 0.36 0.36 0.38 0.38 0.4 0.4 0.4 0.42 0.42 0.42 0.42 0.42 0.44 0.44 0.44 0.44 0.44 0.44 0.44 0.44 0.44 0.44 0.44 0.44 0.44 0.44 0.44 0.42 0.42 0.42 0.42 0.42 0.42 0.42 0.42 0.42 0.42 0.42 0.42 0.42 0.4 0.4 0.38 0.38 0.38 0.38 0.36 0.36 0.36 0.36 0.36 0.38 0.38 0.38 0.38 0.38 0.38 0.4 0.42 0.4 0.42 0.44 0.46 0.48 0.46 0.48 0.48 0.5 0.5 0.5 0.52 0.52 0.54 0.54 0.52 0.54 0.54 0.54 0.54 0.54 0.52 0.54 0.54
0.38 0.38 0.38 0.38 0.38 0.38 0.38 0.38 0.4 0.4 0.4 0.42 0.4 0.42 0.4 0.4 0.4 0.4 0.4 0.4 0.4 0.42 0.4 0.4 0.4 0.4 0.4 0.4 0.38 0.38 0.38 0.36 0.36 0.36 0.36 0.38 0.38 0.38 0.38 0.4 0.4 0.4 0.4 0.4 0.4 0.4 0.42 0.42 0.42 0.42 0.42 0.42 0.42 0.44 0.44 0.44 0.44 0.46 0.44 0.44 0.44 0.44 0.44 0.44 0.44 0.44 0.44 0.42 0.42 0.42 0.42 0.42 0.42 0.44 0.44 0.44 0.42 0.42 0.4 0.4 0.38 0.38 0.38 0.38 0.38 0.38 0.36 0.38 0.38 0.36 0.36 0.36 0.38 0.38 0.4 0.38 0.4 0.4 0.42 0.42 0.44 0.46 0.48 0.48 0.5 0.5 0.52 0.54 0.54 0.54 0.54 0.54 0.56 0.56 0.58 0.58 0.58 0.6 0.6
0.36 0.36 0.36 0.36 0.36 0.36 0.36 0.38 0.38 0.38 0.38 0.38 0.38 0.38 0.38 0.36 0.36 0.36 0.36 0.36 0.36 0.36 0.36 0.36 0.36 0.36 0.36 0.36 0.36 0.36 0.34 0.34 0.34 0.34 0.36 0.36 0.36 0.36 0.36 0.36 0.36 0.36 0.36 0.36 0.36 0.38 0.38 0.38 0.38 0.38 0.4 0.38 0.4 0.4 0.4 0.4 0.4 0.4 0.4 0.42 0.42 0.42 0.42 0.42 0.42 0.42 0.42 0.42 0.42 0.42 0.4 0.4 0.4 0.4 0.4 0.4 0.4 0.4 0.4 0.38 0.38 0.38 0.38 0.38 0.38 0.36 0.38 0.38 0.38 0.38 0.38 0.38 0.38 0.38 0.38 0.38 0.38 0.38 0.38 0.38 0.38 0.38 0.38 0.38 0.38 0.4 0.4 0.4 0.4 0.38 0.4 0.4 0.38 0.4 0.4 0.42 0.42 0.42 0.44 0.44 0.44 0.46 0.48 0.48 0.5 0.5 0.52 0.54 0.54 0.56 0.56 0.58
0.36 0.38 0.38 0.38 0.38 0.38 0.38 0.38 0.38 0.36 0.36 0.38 0.38 0.38 0.38 0.38 0.36 0.36 0.36 0.36 0.36 0.36 0.36 0.36 0.36 0.36 0.36 0.36 0.36 0.36 0.36 0.34 0.34 0.34 0.34 0.34 0.34 0.34 0.34 0.34 0.34 0.34 0.34 0.34 0.34 0.34 0.36 0.36 0.36 0.38 0.38 0.4 0.4 0.4 0.4 0.4 0.4 0.4 0.42 0.4 0.4 0.4 0.4 0.42 0.42 0.42 0.42 0.42 0.42 0.42 0.42 0.42 0.42 0.4 0.42 0.4 0.4 0.4 0.4 0.4 0.4 0.4 0.38 0.38 0.36 0.36 0.36 0.36 0.36 0.36 0.36 0.38 0.38 0.38 0.38 0.38 0.38 0.38 0.4 0.42 0.42 0.44 0.44 0.46 0.46 0.44 0.44 0.44 0.44 0.42 0.42 0.44 0.44 0.46 0.48 0.48 0.48 0.48 0.48 0.48 0.48 0.5 0.5 0.5 0.5 0.5
0.38 0.38 0.38 0.38 0.38 0.38 0.36 0.38 0.38 0.38 0.38 0.36 0.36 0.36 0.36 0.36 0.36 0.38 0.38 0.38 0.38 0.4 0.4 0.4 0.4 0.42 0.42 0.42 0.42 0.44 0.44 0.44 0.42 0.42 0.42 0.42 0.44 0.42 0.44 0.44 0.44 0.44 0.44 0.44 0.44 0.44 0.44 0.44 0.44 0.44 0.44 0.44 0.44 0.44 0.44 0.42 0.42 0.42 0.42 0.42 0.42 0.4 0.4 0.4 0.38 0.38 0.38 0.38 0.38 0.38 0.38 0.38 0.38 0.38 0.38 0.36 0.38 0.36 0.36 0.36 0.36 0.36 0.36 0.36 0.38 0.38 0.38 0.38 0.38 0.38 0.38 0.4 0.4 0.42 0.42 0.44 0.46 0.46 0.46 0.46 0.46 0.48 0.48 0.5 0.5 0.52 0.54 0.54 0.54 0.54 0.54 0.56
0.38 0.38 0.38 0.38 0.4 0.38 0.38 0.38 0.4 0.4 0.4 0.4 0.4 0.4 0.4 0.4 0.4 0.38 0.38 0.38 0.38 0.38 0.4 0.38 0.4 0.42 0.4 0.42 0.42 0.42 0.44 0.42 0.42 0.44 0.44 0.44 0.44 0.44 0.44 0.44 0.44 0.44 0.44 0.44 0.44 0.44 0.42 0.42 0.42 0.42 0.42 0.42 0.42 0.42 0.42 0.4 0.42 0.4 0.4 0.4 0.4 0.42 0.4 0.4 0.4 0.4 0.38 0.38 0.36 0.36 0.36 0.36 0.36 0.36 0.36 0.36 0.36 0.36 0.36 0.36 0.36 0.36 0.38 0.38 0.4 0.42 0.42 0.42 0.44 0.46 0.48 0.5 0.5 0.52 0.5 0.5 0.48 0.48 0.48 0.5 0.52 0.52 0.52 0.52 0.54 0.54 0.54 0.52 0.5 0.48 0.5 0.48 0.48 0.48
0.36 0.38 0.36 0.38 0.38 0.38 0.38 0.38 0.4 0.4 0.38 0.38 0.38 0.38 0.38 0.38 0.38 0.38 0.38 0.36 0.36 0.36 0.36 0.36 0.34 0.34 0.36 0.36 0.36 0.36 0.36 0.36 0.36 0.36 0.36 0.36 0.36 0.36 0.36 0.36 0.38 0.38 0.4 0.4 0.4 0.38 0.4 0.4 0.4 0.4 0.4 0.4 0.4 0.4 0.4 0.4 0.4 0.4 0.4 0.4 0.4 0.4 0.42 0.42 0.4 0.4 0.4 0.4 0.4 0.4 0.4 0.4 0.38 0.38 0.38 0.38 0.36 0.36 0.36 0.36 0.36 0.38 0.38 0.38 0.4 0.38 0.38 0.4 0.4 0.4 0.4 0.4 0.4 0.4 0.4 0.4 0.4 0.4 0.42 0.42 0.4 0.4 0.4 0.42 0.42 0.44 0.46 0.46 0.48 0.5 0.5 0.5 0.48 0.5 0.52 0.52 0.54 0.56 0.56 0.56 0.56 0.56 0.56
0.46 0.46 0.46 0.48 0.48 0.48 0.48 0.48 0.48 0.46 0.46 0.46 0.46 0.46 0.46 0.46 0.46 0.46 0.46 0.46 0.46 0.46 0.46 0.46 0.48 0.48 0.48 0.48 0.48 0.46 0.46 0.46 0.46 0.44 0.44 0.44 0.44 0.44 0.44 0.44 0.46 0.46 0.48 0.46 0.46 0.48 0.48 0.48 0.48 0.48 0.48 0.48 0.48 0.5 0.5 0.5 0.5 0.52 0.52 0.52 0.52 0.52 0.54 0.52 0.52 0.54 0.54 0.56 0.58 0.58 0.6 0.62 0.62 0.62 0.64 0.64 0.66
0.44 0.46 0.44 0.44 0.46 0.44 0.46 0.46 0.46 0.46 0.46 0.44 0.46 0.46 0.46 0.46 0.46 0.46 0.46 0.46 0.46 0.46 0.46 0.44 0.44 0.44 0.44 0.46 0.46 0.46 0.44 0.44 0.44 0.44 0.44 0.42 0.42 0.42 0.44 0.42 0.42 0.42 0.44 0.44 0.44 0.44 0.44 0.44 0.44 0.44 0.44 0.44 0.44 0.44 0.44 0.46 0.46 0.46 0.46 0.46 0.46 0.46 0.46 0.46 0.46 0.48 0.48 0.48 0.5 0.5 0.52 0.54 0.56 0.58 0.58 0.58 0.58 0.6 0.6 0.62 0.62 0.62 0.64 0.64 0.64 0.64
0.42 0.44 0.44 0.46 0.46 0.46 0.48 0.48 0.48 0.48 0.48 0.48 0.46 0.48 0.48 0.48 0.48 0.46 0.46 0.46 0.46 0.48 0.48 0.48 0.48 0.48 0.48 0.46 0.46 0.46 0.46 0.46 0.44 0.44 0.44 0.44 0.44 0.44 0.44 0.44 0.44 0.44 0.44 0.44 0.46 0.46 0.44 0.46 0.46 0.46 0.48 0.48 0.48 0.48 0.5 0.5 0.52 0.52 0.5 0.52 0.52 0.52 0.52 0.52 0.52 0.52 0.54 0.52 0.54 0.54 0.54 0.54 0.54 0.52 0.52 0.54 0.54 0.54 0.54 0.54 0.52 0.54 0.52 0.52 0.52 0.54 0.56 0.56 0.56 0.56 0.54 0.54 0.54 0.52 0.52 0.52 0.52 0.52 0.54 0.54 0.54 0.56 0.56 0.56 0.58
0.5 0.5 0.52 0.52 0.52 0.52 0.54 0.52 0.52 0.52 0.52 0.5 0.5 0.48 0.48 0.48 0.48 0.48 0.48 0.48 0.48 0.5 0.5 0.5 0.5 0.5 0.5 0.5 0.5 0.5 0.5 0.5 0.5 0.5 0.5 0.5 0.5 0.5 0.48 0.48 0.48 0.46 0.48 0.46 0.46 0.44 0.44 0.44 0.44 0.42 0.44 0.42 0.44 0.44 0.44 0.44 0.42 0.42 0.42 0.42 0.44 0.44 0.46 0.46 0.46 0.46 0.46 0.46 0.46 0.48 0.48 0.48 0.48 0.48 0.5 0.48 0.5 0.5 0.5 0.52 0.52 0.54 0.56 0.58 0.58 0.58 0.56 0.58 0.58 0.58 0.58 0.6 0.6 0.6 0.62
0.46 0.48 0.5 0.5 0.5 0.5 0.52 0.52 0.5 0.5 0.5 0.48 0.48 0.5 0.5 0.5 0.5 0.48 0.48 0.48 0.48 0.48 0.48 0.48 0.48 0.48 0.48 0.48 0.48 0.48 0.48 0.48 0.48 0.46 0.46 0.46 0.46 0.44 0.44 0.42 0.42 0.42 0.4 0.4 0.4 0.4 0.42 0.42 0.42 0.44 0.44 0.44 0.44 0.44 0.44 0.44 0.44 0.44 0.44 0.44 0.42 0.42 0.42 0.42 0.42 0.42 0.44 0.44 0.46 0.46 0.46 0.48 0.48 0.48 0.5 0.52 0.52 0.52 0.52 0.52 0.52 0.52 0.54 0.56 0.56 0.56 0.56 0.56 0.58 0.58 0.58 0.56 0.58 0.56 0.58 0.6 0.6 0.6 0.62 0.62 0.62 0.62 0.6 0.58 0.58 0.58 0.6 0.6 0.6 0.62 0.62 0.64
0.44 0.44 0.44 0.44 0.44 0.46 0.46 0.44 0.46 0.46 0.46 0.46 0.46 0.46 0.46 0.46 0.46 0.46 0.46 0.46 0.46 0.46 0.46 0.46 0.44 0.44 0.42 0.42 0.42 0.4 0.42 0.42 0.42 0.42 0.42 0.42 0.42 0.4 0.4 0.4 0.4 0.42 0.42 0.4 0.42 0.4 0.42 0.42 0.42 0.42 0.42 0.42 0.42 0.42 0.44 0.44 0.46 0.46 0.48 0.5 0.5 0.5 0.5 0.52 0.52 0.54 0.54 0.54 0.54 0.56 0.56
0.42 0.44 0.46 0.46 0.46 0.46 0.48 0.48 0.48 0.48 0.48 0.48 0.46 0.46 0.46 0.46 0.46 0.46 0.46 0.46 0.46 0.46 0.46 0.46 0.46 0.46 0.46 0.46 0.46 0.46 0.46 0.46 0.46 0.44 0.44 0.42 0.42 0.42 0.42 0.4 0.4 0.4 0.4 0.4 0.4 0.4 0.4 0.4 0.4 0.4 0.4 0.38 0.38 0.38 0.38 0.38 0.38 0.4 0.4 0.4 0.4 0.42 0.42 0.42 0.44 0.44 0.44 0.44 0.44 0.46 0.46 0.48 0.48 0.5 0.5 0.5 0.48 0.48 0.5 0.5 0.52 0.52 0.54 0.56 0.56 0.56 0.58 0.58 0.6 0.6
0.44 0.44 0.44 0.44 0.42 0.42 0.42 0.42 0.42 0.42 0.42 0.42 0.44 0.44 0.44 0.44 0.42 0.42 0.44 0.44 0.44 0.46 0.44 0.44 0.44 0.44 0.44 0.44 0.44 0.44 0.44 0.44 0.44 0.46 0.46 0.46 0.46 0.46 0.46 0.46 0.48 0.48 0.48 0.48 0.48 0.48 0.5 0.5 0.52 0.52 0.52 0.54 0.54 0.56 0.56 0.54 0.54 0.56 0.56 0.56 0.58 0.56 0.58 0.58 0.6 0.62 0.62 0.62 0.6 0.62 0.62 0.62 0.62
0.46 0.46 0.48 0.46 0.48 0.48 0.48 0.48 0.46 0.46 0.46 0.46 0.46 0.46 0.46 0.46 0.44 0.44 0.44 0.44 0.46 0.44 0.44 0.46 0.44 0.44 0.44 0.44 0.44 0.44 0.44 0.44 0.44 0.42 0.44 0.44 0.44 0.44 0.46 0.44 0.44 0.44 0.44 0.44 0.44 0.44 0.42 0.44 0.44 0.42 0.44 0.44 0.44 0.44 0.44 0.46 0.46 0.46 0.46 0.46 0.46 0.46 0.48 0.5 0.5 0.52 0.54 0.54 0.56 0.56 0.58 0.6 0.6 0.62
0.44 0.46 0.46 0.46 0.46 0.48 0.48 0.48 0.48 0.48 0.46 0.46 0.46 0.46 0.46 0.44 0.44 0.44 0.44 0.44 0.44 0.44 0.44 0.44 0.44 0.44 0.44 0.44 0.44 0.46 0.46 0.46 0.46 0.44 0.42 0.42 0.42 0.42 0.44 0.44 0.44 0.44 0.44 0.44 0.44 0.44 0.44 0.44 0.44 0.46 0.46 0.46 0.48 0.48 0.5 0.52 0.52 0.54 0.56 0.58 0.58 0.6 0.6 0.6 0.6 0.62 0.62 0.64 0.64
