-0.87461
-0.84336
-0.90021
-0.83174
-0.85199
-0.83820
-0.80773
-0.85240
-0.83109
-0.82393
-0.86131
-0.81831
-0.78586
-0.83014
-0.78218
-0.79153
-0.89146
-0.74310
-0.72247
-0.77570
-0.79333
-0.85802
-0.78331
-0.79241
-0.83741
-0.75940
-0.83156
-0.84201
-0.77325
-0.72442
-0.86688
-0.75792
-0.84812
-0.87251
-0.83492
-0.85346
-0.75214
-0.80459
-0.86651
-0.84929
-0.93530
-0.96443
-0.96637
-0.94132
-0.89855
-0.97482
-0.97288
-0.92184
-0.90142
-0.94571
-0.73865
-0.77317
-0.73328
-0.73958
-0.73289
-0.82177
-0.82255
-0.75311
-0.79521
-0.76951
