-0.90139
-0.87944
-0.92694
-0.86106
-0.87695
-0.86171
-0.83632
-0.87959
-0.85921
-0.85730
-0.89218
-0.83958
-0.82016
-0.86093
-0.81436
-0.81862
-0.91240
-0.76052
-0.74419
-0.80247
-0.82339
-0.89050
-0.80820
-0.81719
-0.86358
-0.78784
-0.85798
-0.87577
-0.80273
-0.76119
-0.88386
-0.78949
-0.87261
-0.89532
-0.85547
-0.87270
-0.78468
-0.83071
-0.88840
-0.86793
-0.96937
-0.99172
-0.99850
-0.97267
-0.93020
-1.00546
-1.00584
-0.95116
-0.93325
-0.97559
-0.76404
-0.79922
-0.76165
-0.77261
-0.75527
-0.84227
-0.84513
-0.77588
-0.81836
-0.79737
