1 1 1 1 1 1 1 1 1 1 1 1 1 1 1 1 1 1 1 1 1 1 1 1 1 1 1 1 1 1 1 1 1 1 1 1 1 1 1 1 1 1 1 1 1 1 1 1 1 1 1 1 1 1 1 1 1 1 1 1 1 1 1 1 1 1 1 1 1 1 1 1 1 1 0.666667 1 0.666667 1 1 1 1 1 1 1 1 1 1 0.666667 1 1 0.666667 0.666667 1 1 1 1 1 1 1 1 1 1 0.666667 0.666667 1 1 1 0.666667 0.666667 1 1 1 1 1 1 1 1 1 1 1 1 1 1 1 1 1 1 1 1 1 1 1 1 1 1 1 1 1 1 1 1 1 1 1 0.666667 1 1 1 1 1 1
1 1 1 1 1 1 1 1 1 1 1 1 1 1 1 1 1 1 1 1 1 1 1 1 1 1 1 1 1 1 1 1 1 1 1 1 1 1 1 1 1 1 1 1 1 1 1 1 1 1 1 1 1 1 1 1 1 1 1 1 1 1 1 1 1 1 1 1 1 1 0.666667 1 1 0.666667 0.666667 1 1 1 1 1 0.666667 1 1 1 1 1 1 1 1 1 0.666667 1 1 1 0.666667 1 0.666667 0.666667 0.666667 0.666667 1 1 1 1 1 1 0.666667 1 1 1 1 1 1 1 1 1 1 1 1 1 1 0.666667 0.666667 1 1 1 1 1 0.666667 1 1 1 1 1 1 1 1 1 1 0.666667 1 1 1 1 1 1 1 1 1 0.666667 1 1 1 1 1 1 1 1 1 1 1 1 1 1 1 1 1 1 1 1 1 1
1 1 1 1 1 1 1 1 1 1 1 1 1 1 1 1 1 1 1 1 1 1 1 1 1 1 1 1 1 1 1 1 1 1 1 1 1 1 1 1 1 1 1 1 1 1 1 1 1 1 1 1 1 1 1 1 1 1 1 1 1 1 1 1 1 1 1 1 1 0.666667 1 1 0.666667 0.666667 1 1 1 1 1 1 1 0.666667 0.666667 0.666667 0.666667 1 0.666667 0.666667 0.666667 0.666667 0.666667 0.666667 1 1 1 1 1 0.666667 0.666667 0.666667 1 1 1 1 0.666667 1 0.666667 0.666667 1 1 1 1 1 1 1 1 1 1 1 1 1 1 1 1 1 1 1 1 1 1 1 1 1 1 1 1 1 1 1 1 1 1 1 1 1 1 1 1 1 1 1
1 1 1 1 1 1 1 1 1 1 1 1 1 1 1 1 1 1 1 1 1 1 1 1 1 1 1 1 1 1 1 1 1 1 1 1 1 1 1 1 1 1 1 1 1 1 1 1 1 1 1 1 1 1 1 1 1 1 1 1 1 1 1 1 1 1 0.666667 0.666667 0.666667 0.666667 1 1 1 1 1 1 0.666667 1 1 1 1 1 1 1 1 0.666667 1 1 1 0.666667 1 1 0.666667 1 1 1 1 1 1 1 1 1 1 1 1 1 1 1 1 1 1 0.666667 1 1 1 1 1 1 1 1 1 1 1 1 1 1 1 1 1 1 1 1 1 1 1 1 1 1 1
1 1 1 1 1 1 1 1 1 1 1 1 1 1 1 1 1 1 1 1 1 1 1 1 1 1 1 1 1 1 1 1 1 1 1 1 1 1 1 1 1 1 1 1 1 1 1 1 1 1 1 1 1 1 1 1 1 1 1 0.666667 1 1 0.666667 0.666667 0.666667 1 1 1 1 1 1 1 1 1 1 1 0.666667 1 1 1 1 1 1 1 1 1 1 0.666667 0.666667 1 1 1 1 1 1 1 1 1 0.666667 1 1 1 0.666667 1 1 1 1 1 1 1 1 1 1 1 1 1 1 1 1 1 1 1 1 1 1 1 1 1 1 1 1 1 1 1 1 1 1 1 1 1 1 1 1 1 1 1 1 1 1 1 1 1 1 1 1 1 1 1 1 1 1 1 1 1 1
1 1 1 1 1 1 1 1 1 1 1 1 1 1 1 1 1 1 1 1 1 1 1 1 1 1 1 1 1 1 1 1 1 1 1 1 1 1 1 1 1 1 1 1 1 1 1 1 1 1 1 1 1 1 1 1 1 1 1 1 1 1 1 1 1 1 1 1 1 1 1 1 1 1 1 1 1 1 1 1 1 0.666667 0.666667 1 0.666667 0.666667 0.666667 1 1 1 1 1 1 1 1 1 1 1 1 1 0.666667 0.666667 1 1 1 1 1 1 1 0.666667 0.666667 0.666667 0.666667 1 1 1 0.666667 0.666667 1 1 1 1 1 1 1 1 1 1 1 1 1 0.666667 1 1 1 1 1 1 1 1 1 1 1 1 1 1 1 1 1 1 1 1 1 1 1 1 1 1 1 1 1 1 1 1 1 0.666667 1 1 1 1 1 1 1 1 1 1 1 1 1
1 1 1 1 1 1 1 1 1 1 1 1 1 1 1 1 1 1 1 1 1 1 1 1 1 1 1 1 1 1 1 1 1 1 1 1 1 1 1 1 1 1 1 1 1 1 1 1 1 1 1 1 1 1 1 1 1 1 1 1 1 1 1 1 1 1 1 1 1 1 1 1 1 1 1 0.666667 1 0.666667 0.666667 1 1 1 0.666667 1 1 1 1 1 0.666667 1 1 1 1 1 0.666667 1 1 1 1 1 1 0.666667 0.666667 1 1 1 1 1 1 0.666667 1 1 1 1 1 1 1 1 1 1 1 1 1 1 0.666667 1 1 1 1 1 1 1 1 1 1 1 1 1 1 1 1 1 1 1 1 1 1 1 1 1 1 1 1 1 1 1 1 1 1 1 1
1 1 1 1 1 1 1 1 1 1 1 1 1 1 1 1 1 1 1 1 1 1 1 1 1 1 1 1 1 1 1 1 1 1 1 1 1 1 1 1 1 1 1 1 1 1 1 1 1 1 1 1 1 1 1 1 1 1 1 1 1 1 1 1 1 1 1 1 1 1 1 1 1 1 1 1 1 0.666667 0.666667 1 1 1 1 1 0.666667 0.666667 1 1 1 1 1 1 1 0.666667 1 0.666667 0.666667 1 1 1 1 1 1 1 1 1 1 1 1 1 1 1 1 1 1 1 1 1 1 1 1 1 1 1 1 1 1 1 1 1 1 1 1 1 1 1 1 1 1 1 1 1 1 1 1 1 1 1 1 1 1
1 1 1 1 1 1 1 1 1 1 1 1 1 1 1 1 1 1 1 1 1 1 1 1 1 1 1 1 1 1 1 1 1 1 1 1 1 1 1 1 1 1 1 1 1 1 1 1 1 1 1 1 1 1 1 1 1 1 1 1 1 1 1 1 1 1 1 1 1 1 1 0.666667 1 0.666667 1 1 1 1 1 1 1 1 1 1 1 1 1 1 1 1 1 0.666667 1 1 1 1 1 1 1 0.666667 1 1 1 1 1 1 0.666667 1 1 1 1 1 1 1 1 1 1 1 1 1 1 1 1 1 1 1 1 1 1 1 1 1 1 1 1 1 1 1 1 1 1 1 1 1 1 1 1 1 0.666667 1 1 1 1 1 1 1 1 1 1 1 1 1 1 1 1 1 1 1 1 1 1 1
1 1 1 1 1 1 1 1 1 1 1 1 1 1 1 1 1 1 1 1 1 1 1 1 1 1 1 1 1 1 1 1 1 1 1 1 1 1 1 1 1 1 1 1 1 1 1 1 1 1 1 1 1 1 1 1 1 1 1 1 1 1 1 1 1 1 1 1 1 1 1 1 1 0.666667 1 1 1 1 1 1 0.666667 1 1 1 1 1 1 1 0.666667 0.666667 1 1 1 0.666667 1 1 0.666667 1 1 1 1 1 1 1 1 1 1 1 1 1 1 1 1 1 1 1 1 1 1 1 0.666667 1 1 1 1 1 1 1 1 0.666667 1 1 1 1 1 1 1 1 1 1 1 1 1 1 1 1 1 1 1 1 1 1 1 1 1 1 1 1
1 1 1 1 1 1 1 1 1 1 1 1 1 1 1 1 1 1 1 1 1 1 1 1 1 1 1 1 1 1 1 1 1 1 1 1 1 1 1 1 1 1 1 1 1 1 1 1 1 1 0.666667 1 1 1 1 1 1 0.666667 0.666667 1 1 1 1 1 1 1 1 1 1 1 1 1 1 1 1 1 1 1 1 0.666667 0.666667 1 1 1 1 1 1 1 1 1 1 1 1 1 1 1 1 1 1 1 1 1 1 1 1 1 1 1 1 1 1 1 1 1 1 1 1 1 1 1 1 1 1 1 1 1 1 1 1 1 1 1 1 1 1 1 1 1 1 1 1 1 1 1 1 1 1 1 1 1 1 1 1 1 1 1 1 1 1
1 1 1 1 1 1 1 1 1 1 1 1 1 1 1 1 1 1 1 1 1 1 1 1 1 1 1 1 1 1 1 1 1 1 1 1 1 1 1 1 1 1 1 1 1 1 1 1 1 1 1 1 1 1 1 1 1 1 1 1 1 1 1 1 1 1 1 1 1 1 1 1 1 1 1 1 1 1 1 1 1 1 1 1 0.666667 1 1 1 1 1 1 1 1 1 1 0.666667 1 1 1 1 1 1 0.666667 1 1 1 1 1 1 1 1
0.666667 1 1 1 1 1 1 1 1 1 1 1 1 1 1 1 1 1 1 1 1 1 1 1 1 1 1 1 1 1 1 1 1 1 1 1 1 1 1 1 1 1 1 1 0.666667 1 1 1 1 1 1 1 1 1 1 1 1 1 1 1 1 1 1 1 1 1 1 0.666667 1 1 1 1 1 1 1 1 0.666667 0.666667 1 1 1 1 1 1 1 1 1 1 1 1 1 0.666667 1 1 1 1 1 1 1 1 1 1 1 1 1 1 1 1 1 1 1 1 1 1 0.666667 0.666667 1 1 1 1 1 1 1 1 1 1 1 1 1 1 1 1 1 0.666667 1 1 1 1 1 1 1 1 1 1 1 1 1 1 1 1
1 1 1 1 1 1 1 1 1 1 1 1 1 1 1 1 1 1 1 1 1 1 1 1 1 1 1 1 1 1 1 1 1 1 1 1 1 1 1 1 1 1 1 0.666667 1 1 1 1 1 1 1 1 1 1 1 1 1 1 1 1 1 1 1 1 1 1 1 1 0.666667 1 1 1 1 1 1 1 1 1 1 1 1 1 0.666667 1 1 1 1 1 1 1 1 1 1 1 1 1 1 1 1 1 1 1 1 1 1 1 1 1 1 1 1 1 1 1 1 1 1 1
1 1 1 1 1 1 1 1 1 1 1 1 1 1 1 1 1 1 1 1 1 1 1 1 1 1 1 1 1 1 1 1 1 1 1 1 1 1 1 1 1 1 1 1 1 1 1 1 1 1 1 1 1 1 1 1 1 1 1 1 1 1 1 1 1 1 1 1 1 1 1 1 0.666667 1 1 1 1 1 1 1 1 1 1 1 1 1 1 1 1 1 1 1 1 1 1 1 0.666667 1 1 1 1 1 1 0.666667 0.666667 0.666667 1 1 1 1 1 1 1 1 1 1 1 1 1 1 1 1 1 1 1 1 1 1 1 1 1 1 1 1 1 1 1 0.666667 0.666667 1 1 1 1 1 1 1 1 1 1 1 1 1 1 1 1 1 1 1 1 1 1 1 1 1 1 1 1 1
1 1 1 1 1 1 1 1 1 1 1 1 1 1 1 1 1 1 1 1 1 1 1 1 1 1 1 1 1 1 1 1 1 1 1 1 1 1 1 1 1 0.666667 1 1 1 1 1 1 1 1 1 1 0.666667 0.666667 1 1 1 1 1 1 1 1 1 1 1 1 1 1 1 1 1 1 1 1 1 1 1 1 1 1 1 1 1 1 1 1 1 1 1 1 1 1 1 1 1 1 1 1 1 1 1 1 1 1 1 1 0.666667 1 1 1 1 1 1 1 1 1 1 1 1 1 1 1 1 1 1 1 1 1 1 1 1 1 1 1
1 1 1 1 1 1 1 1 1 1 1 1 1 1 1 1 1 1 1 1 1 1 1 1 1 1 1 1 1 1 1 1 1 1 1 1 1 0.666667 1 1 1 0.666667 0.666667 1 1 1 0.666667 0.666667 1 1 1 1 0.666667 1 1 1 1 0.666667 1 1 1 1 1 1 1 1 1 1 1 1 1 1 1 1 1 1 1 1 1 1 1 1 1 1 1 1 1 1 1 0.666667 0.666667 1 1 1 1 1 1 1 1 1 1 1 1 1 1 1 1 1 1 1 1 0.666667 1 1 1 1 1 1 1
0.666667 1 1 1 1 1 1 1 1 1 1 1 1 1 1 1 1 1 1 1 1 1 1 1 1 1 1 1 1 1 1 1 1 1 1 1 1 0.666667 1 1 1 1 1 1 1 0.666667 0.666667 1 1 1 1 0.666667 1 1 1 1 1 1 1 1 1 1 1 1 1 1 1 1 1 1 1 1 1 1 1 1 1 1 1 1 1 1 1 1 1 1 1 1 1 1 1 1 1 1 1 1 1 1 1 1 1 1 1 1 1 1 1 1 1 1 1 1 1 1 1 1 1 1 1 1 1 1 1 1 1 1
0.666667 1 1 1 1 1 1 1 1 1 1 1 1 1 1 0.666667 0.666667 0.666667 1 1 1 1 1 1 1 1 1 1 1 1 1 1 1 1 0.666667 1 1 1 1 1 1 1 1 1 1 1 1 1 1 1 1 1 1 0.666667 1 1 1 1 1 1 1 1 1 1 1 1 1 1 1 1 1 1 1 1 1 1 1 1 1 1 1 1 1 1 1 1 1 1 1 1 1 1 1 1 1 1 1 1 1 1 0.666667 0.666667 0.666667 1 1 1 1 1 1 1 1 1 1 1 1 1 1 1 1 1 1 1 1 1 1 1 1 1 1 1
1 1 1 1 1 1 1 1 1 1 1 1 1 1 1 1 1 1 1 1 1 1 1 1 1 1 1 1 1 1 1 1 1 1 1 1 1 1 1 1 1 1 1 1 1 1 1 1 1 1 1 1 0.666667 1 1 1 1 1 1 1 1 1 1 1 1 1 1 1 1 0.666667 1 1 1 1 1 1 1 1 1 1 1 1 1 1 1 1 1 1 1 1 1 1 1 1 1 1 1 1 1 1 1 1 1 1 1 1 1 1 1 1 1 1 1 1 1 1 1 1 1 1 1 1 1 1 1 1 1 1 1 0.666667 1 1 1 1 1 1 1 1 1 1
1 1 1 1 0.666667 1 1 1 1 1 1 1 1 1 1 1 1 1 1 1 1 1 1 1 1 1 1 1 1 1 0.666667 1 1 1 1 1 1 1 1 1 1 1 1 0.666667 0.666667 1 1 1 1 1 1 1 1 1 1 1 1 1 1 1 1 1 1 1 1 1 1 1 1 1 1 1 1 1 1 0.666667 1 1 1 1 1 1 1 1 1 1 1 0.666667 0.666667 1 1 1 1 1 1 1 1 1 0.666667 0.666667 0.666667 1 1 0.666667 1 1 1 1 1 1 1 1 1 0.666667 1 1 1 1 1 1 1 1 1 1 1 1 1 1 1 1 1 1 1 1 1 1 1 1 1 1 1 1 1 1 1 1 1 1 1 1 1 1 1 1 1 0.666667 1 1 1 1 1 1 1 1 1 1 1 1 1 1
1 1 1 1 0.666667 1 1 1 1 1 0.666667 1 1 1 1 1 1 1 1 1 1 1 0.666667 1 1 1 1 1 1 1 1 0.666667 1 1 1 1 1 1 1 1 1 1 1 1 1 1 1 1 1 1 1 1 1 1 1 1 1 1 1 1 1 1 1 1 1 1 1 0.666667 0.666667 1 1 1 1 1 1 1 0.666667 1 1 1 1 1 1 1 1 1 1 1 1 1 1 1 1 1 1 1 1 1 1 1 0.666667 1 1 1 1 1
1 1 1 1 1 1 1 1 1 1 1 1 1 1 1 1 0.666667 1 1 1 1 1 1 1 1 1 1 1 1 1 1 1 0.666667 1 1 1 1 1 1 1 1 1 1 1 1 1 1 1 1 1 1 1 1 1 1 1 1 1 1 1 1 1 1 1 1 1 1 1 1 1 1 1 0.666667 1 1 1 1 1 1 1 1 1 1 1 1 1 1 1 0.666667 0.666667 1 1 1 1 1 1 1 1 1 1 0.666667 1 0.666667 1 1 1 1 1 1 1 0.666667 0.666667 1 1 1 1 1 1 1 1 1 1 1 1 1 1 1 1 1 1 1 1 1 1 1 1 1 1 1 1 1 1 1 1 1 1 1 1 1 1 1 1 1 1 0.666667 1 1 1 1 1 1
1 1 1 1 1 1 1 1 0.666667 0.666667 1 1 1 1 1 1 1 1 1 1 1 1 1 0.666667 1 1 1 1 1 1 1 1 1 1 1 1 1 1 1 1 1 1 1 1 1 1 1 1 1 1 1 1 1 1 1 1 1 1 1 1 1 1 1 1 1 1 1 1 1 1 0.666667 1 1 1 1 1 1 1 1 1 1 1 1 1 1 0.666667 1 1 1 1 1 1 0.666667 1 1 0.666667 0.666667 1 1 1 1 1 1 1 1 1 1 1 1 1 1 1 1 1 1 1 1 1 1 1 1 1 1 1 1 1 1 1 1 1 1 1 1 1 1 0.666667 1 1 1 1 1 1 1 1 0.666667 1 1 1 1 1 1
1 1 1 1 1 1 1 0.666667 1 1 1 1 0.666667 0.666667 1 1 1 1 1 1 1 1 1 0.666667 1 1 1 1 1 1 1 1 1 0.666667 1 1 1 1 1 1 1 1 1 1 1 1 1 1 1 1 1 1 1 1 1 1 0.666667 1 1 1 1 1 1 1 1 1 1 1 1 1 1 1 0.666667 1 1 1 1 0.666667 0.666667 0.666667 1 1 1 1 1 1 1 1 1 1 1 1 1 1 1 1 0.666667 0.666667 1 1 1 1 1 1 1 1 1 1 1 1 1 1 1 1 1 1 1 1 1 1 1 1 1 0.666667 1 1 1 1 1 1 1 1 1 1 1 1 1 1 1 1 1 1 1 1
1 1 1 1 1 1 1 0.666667 0.666667 1 1 1 1 0.666667 1 1 1 1 1 1 1 1 1 1 1 1 1 1 1 0.666667 1 1 1 1 1 1 1 1 0.666667 1 1 1 1 1 1 1 1 1 1 1 1 1 1 1 1 1 1 1 1 1 1 1 1 1 1 1 1 1 1 1 0.666667 1 1 1 1 1 1 1 1 1 1 1 1 1 1 0.666667 1 1 1 1 1 1 1 1 1 0.666667 1 1 1 1 1 1 1 1 1 1 1 1 1 1 1 1 1 1 1 1 1 1 1 1 1 1 1 1 0.666667 1 1 1 1 1 1 1 1 1 1 1
1 1 1 1 1 1 1 1 1 1 1 1 1 1 1 1 1 1 1 1 1 1 1 1 1 1 1 1 1 1 0.666667 1 1 1 1 1 1 1 0.666667 1 1 1 1 1 1 1 1 1 1 1 1 1 1 1 1 1 1 1 1 1 1 1 1 1 1 1 1 1 1 1 0.666667 1 1 1 1 1 1 1 0.666667 1 1 0.666667 1 0.666667 0.666667 1 1 1 1 1 1 1 1 1 1 1 1 1 1 1 1 1 1 1 1 1 1 1 1 1 1 1 1 1 1 1 1 1 1 1 1 1 1 1 1 1 1 1 1 1 1 1 1 1 1 1 1
1 1 1 1 1 1 1 1 1 1 1 1 1 1 1 1 1 1 1 1 1 1 1 1 1 1 1 1 1 1 1 1 0.666667 0.666667 1 1 1 1 1 1 0.666667 0.666667 1 1 1 1 1 1 1 1 1 1 1 1 1 1 1 0.666667 0.666667 1 0.666667 0.666667 1 1 1 1 1 1 1 1 1 1 1 1 1 1 1 0.666667 0.666667 1 1 1 1 1 1 1 1 1 1 1 1 1 1 1 1 1 1 1 1 1 1 1 1 1 1 1 1 1 1 1 1 1 1 1 1 1 1 1 1 1 1 1 1 1 1 1 1 1 1 1 1 1 1 1 1 1 1 1
1 1 1 0.666667 1 1 1 1 1 1 1 1 1 1 1 1 1 1 1 1 1 1 1 1 1 1 1 1 1 1 1 0.666667 1 1 1 1 1 1 1 1 1 1 1 1 1 1 1 1 1 1 1 0.666667 1 1 1 1 1 1 1 1 1 1 1 1 1 1 1 1 1 1 1 1 1 1 1 1 1 1 1 0.666667 1 1 0.666667 1 1 1 1 1 1 1 1 1 1 1 1 1 1 1 1 1 1 1 1 1 1 1 1 1 1 1 1 1 1 1 0.666667 1 1 1 1 1 1 1 1 1 1
1 1 1 0.666667 1 1 1 1 1 0.666667 1 0.666667 1 1 1 1 1 1 1 1 1 1 1 1 1 1 1 1 1 1 0.666667 1 1 1 1 1 1 0.666667 1 1 1 1 1 1 1 1 1 1 0.666667 1 1 1 1 1 1 1 1 1 1 1 1 1 1 1 1 1 1 1 1 1 1 1 1 1 1 1 1 1 1 1 1 1 1 1 1 1 1 1 1 1 1 0.666667 1 1 1 1 1 1 1 1 1 1 1 1 1 0.666667 1 1 1 1 1 1 1 1 1 1 1 1 1 1 0.666667 1 1 1 1 1 1
1 1 1 1 1 1 1 1 1 1 1 0.666667 1 1 1 1 1 1 1 1 1 1 1 1 1 0.666667 1 1 1 1 1 1 1 1 1 1 1 1 1 1 0.666667 0.666667 1 1 1 1 1 1 1 1 1 1 1 1 1 1 1 1 1 1 1 1 1 1 0.666667 1 1 1 1 1 1 1 1 0.666667 0.666667 1 1 0.666667 1 1 1 1 1 1 1 1 1 1 0.666667 1 1 1 0.666667 0.666667 1 1 1 1 1 1 1 1 1 1 1 1 1 1 1 1 1 1 1 1 1 1 1 1 1 1 1
1 1 1 1 1 1 1 1 1 1 1 1 1 1 1 1 1 1 1 1 1 1 1 1 1 1 1 0.666667 1 1 1 1 1 1 1 1 1 1 1 1 1 1 1 1 1 1 1 1 1 1 1 1 1 1 1 1 1 1 1 1 0.666667 1 1 1 0.666667 0.666667 1 1 1 1 1 0.666667 1 1 1 1 1 1 0.666667 1 1 1 1 1 1 1 0.666667 0.666667 1 1 1 1 1 1 1 1 1 1 1 1 1 1 1 1 1 1 1 1 1 1 1 1 1 1 1 1 1 1 1 1 1 1 1 1 1 1 1 1 1 1 1 1 1 1 1 1
1 1 1 1 1 1 1 1 1 1 1 1 1 1 1 1 1 1 1 1 1 1 1 1 0.666667 1 1 1 1 1 1 1 1 1 1 1 1 1 1 1 1 1 1 1 1 1 1 1 1 1 1 1 1 1 1 1 1 1 1 1 0.666667 0.666667 1 1 1 1 1 1 0.666667 0.666667 1 1 1 1 1 1 0.666667 1 1 1 1 1 1 1 1 1 1 1 1 1 0.666667 0.666667 0.666667 1 1 1 1 1 0.666667 0.666667 1 1 1 1 1 1 1 1 1 1 1 1 1 1 1 1 1 1 1 1 1 1 1 1 1 1 1 1 1 1 1 1 1 1 1 1 1 1 1 1
1 1 1 1 1 1 1 1 1 1 1 1 1 1 1 1 1 0.666667 1 1 1 1 1 1 1 1 1 1 1 1 1 1 1 1 1 1 1 1 1 1 1 1 1 1 1 1 0.666667 1 1 1 1 1 1 1 1 1 1 1 1 1 1 1 1 1 0.666667 1 1 1 1 1 1 1 1 1 1 1 1 0.666667 1 0.666667 1 1 1 1 1 1 1 0.666667 1 0.666667 1 1 1 1 1 1 1 1 1 1 1 1 0.666667 1 0.666667 1 1 1 1 1
1 1 1 1 1 1 1 1 1 1 1 1 1 1 1 1 1 1 1 1 1 1 1 1 1 0.666667 1 1 1 1 1 1 1 1 1 1 0.666667 1 1 1 1 1 1 1 1 1 1 1 1 1 1 1 1 1 1 1 1 1 1 1 1 1 1 1 1 0.666667 1 0.666667 0.666667 1 1 1 1 1 1 1 1 0.666667 0.666667 1 0.666667 1 1 1 1 1 1 1 1 1 1 1 1 1 1 1 1 1 1 1 1 1 1 1 1 1 1 1 1 1 1
1 1 1 1 1 1 1 1 1 1 0.666667 0.666667 1 1 0.666667 1 1 1 1 1 1 1 1 1 1 1 1 1 1 1 1 1 1 1 1 1 0.666667 1 1 1 1 1 1 1 1 1 1 1 1 1 1 1 1 1 1 1 1 1 1 1 1 1 1 1 1 1 1 1 1 1 1 1 1 1 1 1 1 1 1 1 0.666667 0.666667 1 1 1 1 1 1 1 1 1 1 1 1 1 1
1 1 1 1 1 1 1 1 1 1 1 0.666667 1 1 1 1 1 1 1 1 1 1 1 1 1 1 0.666667 1 1 1 1 1 1 1 1 1 1 1 1 1 1 1 1 1 1 1 1 1 1 1 1 1 1 1 1 1 1 1 1 1 1 1 1 1 1 1 1 1 1 1 1 1 1 0.666667 1 1 1 1 1 1 1 1 1 1 1 1 0.666667 1 1 1 1 1 1 1 1 1 1 1 1 1 0.666667 1 1 1 1 1 1 1 1 1 1 1 1 1 1 1 1 1 1 1 1 1 1 1 1 1 1 1 1 1 1 1 1 1
1 1 1 1 1 1 1 1 1 1 1 1 1 1 1 1 1 1 1 1 1 1 1 1 1 1 1 1 1 1 1 1 1 1 0.666667 1 1 1 1 1 1 1 1 1 1 1 1 1 1 1 1 1 1 0.666667 1 1 1 1 1 1 1 1 0.666667 0.666667 1 1 1 1 1 0.666667 1 1 1 1 1 1 1 1 1 1 1 1 1 0.666667 0.666667 1 1 1 1 1 1 1 1 1 1 1 1 1 1 1 1 1 1 1 1 1 1 1 1 1 1 1 1 1 1
1 1 1 1 1 1 1 1 1 1 1 1 1 1 1 1 1 1 1 1 1 1 1 1 1 1 1 1 1 1 1 0.666667 1 1 1 1 1 1 1 1 1 1 1 1 1 1 1 1 1 1 1 1 1 1 1 1 1 1 1 1 1 1 1 0.666667 0.666667 1 1 1 1 1 1 1 1 1 1 1 1 1 1 1 1 1 1 1 1 1 1 1 1 1 1 1 1 1
1 1 1 1 1 1 1 1 1 1 1 0.666667 1 1 1 1 1 1 1 1 1 1 1 1 1 1 1 1 1 1 1 1 0.666667 1 1 1 1 1 1 1 1 1 1 1 1 1 1 1 1 1 0.666667 0.666667 1 1 1 1 1 1 1 1 1 1 1 1 1 1 1 1 1 1 1 1 1 1 1 1 1 1 1 1 1 1 1 1 1 1 1 1 1 1 1 1 1 1 1 1 1 1 1 1 1 1 1 1 1 1 1 0.666667 0.666667 1 1 1 1 1 1 1 1 1 1 1 1 1 1
1 1 1 1 1 1 1 1 0.666667 1 1 1 1 1 1 1 1 1 1 1 1 1 1 1 1 1 1 1 1 1 1 1 1 1 1 1 1 1 1 1 1 1 1 1 1 1 1 1 1 1 1 1 1 1 1 1 1 1 1 1 1 1 1 1 1 1 1 1 1 1 1 1 1 1 1 1 1 1 1 1 1 1 1 1 1 1 1 1 1 1 1 1 1 1 1 1 1 1 1 1 1 1 1 1 1 0.666667 1 1 1 1 1 1 1 0.666667 0.666667 1 1 1 1 0.666667 1 1 1 1 1 1 1 1 1 1 1 1 1 1 1 0.666667 1 1 1 1 1 1 1 1 1 1 1 1 0.666667 0.666667 0.666667 1 1 1 1 1 1
1 1 1 1 1 1 1 1 1 1 1 1 1 1 1 1 1 1 1 1 1 1 1 1 1 1 1 1 1 1 1 1 1 1 1 1 1 1 1 1 1 1 1 1 1 1 1 1 1 1 1 1 1 1 1 1 1 1 0.666667 1 1 1 1 1 1 1 1 1 1 1 1 1 1 1 1 1 1 1 1 1 1 1 1 1 1 1 1 1 1 1 1 1 1 1 1 1 1 1 1 1 1 1 1 1 1 1 1 1 1 1 1 1 1 1 1 1 1 0.666667 0.666667 0.666667 0.666667 1 1 1 1 0.666667 1 1 1 1 0.666667 0.666667 1 1 1 0.666667 1 0.666667 0.666667 1 1 1 1 1 1 0.666667 1 1 1 1 1 1 1 1 1 1 1 0.666667 1 1 1 1 1 0.666667 1 1 1 1 1 1 1 1
0.666667 0.666667 1 1 1 1 1 1 1 1 1 1 0.666667 1 1 1 1 1 1 1 1 1 1 1 1 1 1 1 1 1 1 1 1 1 1 1 1 1 1 1 1 1 1 1 1 1 1 1 1 1 1 1 1 1 1 1 1 1 1 1 1 1 1 1 1 1 1 1 1 1 1 1 1 1 1 1 1 0.666667 1 1 1 1 1 1 1 1 1 1 0.666667 1 1 1 1 1 1 0.666667 1 1 0.666667 1 1 1 1 1 1 1 1 1 1 1 1 1 1 1 1 1 1 1 1 1 1 1 1 1 1 1 1 1 1 1 1 1 1 1 1 1 1 1 0.666667 0.666667 1 1 1 1 1 1 1 1 1 0.666667 0.666667 0.666667 0.666667 1 0.666667 0.666667 1 0.666667 0.666667 1 1 1 1 1 1 1 1 1 1 1 0.666667 0.666667 1 1 1 1 1 1 1 1 1 1 1 1 1 1 1 1 1 1 1 1 1 1 1 1 0.666667 0.666667 0.666667 1 1 1 1 0.666667 1 1 1 1
1 1 1 1 1 1 0.666667 1 1 1 0.666667 0.666667 1 1 1 1 1 1 1 1 1 1 1 1 1 1 1 1 1 1 1 1 1 1 1 1 1 1 1 1 1 1 1 1 1 1 1 1 1 1 1 1 1 1 1 1 1 1 1 1 1 1 1 1 1 1 1 1 1 1 1 1 1 1 1 1 1 1 0.666667 1 1 1 1 1 1 1 1 1 1 1 1 0.666667 1 1 1 1 1 1 1 1 1 1 1 0.666667 1 1 1 1 1 1 1 1 1 1 1 1 1 1 0.666667 1 1 1 1 1 0.666667 1 1 1 0.666667 1 0.666667 1 1 1 0.666667 0.666667 1 1 1 1 1 1 1 1 0.666667 0.666667 0.666667 1 1 1 1 0.666667 1 1 1 1 1 1 1 1 0.666667 1 1 1 1 1 1 1 1 1 1 1 1 1
1 1 1 1 1 1 1 1 1 1 0.666667 1 1 1 1 1 1 1 1 1 1 1 1 1 1 1 1 1 1 1 1 1 1 1 1 1 1 1 1 1 1 1 1 1 1 1 1 1 1 1 1 1 1 1 1 1 1 1 1 1 1 1 1 1 1 1 1 1 1 1 1 1 0.666667 1 1 1 1 1 1 1 1 1 1 1 1 1 1 1 1 1 1 1 1 1 1 1 1 1 1 1 1 1 1 1 1 1 1 0.666667 1 1 1 1 1 1 0.666667 1 0.666667 0.666667 1 1 1 1 1 1 0.666667 0.666667 1 1 1 0.666667 1 1 1 0.666667 1 0.666667 1 1 1 1 1 1 1 1 1 1 1 1 1 1 1 1 1 1 1 1 1 0.666667 1 1 1 1 1 1 1 1
1 1 1 1 1 0.666667 1 1 1 1 1 1 1 1 1 1 1 1 1 1 1 1 1 1 1 1 1 1 1 1 1 1 1 1 1 1 1 1 1 1 1 1 1 1 1 1 1 1 1 1 1 1 1 1 1 1 1 1 1 1 1 1 1 1 1 1 1 1 1 1 1 1 1 1 1 1 1 1 1 1 1 1 1 1 1 1 1 1 1 1 1 1 1 1 1 1 1 1 1 1 1 1 1 1 1 1 1 1 1 1 1 1 1 1 1 1 1 1 1 1 1 1 1 1 1 1 1 1 1 1 1 1 1 1 1 1 1 1 1 0.666667 0.666667 1 1 0.666667 1 0.666667 1 1 1 0.666667 1 1 1 1 1 1 1 1 1 1 1 1 1 1 1 1 1 0.666667 1 1 1 1 1 1 1 1 1 1 1
1 1 1 1 1 1 1 1 0.666667 1 1 1 1 1 1 1 1 1 1 1 1 1 1 1 1 1 1 1 1 1 1 1 1 1 1 1 1 1 1 1 1 1 1 1 1 1 1 1 1 1 1 1 1 1 1 1 1 1 1 1 1 1 1 1 1 1 1 1 1 1 1 1 1 1 1 1 1 1 1 1 1 1 1 1 1 1 0.666667 1 1 1 1 1 1 1 1 1 1 1 1 1 1 1 1 1 1 1 1 1 1 1 1 1 1 1 1 1 1 1 1 1 1 1 1 1 1 1 1 1 0.666667 1 1 1 1 1 1 1 1 1 1 1 1 1 1 1 1 1 1 1 1 1 1 1 0.666667 1 1 1 1 1 1 1 1 1 1 1 1 1 0.666667 1 1 1 1 1 1
1 1 1 1 1 1 1 1 1 1 1 1 0.666667 1 1 1 1 1 1 1 1 1 1 1 1 1 1 1 1 1 1 1 1 1 1 1 1 1 1 1 1 1 1 1 1 1 1 1 1 1 1 1 1 1 1 1 1 1 1 1 1 1 1 1 1 1 1 1 1 1 1 1 1 1 1 1 1 1 1 1 1 1 1 1 1 1 1 1 1 1 1 1 1 1 1 1 1 1 1 1 1 0.666667 1 1 0.666667 1 1 1 1 1 1 1 1 1 1 0.666667 1 1 1 1 1 1 1 0.666667 0.666667 0.666667 0.666667 1 1 1 1 1 1 1 1 1 1 1 1 1 1 1 1 1 1 1 1 1 1 1 1 1 1 1 1 1 1 1 1
1 1 1 1 1 1 1 1 1 1 1 1 1 1 1 1 1 1 1 1 1 1 1 1 1 1 1 1 1 1 1 1 1 1 1 1 1 1 1 1 1 1 1 1 1 1 1 1 1 1 1 1 1 1 1 1 1 1 1 1 1 1 1 1 1 1 1 1 1 1 1 1 1 1 1 1 1 1 1 1 1 1 1 1 1 1 1 1 1 1 1 1 1 1 1 1 1 1 0.666667 1 1 1 1 1 1 1 0.666667 0.666667 0.666667 1 1 1 1 1 1 1 0.666667 0.666667 1 1 1 1 1 1 1 0.666667 0.666667 0.666667 1 1 1 1 1 1 0.666667 1 1 1 1 1 1 1 0.666667 1 1 1 1 1 1 1 1 1 1 1 1 1 1 1 1 1 1
1 1 1 0.666667 1 1 1 1 0.666667 1 1 1 1 1 1 1 1 1 1 1 1 1 1 1 1 1 1 1 1 1 1 1 1 1 1 1 1 1 1 1 1 1 1 1 1 1 1 1 1 1 1 1 1 1 1 1 1 1 0.666667 1 1 1 1 1 1 1 0.666667 0.666667 1 1 1 1 1 1 1 1 1 1 1 1 1 1 0.666667 1 1 1 1 1 1 1 1 1 1 1 1 1 1 1 1 1 1 1 1 1 1 1 1 1 1 1 1 1 1 1 1 1 1 1 1 1 0.666667 0.666667 1 1 1 1 1 1 1 1 1 1 1 0.666667 0.666667 0.666667 1 1 1 1 1 1 1 1 1 0.666667 1 1 1 1 1 1 1 1 1 1 1 1 1 1 1 1 1 1 1 1 1 1 1 1
1 1 1 1 1 1 1 1 1 1 1 1 1 1 1 1 1 1 1 1 1 1 1 1 1 0.666667 1 1 1 1 1 1 1 1 1 1 1 1 1 1 1 1 1 1 1 1 1 1 1 1 1 1 1 1 1 1 1 1 1 1 1 1 1 1 1 1 1 1 1 1 1 1 1 1 1 1 1 1 1 1 1 1 1 1 1 1 1 1 1 1 1 1 1 1 1 1 1 1 1 1 1 1 1 1 1 1 1 1 1 1 1 1 1 1 1 1 1 1 1 1 1 1 1 1
1 1 1 1 0.666667 0.666667 1 1 1 0.666667 1 1 1 1 1 1 1 1 1 1 1 1 1 1 1 1 1 1 1 1 1 1 1 1 1 1 1 1 1 1 1 1 1 1 1 1 1 1 1 1 1 1 1 1 1 1 1 1 1 1 1 1 1 1 1 1 1 1 1 1 1 1 1 1 1 1 1 1 1 1 1 1 1 1 1 1 1 1 1 1 1 0.666667 1 1 1 1 1 1 1 0.666667 1 1 1 1 1 1 1 1 1 1 1 1 1 1 1 1 1 1 1 1 1 1 1 1 1 1 1 1 1 1 1 1 1
1 1 1 1 1 1 1 0.666667 1 1 1 1 1 1 1 1 1 0.666667 1 1 1 1 1 1 1 1 1 0.666667 0.666667 0.666667 1 1 1 1 1 1 1 1 1 1 1 1 1 1 1 1 1 1 1 1 1 1 1 1 1 1 1 1 1 1 1 1 1 1 0.666667 1 1 1 1 1 1 1 1 1 1 1 1 1 1 1 1 1 1 1 1 1 1 0.666667 0.666667 1 1 1 1 1 1 1 1 1 1 1 1 1 1 1 1 1 1 1 1 1 1 1 1 1 1 1 1 1 1 0.666667 1 1 1 1 1 1 1 1 1 1 1 1 1 1 1 1 1 0.666667 1 1 1 1 1 1 1 1 1 1 1 1 1 1
1 1 1 1 0.666667 0.666667 1 1 1 1 1 1 0.666667 0.666667 1 1 1 0.666667 1 1 1 1 1 1 1 1 1 1 1 0.666667 1 1 1 1 1 1 1 1 1 1 0.666667 1 1 1 1 1 1 1 1 1 1 1 1 1 1 1 1 1 1 1 1 1 1 1 1 1 1 1 1 1 1 1 1 1 1 1 1 1 1 1 1 1 1 1 1 1 1 1 1 1 0.666667 1 0.666667 1 1 1 1 1 1 1 1 1 0.666667 1 0.666667 0.666667 1 1 1 1 1 1 1 1 1 1 1 1 1 1 1 1 1 1 1 1 1 1 1 1 1 1 1 1 1 1 1 1 1 1 1 1
1 1 1 1 1 0.666667 1 1 1 1 1 1 0.666667 1 1 1 1 1 1 1 1 1 1 1 1 1 1 1 1 0.666667 1 1 0.666667 0.666667 1 1 1 1 1 1 1 1 1 1 0.666667 0.666667 1 1 1 1 1 1 1 1 1 1 1 1 1 1 1 1 1 1 1 1 1 1 1 1 1 1 1 1 1 1 1 1 1 1 1 1 0.666667 1 1 1 1 1 1 1 1 1 1 1 1 1 1 1 1 1 1 1 1 1 0.666667 0.666667 0.666667 0.666667 1 0.666667 1 1 1 1 1 1 1 1 1 1 1 1 1 1 1 1 1 1 1 1 1 1 1 1 1 1 1 1 1 1 1 1 1 1 1 1 1 1 1 0.666667 1 1 1 1 1 1 1 1 1
1 1 1 1 1 1 1 1 1 1 1 1 1 1 1 1 1 1 1 1 1 1 1 1 1 1 1 1 1 0.666667 1 1 1 1 1 1 1 1 1 1 1 1 1 1 1 1 1 1 1 1 1 1 1 1 1 1 1 1 0.666667 1 1 1 1 1 1 1 1 1 1 1 1 1 1 1 1 1 1 0.666667 1 1 1 1 1 1 1 1 1 1 1 1 0.666667 0.666667 1 1 1 1 1 1 1 1 1 1 1 1 1 1 1 1 1 0.666667 1 1 1 1 1 1 1 1
1 1 1 1 1 1 0.666667 0.666667 1 1 1 0.666667 0.666667 1 1 1 1 1 1 1 1 1 1 1 1 1 0.666667 1 0.666667 0.666667 1 1 1 1 1 1 1 1 1 0.666667 1 1 1 1 1 1 1 1 1 1 1 1 1 1 1 1 1 1 1 1 1 1 1 1 1 1 1 0.666667 0.666667 0.666667 0.666667 0.666667 1 1 1 1 1 0.666667 0.666667 0.666667 1 1 1 1 1 1 1 0.666667 1 1 1 1 1 1 1 1 1 0.666667 0.666667 0.666667 0.666667 0.666667 1 1 1 1 1 1 1 1 1 1 1 1 1 1 1 1 1 1 1 1 1 1 1 1 1 1 1 1 1 1 1 1 1 1 1
1 1 1 1 1 1 1 1 0.666667 0.666667 1 1 1 1 1 1 1 1 1 0.666667 1 1 1 1 1 1 1 1 1 1 0.666667 1 1 1 1 1 1 1 1 1 1 1 1 1 1 1 1 1 1 1 1 1 1 1 1 1 0.666667 1 1 1 1 1 1 1 1 1 1 1 1 1 1 1 1 1 1 1 1 1 1 0.666667 1 1 1 0.666667 0.666667 0.666667 1 1 1 1 1 1 1 1 1 1 1 1 1 1 1 1 1 1 1 1 1 1 1 1 1 1 1 1 1 1 1 1 1 1
1 1 1 1 1 1 1 1 1 1 1 1 1 1 1 1 1 1 1 1 1 1 1 1 1 1 1 1 1 1 1 1 1 1 1 1 1 1 1 1 1 1 1 1 1 1 1 1 1 1 1 1 1 1 1 1 1 1 1 1 1 1 1 1 1 1 1 1 1 1 1 1 1 1 1 1 1 1 1 1 1 1 1 1 1 1 1 1 1 1 1 1 0.666667 1 1 1 1 1 1 1 1 1 1 1 1 1 1 0.666667 1 1 1 1 1 1 1 1 1 1 1 1 1
1 1 1 1 1 1 1 1 1 1 1 1 0.666667 1 1 1 1 1 1 1 1 1 1 1 1 1 1 1 1 1 1 1 1 1 1 1 1 1 1 1 1 1 1 1 1 1 1 1 1 1 1 1 1 1 1 1 1 1 1 1 1 1 1 1 1 0.666667 1 1 1 1 1 1 1 1 1 1 1 1 1 1 1 1 1 1 1 1 1 1 1 1 0.666667 0.666667 1 1 1 1 1 1 1 1 1 1 1 1 1 1 1 1 1 1 1 1 1 1 1 1
