-0.99109
-1.00407
-1.01546
-0.92957
-0.97113
-0.97432
-0.92753
-0.96811
-0.97877
-0.95931
-0.99902
-0.88220
-0.91671
-0.94393
-0.92724
-0.89486
-0.97346
-0.83650
-0.82275
-0.87366
-0.93144
-0.98843
-0.91854
-0.91298
-0.94837
-0.85388
-0.94662
-0.97748
-0.88609
-0.84789
-0.94181
-0.87949
-0.96967
-1.00342
-0.92232
-0.94902
-0.88083
-0.91458
-0.95415
-0.94270
-1.12791
-1.09950
-1.11662
-1.11678
-1.06398
-1.14134
-1.15506
-1.06580
-1.06236
-1.09803
-0.83633
-0.87037
-0.87005
-0.86513
-0.84259
-0.90537
-0.92198
-0.84292
-0.88916
-0.85427
