-0.31619
-0.28064
-0.36009
-0.30447
-0.29299
-0.28072
-0.30536
-0.28627
-0.28534
-0.27841
-0.26808
-0.23961
-0.26326
-0.27119
-0.23597
-0.20418
-0.30821
-0.19670
-0.22315
-0.21014
-0.26717
-0.30978
-0.27467
-0.25493
-0.30493
-0.27560
-0.30976
-0.28773
-0.23788
-0.23946
-0.34911
-0.28029
-0.31705
-0.36641
-0.32342
-0.34311
-0.23497
-0.28737
-0.32355
-0.35509
-0.32172
-0.36236
-0.36658
-0.34559
-0.34743
-0.35186
-0.33999
-0.32204
-0.31124
-0.35305
-0.25654
-0.24728
-0.27605
-0.24982
-0.25107
-0.28930
-0.32189
-0.25874
-0.27627
-0.25808
