-0.51916
-0.44248
-0.55417
-0.48192
-0.48855
-0.46542
-0.47576
-0.46215
-0.47728
-0.46897
-0.49596
-0.43298
-0.43538
-0.46084
-0.42575
-0.40371
-0.51734
-0.39476
-0.40857
-0.40166
-0.44934
-0.47815
-0.45671
-0.43909
-0.49987
-0.43776
-0.50544
-0.47283
-0.40846
-0.38606
-0.54883
-0.46056
-0.51473
-0.57819
-0.51225
-0.54589
-0.41919
-0.46713
-0.53035
-0.55217
-0.53341
-0.58363
-0.56878
-0.55159
-0.53415
-0.57225
-0.55895
-0.55161
-0.51571
-0.56857
-0.43666
-0.43472
-0.45728
-0.42241
-0.42675
-0.48161
-0.50347
-0.42495
-0.47173
-0.44310
