0.3375 0.3375 0.3375 0.3375 0.3375 0.3375 0.3375 0.3375 0.3375 0.325 0.325 0.325 0.325 0.325 0.325 0.3375 0.3375 0.3375 0.3375 0.35 0.35 0.35 0.35 0.35 0.35 0.35 0.35 0.3625 0.3625 0.35 0.35 0.3625 0.3625 0.3625 0.3625 0.3625 0.375 0.375 0.3875 0.3875 0.4 0.4125 0.4125 0.4 0.4 0.4 0.4 0.3875 0.3875 0.375 0.3875 0.3875 0.4 0.4 0.4125 0.425 0.425 0.425 0.425 0.4125 0.4125 0.425 0.4125 0.4125 0.425 0.425 0.4125 0.4125 0.4125 0.4125 0.4125 0.4125 0.425 0.425
0.35 0.35 0.35 0.35 0.35 0.35 0.35 0.35 0.35 0.35 0.35 0.35 0.3625 0.35 0.35 0.3625 0.35 0.35 0.35 0.3625 0.3625 0.3625 0.3625 0.3625 0.35 0.35 0.35 0.3625 0.35 0.3625 0.3625 0.375 0.3875 0.3875 0.3875 0.4 0.4 0.4125 0.425 0.425 0.4375 0.45 0.4375 0.45 0.4375 0.45 0.45 0.45 0.4625 0.4625 0.45 0.4375 0.4375 0.4375 0.4375 0.4375 0.4375 0.45 0.4375 0.4375 0.4375 0.425 0.4125 0.4 0.375 0.375 0.3625 0.3625 0.3625 0.3625 0.3625 0.35 0.3375 0.325 0.3125 0.3125 0.325 0.325 0.325 0.325 0.325 0.325 0.325 0.325 0.325 0.3375 0.3375 0.3375 0.3375 0.3375 0.3375 0.35 0.35 0.35 0.3625
0.35 0.35 0.35 0.35 0.35 0.35 0.35 0.35 0.35 0.35 0.35 0.35 0.35 0.3375 0.35 0.35 0.35 0.35 0.35 0.35 0.35 0.35 0.35 0.35 0.3625 0.3625 0.35 0.35 0.35 0.35 0.35 0.35 0.35 0.35 0.35 0.35 0.3625 0.3625 0.375 0.375 0.375 0.375 0.3625 0.3625 0.3625 0.3625 0.3625 0.3625 0.375 0.375 0.3875 0.3875 0.3875 0.4 0.3875 0.3875 0.375 0.375 0.375 0.3875 0.3875 0.4 0.3875 0.3875 0.375 0.3875 0.3875 0.4 0.3875 0.4 0.4 0.4125 0.4125 0.4125
0.35 0.35 0.35 0.3625 0.3625 0.3625 0.3625 0.3625 0.35 0.35 0.3625 0.3625 0.3625 0.35 0.35 0.3625 0.3625 0.3625 0.3625 0.3625 0.375 0.375 0.375 0.375 0.375 0.375 0.3875 0.3875 0.4 0.4 0.4125 0.4125 0.4125 0.4125 0.4125 0.4125 0.4125 0.4125 0.425 0.4375 0.4375 0.4375 0.45 0.45 0.4375 0.4375 0.4375 0.425 0.425 0.425 0.4375 0.4375 0.4375 0.4375 0.4375 0.4375 0.4375 0.4375 0.425 0.425 0.425 0.425
0.325 0.3375 0.325 0.325 0.325 0.3375 0.3375 0.3375 0.3375 0.3375 0.3375 0.3375 0.3375 0.3375 0.35 0.35 0.35 0.35 0.35 0.3625 0.35 0.3625 0.3625 0.3625 0.3625 0.3625 0.375 0.375 0.375 0.375 0.375 0.375 0.375 0.3875 0.3875 0.3875 0.3875 0.3875 0.3875 0.4 0.4 0.4125 0.4125 0.4 0.4 0.4 0.3875 0.4 0.4125 0.425 0.425 0.425 0.425 0.4375 0.4375 0.4375 0.4375 0.425 0.425 0.4125 0.4125 0.4125 0.425 0.4375 0.4375 0.425 0.4125 0.4 0.4 0.4 0.3875 0.375 0.3875 0.375 0.3875 0.3875 0.3875 0.3875 0.4 0.4 0.4 0.4 0.4125 0.4125 0.4125 0.425 0.425 0.4125
0.375 0.3875 0.3875 0.3875 0.3875 0.3875 0.3875 0.375 0.375 0.375 0.3875 0.3875 0.3875 0.3875 0.3875 0.3875 0.3875 0.3875 0.3875 0.3875 0.4 0.4 0.3875 0.3875 0.3875 0.4 0.4125 0.4 0.4 0.4 0.4 0.4 0.4 0.4 0.4 0.4 0.4 0.4 0.3875 0.3875 0.3875 0.3875 0.3875 0.3875 0.3875 0.3875 0.3875 0.4 0.4 0.4 0.4125 0.4125 0.4125 0.4125 0.4125 0.4125 0.4125 0.425 0.4375 0.4375 0.425 0.425 0.4125 0.4125 0.4125 0.4125 0.425 0.425 0.4375 0.4375 0.425 0.4125 0.4 0.3875 0.375 0.3625 0.35 0.3375 0.325 0.3125 0.325 0.325 0.325 0.325 0.3375 0.325 0.3375 0.3375 0.325 0.3375 0.3375 0.35 0.35 0.3625 0.3625 0.375 0.375 0.3875 0.3875 0.4 0.3875 0.4
0.3625 0.375 0.375 0.375 0.375 0.3625 0.3625 0.3625 0.3625 0.3625 0.3625 0.3625 0.3625 0.3625 0.375 0.375 0.3625 0.375 0.375 0.375 0.375 0.375 0.375 0.375 0.375 0.375 0.3875 0.3875 0.3875 0.3875 0.3875 0.3875 0.3875 0.3875 0.3875 0.3875 0.3875 0.3875 0.3875 0.4 0.4 0.4125 0.425 0.425 0.425 0.4375 0.425 0.4375 0.45 0.45 0.4625 0.4625 0.4625 0.4625 0.475 0.4625 0.4625 0.45 0.4375 0.425 0.425 0.425 0.425 0.4375 0.425 0.4375 0.4125 0.4 0.4 0.4 0.4 0.4 0.4125 0.4 0.4125 0.4 0.4125 0.4125 0.4 0.4 0.4 0.4 0.3875 0.4
0.35 0.35 0.35 0.35 0.35 0.35 0.35 0.35 0.35 0.35 0.3625 0.3625 0.3625 0.3625 0.3625 0.3625 0.3625 0.3625 0.3625 0.35 0.35 0.35 0.3625 0.3625 0.3625 0.3625 0.375 0.375 0.3625 0.375 0.3875 0.3875 0.3875 0.4 0.4 0.4 0.4125 0.425 0.4375 0.4375 0.45 0.45 0.4375 0.425 0.425 0.4125 0.4 0.3875 0.4 0.4125 0.4125 0.4125 0.4125 0.4125 0.4 0.4 0.4 0.4 0.4125 0.4 0.4125 0.4125 0.4125 0.4125 0.4 0.3875 0.3875 0.3875 0.3875 0.375 0.375 0.3875 0.375 0.375
0.35 0.35 0.35 0.35 0.3625 0.3625 0.3625 0.3625 0.3625 0.3625 0.3625 0.3625 0.3625 0.3625 0.35 0.35 0.35 0.3625 0.3625 0.35 0.35 0.35 0.35 0.35 0.35 0.35 0.3625 0.3625 0.3625 0.3625 0.3625 0.3625 0.3625 0.3625 0.375 0.375 0.3875 0.3875 0.375 0.375 0.375 0.375 0.3625 0.3625 0.3625 0.375 0.375 0.3875 0.3875 0.4 0.4 0.4125 0.425 0.425 0.4125 0.4125 0.4 0.3875 0.3875 0.3875 0.375 0.3625 0.375 0.375 0.3875 0.3875 0.3875 0.3875 0.4 0.4 0.375 0.3875 0.4 0.4 0.4 0.4125 0.4125 0.4125 0.4125 0.4125 0.4125 0.4125 0.4125 0.425 0.425 0.425 0.425 0.425 0.425 0.425 0.425 0.425 0.425 0.425 0.4375
0.35 0.3625 0.35 0.35 0.35 0.35 0.3625 0.3625 0.35 0.35 0.3625 0.35 0.3625 0.3625 0.3625 0.3625 0.3625 0.3625 0.3625 0.375 0.375 0.375 0.375 0.375 0.375 0.375 0.375 0.3875 0.3875 0.3875 0.4 0.4 0.3875 0.3875 0.3875 0.3875 0.3875 0.4 0.4 0.4125 0.4125 0.425 0.4125 0.4 0.4 0.4 0.4 0.4125 0.4125 0.4125 0.425 0.4 0.4 0.3875 0.375 0.375 0.3875 0.3875 0.3875 0.3875 0.3875 0.375 0.3875 0.3875 0.4 0.4 0.4 0.4125 0.4125 0.4125 0.4125 0.425 0.4125 0.4125 0.4125 0.425 0.425 0.425 0.425 0.4125 0.4125
0.325 0.3375 0.325 0.325 0.325 0.325 0.325 0.325 0.325 0.325 0.325 0.325 0.3125 0.3125 0.325 0.3375 0.325 0.3375 0.325 0.325 0.325 0.3375 0.3375 0.3375 0.3375 0.3375 0.3375 0.35 0.35 0.35 0.35 0.35 0.35 0.35 0.3625 0.3625 0.3625 0.375 0.3625 0.375 0.375 0.375 0.375 0.375 0.375 0.375 0.375 0.375 0.375 0.375 0.375 0.375 0.3875 0.3875 0.3875 0.4 0.4 0.4125 0.4125 0.4125 0.4125 0.4125 0.4125 0.4125 0.425 0.425 0.425 0.425 0.4125 0.4125 0.425 0.425 0.425 0.4375 0.45 0.45 0.4625 0.4625 0.475 0.4875 0.5 0.5
0.3875 0.3875 0.3875 0.3875 0.3875 0.3875 0.3875 0.3875 0.4 0.4 0.4 0.4 0.4 0.4 0.4 0.4 0.4125 0.4125 0.4125 0.4125 0.425 0.4375 0.4375 0.45 0.45 0.4375 0.45 0.45 0.45 0.45 0.45 0.45 0.45 0.4625
0.35 0.35 0.3625 0.3625 0.3625 0.3625 0.375 0.3625 0.3625 0.3625 0.375 0.375 0.3875 0.375 0.375 0.375 0.375 0.375 0.375 0.375 0.375 0.375 0.375 0.3875 0.3875 0.3875 0.4 0.3875 0.3875 0.4 0.4 0.4125 0.425 0.425 0.425 0.425 0.4125 0.4125 0.4125 0.425 0.425 0.425 0.4125 0.4125 0.4125 0.4125 0.4125 0.4125 0.4125 0.4125 0.4125 0.425 0.425 0.4375 0.45 0.4375 0.4375 0.425 0.425 0.425 0.425 0.425 0.4375 0.4375 0.4375 0.45 0.45 0.4375 0.45 0.45 0.45 0.4625 0.4625
0.3375 0.35 0.35 0.35 0.35 0.35 0.35 0.35 0.3625 0.3625 0.375 0.375 0.375 0.375 0.3875 0.3875 0.3875 0.4 0.4 0.4 0.4 0.3875 0.4 0.4 0.4 0.4 0.4 0.4 0.4125 0.4125 0.425 0.4375 0.4375 0.4375 0.4375 0.425 0.425 0.4375 0.4375 0.4375 0.45
0.375 0.375 0.375 0.375 0.3625 0.375 0.3625 0.3625 0.3625 0.3625 0.3625 0.3625 0.3625 0.3625 0.3625 0.3625 0.375 0.375 0.375 0.375 0.375 0.375 0.375 0.375 0.375 0.375 0.375 0.375 0.375 0.375 0.375 0.375 0.375 0.375 0.3875 0.3875 0.3875 0.3875 0.3875 0.4 0.4 0.4 0.4 0.4 0.4 0.4 0.4125 0.4125 0.4125 0.4125 0.4125 0.4125 0.4125 0.425 0.425 0.425 0.4125 0.4125 0.4125 0.4125 0.4125 0.4125 0.4125 0.4125 0.4125 0.4125 0.4 0.4 0.4125 0.4125 0.4125 0.4 0.4 0.4125 0.4125 0.4125 0.425 0.4375 0.45 0.4625 0.4625 0.475 0.475 0.475 0.4625 0.45 0.4625 0.4625 0.475 0.475 0.475
0.3625 0.375 0.3875 0.3875 0.3875 0.3875 0.3875 0.4 0.4 0.4 0.4 0.4 0.4 0.3875 0.3875 0.3875 0.3875 0.4 0.4 0.3875 0.4 0.3875 0.4 0.4 0.4 0.4 0.4 0.4125 0.4 0.4125 0.4125 0.4 0.4 0.4 0.4 0.4 0.4 0.4 0.4 0.4125 0.4125 0.4125 0.425 0.425 0.425 0.425 0.4375 0.45 0.45 0.4625 0.475 0.475 0.4875 0.4875 0.5 0.4875 0.4875
0.35 0.3625 0.3625 0.375 0.3625 0.3625 0.3625 0.35 0.35 0.35 0.35 0.3375 0.35 0.35 0.35 0.35 0.35 0.3625 0.3625 0.3625 0.3625 0.3625 0.375 0.375 0.3875 0.3875 0.3875 0.3875 0.3875 0.3875 0.4 0.4 0.4125 0.4125 0.4125 0.425 0.4375 0.4375 0.45 0.45 0.4625 0.475
0.4 0.4 0.4 0.4 0.4 0.4125 0.4125 0.4125 0.4125 0.4125 0.4125 0.425 0.425 0.425 0.4375 0.4375 0.425 0.425 0.425 0.425 0.425 0.425 0.4125 0.4125 0.4125 0.425 0.425 0.425 0.4375 0.4375 0.4375 0.425 0.4375 0.4375 0.4375 0.45 0.45 0.45 0.4625 0.475 0.4875 0.4875 0.5 0.5 0.5125 0.5125 0.525 0.5375 0.5375
0.4 0.4125 0.4125 0.4125 0.425 0.4125 0.4125 0.425 0.425 0.4375 0.4375 0.4375 0.4375 0.4375 0.4375 0.4375 0.4375 0.425 0.4375 0.4375 0.4375 0.4375 0.4375 0.4375 0.4375 0.4375 0.4375 0.4375 0.4375 0.4375 0.4375 0.4375 0.4375 0.45 0.4375 0.4375 0.45 0.4625 0.475 0.475 0.475 0.4875 0.5 0.5 0.5125 0.5 0.4875 0.4875 0.475 0.475 0.475 0.475 0.4625
0.3625 0.3625 0.3625 0.3625 0.3625 0.3625 0.3625 0.3625 0.375 0.375 0.3875 0.3875 0.3875 0.3875 0.4 0.4 0.4125 0.4125 0.4125 0.4125 0.425 0.425 0.425 0.425 0.425 0.425 0.4125 0.4125 0.4125 0.4125 0.4125 0.4125 0.4125 0.4125 0.4125 0.425 0.425 0.4375 0.425 0.425 0.425 0.425 0.425 0.4375 0.4375 0.4375 0.4375 0.4375 0.45 0.45 0.4625 0.45 0.45 0.45 0.45 0.4625 0.475 0.4875 0.5 0.5 0.5125 0.5125 0.5125
0.375 0.3875 0.3875 0.3875 0.3875 0.3875 0.4 0.4 0.3875 0.3875 0.375 0.375 0.375 0.3875 0.3875 0.3875 0.3875 0.3875 0.4 0.4 0.4 0.4 0.4 0.4 0.4 0.4 0.4 0.4 0.4 0.4 0.4 0.4125 0.4125 0.425 0.425 0.425 0.4125 0.425 0.425 0.425 0.425 0.425 0.4125 0.4125 0.4125 0.4 0.4 0.4 0.4 0.4 0.4 0.4 0.4 0.4 0.4 0.3875 0.3875 0.3875 0.3875 0.3875 0.3875 0.3875 0.3875 0.3875 0.3875 0.3875 0.3875 0.375 0.375 0.375 0.375 0.3875 0.375 0.3875 0.3875 0.3875 0.4 0.3875 0.4 0.4125 0.4125 0.425 0.4125 0.4125 0.425 0.425 0.4375 0.45 0.45 0.45 0.4625 0.4625 0.4625
0.3375 0.3375 0.3375 0.325 0.3375 0.3375 0.3375 0.3375 0.3375 0.3375 0.3375 0.35 0.3625 0.3625 0.375 0.375 0.3875 0.4 0.4125 0.4125 0.4125 0.425 0.4125 0.4 0.4125 0.4125 0.4125 0.425 0.425
0.3625 0.3875 0.3875 0.3875 0.3875 0.4 0.4 0.4 0.4 0.4 0.3875 0.3875 0.3875 0.3875 0.4 0.4 0.4 0.4 0.4 0.4 0.4 0.4125 0.4125 0.4 0.4 0.4 0.4 0.4 0.4 0.4 0.4 0.4 0.4 0.4 0.4 0.4 0.4 0.4 0.3875 0.3875 0.3875 0.4 0.4 0.4 0.4125 0.4 0.4 0.4 0.4125 0.4125 0.425 0.425 0.4125 0.425 0.425 0.425 0.4375 0.4375 0.4375 0.4375 0.4375 0.4375 0.425 0.425 0.4125 0.425 0.425 0.425 0.425 0.425 0.425 0.425 0.4125 0.4125 0.4 0.4 0.4 0.3875 0.3875 0.3875 0.3875 0.4 0.4 0.4
0.35 0.3625 0.3625 0.375 0.375 0.375 0.375 0.375 0.375 0.375 0.375 0.3875 0.3875 0.3875 0.3875 0.3875 0.3875 0.4 0.3875 0.4 0.4 0.4 0.4 0.4 0.4 0.4125 0.4125 0.4125 0.4125 0.4125 0.4125 0.425 0.425 0.4375 0.45 0.45 0.45 0.4375 0.4375 0.4375 0.425 0.425 0.425 0.4125 0.425 0.425 0.425 0.425 0.4375 0.45 0.45 0.45 0.4375 0.45 0.45 0.45 0.4375 0.4375 0.4125 0.4 0.4 0.4 0.4 0.4 0.4 0.4 0.3875 0.3875 0.3875 0.3875 0.3875 0.3875 0.3875 0.3875
0.35 0.35 0.35 0.35 0.3625 0.3625 0.3625 0.3625 0.3625 0.3625 0.3625 0.35 0.3625 0.3625 0.3625 0.3625 0.375 0.3625 0.3625 0.3625 0.3625 0.3625 0.375 0.375 0.3875 0.3875 0.3875 0.3875 0.3875 0.375 0.375 0.375 0.375 0.375 0.375 0.375 0.375 0.3875 0.4 0.3875 0.4 0.4125 0.4125 0.4125 0.425 0.425 0.4125 0.4125 0.4 0.4125 0.4125 0.425 0.425 0.425 0.4375 0.425 0.4125 0.425 0.425 0.4375 0.425 0.4375 0.4375 0.45 0.45 0.4375 0.45
0.3625 0.3625 0.3625 0.375 0.375 0.3875 0.3875 0.3875 0.3875 0.3875 0.3875 0.3875 0.375 0.375 0.3875 0.3875 0.4 0.3875 0.3875 0.4 0.3875 0.3875 0.3875 0.3875 0.4 0.4 0.4125 0.4125 0.4125 0.425 0.4375 0.4375 0.4375 0.4375 0.4375 0.4375 0.45 0.45 0.4625 0.4625 0.475 0.475 0.4875 0.5 0.5 0.5125 0.4875 0.475 0.4875 0.4875 0.4875 0.4875 0.5 0.5 0.5 0.5 0.4875 0.475 0.475
0.3625 0.3625 0.375 0.375 0.375 0.375 0.375 0.3625 0.3625 0.3625 0.3625 0.375 0.375 0.375 0.375 0.375 0.375 0.375 0.375 0.375 0.375 0.375 0.3875 0.3875 0.3875 0.3875 0.3875 0.3875 0.3875 0.3875 0.3875 0.3875 0.4 0.4 0.3875 0.3875 0.3875 0.3875 0.4 0.4 0.4 0.4 0.3875 0.3875 0.4 0.4 0.4 0.4125 0.4125 0.425 0.425 0.4375 0.4375 0.45 0.45 0.45 0.45 0.45 0.45 0.45
0.35 0.35 0.35 0.35 0.35 0.3625 0.3625 0.3625 0.3625 0.3625 0.3625 0.35 0.35 0.35 0.35 0.35 0.35 0.35 0.35 0.35 0.35 0.35 0.35 0.3625 0.3625 0.375 0.3875 0.3875 0.375 0.375 0.3875 0.3875 0.4 0.4125 0.4 0.4 0.4 0.3875 0.3875 0.3875 0.4 0.4 0.3875 0.4 0.4 0.4 0.4 0.4 0.4 0.4 0.4 0.4125 0.4125 0.425 0.425 0.425 0.4 0.4 0.4125 0.4125 0.4125
0.3625 0.3625 0.3625 0.3625 0.3625 0.3625 0.3625 0.3625 0.375 0.375 0.375 0.375 0.375 0.3875 0.3875 0.4 0.4 0.3875 0.3875 0.3875 0.4 0.4 0.4125 0.4125 0.4125 0.425 0.4375 0.4375 0.45 0.45 0.4625 0.4625 0.475 0.475 0.475 0.475 0.475 0.4625 0.4625 0.4625 0.4625 0.4625 0.4625 0.4625 0.4375 0.45 0.45 0.45
0.35 0.3625 0.3625 0.3625 0.3625 0.3625 0.375 0.375 0.375 0.3875 0.3875 0.4 0.4 0.4 0.4 0.4125 0.4125 0.4125 0.425 0.425 0.4375 0.45 0.45 0.4625 0.4625 0.4625 0.4625 0.4625 0.4625 0.475 0.475 0.4875 0.5 0.5 0.5 0.5 0.5 0.5 0.5 0.4875 0.4875 0.4875 0.4625 0.45 0.4375 0.4375 0.4375 0.425 0.425 0.425
0.375 0.3875 0.3875 0.3875 0.3875 0.3875 0.4 0.3875 0.3875 0.3875 0.3875 0.3875 0.3875 0.3875 0.4 0.3875 0.3875 0.3875 0.3875 0.3875 0.3875 0.3875 0.3875 0.3875 0.4 0.4 0.4 0.4125 0.4 0.4 0.4 0.4 0.4 0.4 0.3875 0.3875 0.375 0.375 0.375 0.375 0.3875 0.3875 0.3875 0.3875
0.375 0.3875 0.3875 0.3875 0.4 0.4125 0.4125 0.425 0.4125 0.4125 0.4125 0.4125 0.425 0.4125 0.4125 0.4125 0.4125 0.425 0.425 0.425 0.425 0.425 0.425 0.425 0.425 0.425 0.4375 0.4375 0.4375 0.4375 0.4375 0.4375 0.4375 0.4375 0.4375 0.4375 0.4375 0.4375 0.425 0.425 0.425 0.425 0.425 0.425 0.425 0.425 0.425 0.425 0.4125 0.425 0.4125 0.4125 0.425 0.425 0.4125 0.4125 0.4 0.4 0.4
0.375 0.375 0.3875 0.4 0.4 0.3875 0.3875 0.3875 0.4 0.3875 0.3875 0.3875 0.3875 0.3875 0.3875 0.3875 0.3875 0.3875 0.3875 0.4 0.4 0.3875 0.3875 0.4 0.3875 0.4 0.3875 0.3875 0.4 0.3875 0.3875 0.3875 0.3875 0.3875 0.375 0.375 0.375 0.375 0.375 0.375 0.375 0.375 0.375 0.3875 0.375 0.375 0.375 0.375 0.375 0.375 0.375 0.375 0.375 0.375 0.375 0.375 0.375 0.375 0.375 0.3875 0.3875 0.375 0.3875
0.3125 0.325 0.3375 0.3375 0.35 0.3625 0.3625 0.3625 0.3625 0.3625 0.3625 0.3625 0.375 0.375 0.375 0.375 0.375 0.375 0.375 0.3875 0.3875 0.4 0.4 0.4 0.4 0.3875 0.3875 0.4 0.3875 0.4 0.4 0.4 0.4
0.375 0.375 0.375 0.375 0.375 0.375 0.3875 0.3875 0.3875 0.3875 0.4 0.3875 0.4 0.4 0.4 0.4 0.4125 0.4 0.4 0.4125 0.4125 0.4125 0.4125 0.4125 0.4125 0.425 0.425 0.425 0.425 0.4375 0.425 0.425 0.425 0.425
0.3625 0.375 0.375 0.375 0.3875 0.3875 0.3875 0.3875 0.3875 0.3875 0.4 0.4 0.4 0.4 0.4 0.4 0.4 0.4125 0.4
0.3875 0.3875 0.3875 0.3875 0.3875 0.4 0.4 0.4125 0.4125 0.4 0.4 0.4 0.4 0.4125 0.425 0.4125 0.4125 0.4125 0.4125 0.4125 0.425 0.425 0.425 0.425 0.425 0.425 0.425 0.425 0.425 0.425 0.425 0.4375 0.425 0.4375 0.425 0.425 0.425 0.425 0.425 0.425 0.425 0.4375 0.425 0.425 0.425 0.425 0.425 0.4375 0.4375 0.4375 0.4375 0.4375 0.4375 0.4375 0.4375 0.4375 0.4375
0.3625 0.375 0.375 0.375 0.3875 0.3875 0.3875 0.3875 0.3875 0.3875 0.3875 0.3875 0.4 0.4 0.4 0.4 0.4 0.4125 0.4125 0.4125 0.4125 0.4125 0.4125 0.425 0.425 0.425 0.425 0.425 0.425 0.425 0.425 0.425 0.425 0.425 0.425 0.4375 0.4375 0.4375
0.375 0.375 0.375 0.375 0.375 0.3875 0.3875 0.3875 0.3875 0.3875 0.3875 0.4 0.4 0.4 0.4 0.4 0.4
0.4 0.4 0.4125 0.4125 0.4125 0.4 0.4 0.4 0.3875 0.3875 0.375 0.375 0.375 0.3875 0.3875 0.375 0.375 0.3875 0.3875 0.3875 0.3875 0.3875 0.3875 0.3875 0.3875 0.4 0.4 0.4 0.4 0.4 0.4 0.4 0.4 0.4 0.4 0.4 0.4 0.4125 0.4125 0.4125 0.4 0.4 0.3875 0.3875 0.3875 0.3875
0.2875 0.2875 0.2875 0.2875 0.2875 0.2875 0.3 0.3 0.3 0.3 0.3125 0.3 0.3125 0.3125 0.3 0.3 0.3125 0.3125 0.3125 0.3125 0.3125 0.3125 0.3125 0.3125 0.3125 0.3125 0.3125 0.3125 0.325 0.325 0.3375 0.3375 0.3375 0.3375 0.3375 0.3375 0.3375 0.3375 0.3375 0.3375 0.35 0.35 0.35 0.35 0.35 0.3375 0.3375 0.3375 0.3375 0.3375 0.3375 0.35 0.35 0.35 0.3375 0.35 0.35 0.3375 0.35 0.3375 0.3375 0.3375 0.3375 0.35 0.35 0.3625 0.3625 0.375 0.3625 0.3625 0.3625 0.35 0.35 0.35 0.35 0.3625 0.3625 0.375 0.375 0.3875
0.275 0.275 0.275 0.275 0.275 0.275 0.275 0.275 0.2875 0.2875 0.2875 0.2875 0.2875 0.2875 0.2875 0.2875 0.2875 0.3 0.3 0.3 0.3 0.3125 0.3125 0.3125 0.3125 0.325 0.325 0.325 0.325 0.325 0.3375 0.3375 0.35 0.35 0.35 0.35 0.35 0.35 0.35 0.35 0.35 0.3375 0.35 0.35 0.35 0.35 0.35 0.3375 0.3375 0.3375 0.3375 0.35 0.35 0.3375 0.3375 0.3375 0.3375 0.3375 0.3375 0.3375 0.3375 0.3375 0.3375 0.3375 0.325 0.3375 0.3375 0.3375 0.3375 0.3375 0.3375 0.3375 0.3375 0.35 0.35 0.3625 0.375 0.3875 0.3875 0.3875 0.4 0.4 0.4125 0.4125 0.425 0.4125 0.425 0.425 0.4375 0.4375 0.4375 0.45 0.45 0.45 0.45
0.325 0.325 0.3375 0.325 0.325 0.325 0.3125 0.3125 0.3125 0.3125 0.3125 0.3125 0.3125 0.3125 0.3125 0.3125 0.3 0.3 0.3 0.3 0.3 0.3 0.2875 0.2875 0.2875 0.2875 0.2875 0.2875 0.2875 0.2875 0.3 0.3 0.3 0.3 0.3 0.2875 0.3 0.3 0.3 0.3 0.3 0.3 0.3 0.3 0.3125 0.3125 0.3125 0.3125 0.3125 0.325 0.325 0.325 0.325 0.325 0.325 0.3375 0.3375 0.3375 0.3375 0.3375 0.3375 0.3375 0.3375 0.3375 0.3375 0.3375 0.3375 0.325 0.325 0.3375 0.3375 0.3375 0.3375 0.3375 0.3375 0.325 0.3375 0.3375 0.3375 0.3375 0.325 0.325 0.325 0.325 0.3125 0.3125 0.3125 0.3 0.3 0.3 0.3125 0.3 0.3 0.3 0.3125 0.325 0.325 0.3375 0.3375 0.35 0.35 0.35 0.35 0.35 0.3625 0.375 0.3875 0.3875 0.4 0.4 0.4 0.4125 0.4125 0.4125 0.4125 0.425 0.4375 0.425 0.425 0.4125 0.4125 0.4125 0.425 0.425 0.4375 0.4125 0.4 0.4 0.4125 0.4 0.4
0.3125 0.3125 0.3125 0.3 0.3 0.3 0.3 0.3 0.3 0.2875 0.2875 0.2875 0.3 0.3 0.3 0.2875 0.3 0.3 0.3 0.3 0.3 0.3 0.2875 0.2875 0.2875 0.2875 0.2875 0.3 0.3 0.3 0.3 0.3 0.3 0.3 0.3 0.3125 0.3 0.3125 0.3125 0.3125 0.3125 0.3125 0.325 0.325 0.325 0.325 0.325 0.325 0.325 0.3375 0.3375 0.35 0.35 0.35 0.3625 0.35 0.3625 0.35 0.3625 0.3625 0.35 0.35 0.35 0.35 0.35 0.35 0.35 0.35 0.35 0.3375 0.35 0.35 0.35 0.3625 0.3625 0.3625 0.3625 0.3625 0.3625 0.375 0.3875 0.3875 0.3875 0.4 0.4 0.4 0.4125 0.4125 0.425 0.425 0.425 0.425 0.4375 0.4375 0.425 0.4375 0.4375
0.325 0.325 0.3125 0.3125 0.3125 0.3 0.3 0.3 0.3 0.3 0.3125 0.3125 0.3125 0.3125 0.3125 0.3125 0.3125 0.3125 0.3125 0.3125 0.3125 0.325 0.325 0.325 0.3125 0.3125 0.325 0.325 0.3125 0.3125 0.3125 0.325 0.325 0.325 0.325 0.325 0.325 0.325 0.3375 0.325 0.3375 0.3375 0.3375 0.35 0.35 0.35 0.35 0.35 0.35 0.3625 0.3625 0.3625 0.3625 0.375 0.375 0.375 0.3625 0.375 0.375 0.375 0.3625 0.3625 0.3625 0.3625 0.3625 0.3625 0.3625 0.3625 0.3625 0.375 0.3875 0.3875 0.4 0.4125 0.4125 0.425 0.425 0.4375 0.4375 0.425 0.425 0.4375 0.4375 0.45 0.45 0.4625 0.4625 0.4625 0.4625
0.2875 0.2875 0.2875 0.2875 0.2875 0.2875 0.2875 0.2875 0.2875 0.275 0.275 0.2875 0.2875 0.2875 0.2875 0.275 0.275 0.275 0.275 0.275 0.275 0.2875 0.2875 0.2875 0.2875 0.2875 0.2875 0.2875 0.2875 0.2875 0.2875 0.3 0.2875 0.3 0.3 0.3 0.3 0.3 0.3 0.3125 0.3125 0.325 0.325 0.325 0.325 0.3375 0.3375 0.3375 0.3375 0.3375 0.3375 0.3375 0.3375 0.3375 0.3375 0.3375 0.3375 0.3375 0.3375 0.35 0.35 0.35 0.35 0.35 0.35 0.35 0.3375 0.3375 0.3375 0.3375 0.3375 0.3375 0.3375 0.3375 0.3375 0.35 0.3375 0.3375 0.3375 0.3375 0.3375 0.3375 0.3375 0.3375 0.3375 0.35 0.35 0.3625 0.375 0.375 0.375 0.3875 0.4 0.4125 0.4125 0.425 0.425 0.4375 0.4375 0.45 0.45 0.4625
0.3 0.3 0.3 0.3 0.3 0.2875 0.2875 0.2875 0.2875 0.2875 0.2875 0.2875 0.2875 0.275 0.275 0.275 0.275 0.275 0.275 0.275 0.275 0.275 0.275 0.2875 0.2875 0.2875 0.2875 0.2875 0.2875 0.2875 0.2875 0.2875 0.2875 0.2875 0.2875 0.2875 0.2875 0.2875 0.2875 0.3 0.3 0.3 0.3125 0.3125 0.3125 0.3125 0.325 0.325 0.3375 0.3375 0.3375 0.3375 0.3375 0.3375 0.35 0.3625 0.35 0.35 0.35 0.35 0.35 0.3375 0.3375 0.3375 0.3375 0.3375 0.35 0.3375 0.35 0.35 0.35 0.3625 0.3625 0.3625 0.3625 0.3625 0.3625 0.3625 0.3625 0.35 0.35 0.3625 0.3625 0.3625 0.375 0.375 0.375 0.3875 0.375 0.375 0.3875 0.4 0.4 0.4 0.4 0.4125
0.3 0.3 0.3125 0.3 0.3 0.3 0.3 0.3 0.3 0.3 0.3125 0.3125 0.3125 0.3125 0.3125 0.3125 0.3125 0.325 0.325 0.325 0.325 0.3375 0.3375 0.3375 0.3375 0.35 0.35 0.3625 0.3625 0.3625 0.3625 0.3625 0.3625 0.3625 0.3625 0.3625 0.375 0.3625 0.3625 0.375 0.375 0.375 0.375 0.375 0.375 0.3625 0.3625 0.3625 0.3625 0.3625 0.35 0.35 0.35 0.3625 0.3625 0.35 0.35 0.35 0.35 0.3625 0.3625 0.3625 0.3625 0.375 0.375 0.375 0.375 0.375 0.375 0.375 0.375 0.375 0.3875 0.3875 0.4 0.4 0.4125 0.4125 0.425 0.425 0.425 0.4375
0.3 0.3 0.3 0.3 0.3125 0.3 0.3 0.3 0.3 0.3 0.3125 0.3125 0.3125 0.3125 0.3125 0.3125 0.3125 0.3125 0.325 0.325 0.325 0.325 0.325 0.325 0.3375 0.3375 0.3375 0.3375 0.3375 0.3375 0.3375 0.3375 0.3375 0.3375 0.35 0.35 0.35 0.35 0.35 0.35 0.35 0.35 0.3625 0.3625 0.3625 0.3625 0.35 0.35 0.35 0.35 0.35 0.3375 0.35 0.35 0.35 0.3625 0.35 0.3625 0.3625 0.375 0.3875 0.4 0.4 0.4125 0.4125 0.4 0.4 0.3875 0.3875 0.4 0.4 0.4125 0.4125 0.4125 0.4125 0.425 0.425 0.4125 0.4125 0.3875 0.3875 0.3875 0.3875 0.3875
0.2875 0.3 0.3 0.3 0.3 0.3 0.3 0.3 0.3 0.3 0.3 0.3 0.3 0.3 0.3 0.3 0.3 0.3 0.3 0.2875 0.2875 0.2875 0.2875 0.2875 0.3 0.3 0.3 0.3 0.3 0.3 0.3 0.3125 0.3125 0.3125 0.3125 0.3125 0.3125 0.3125 0.325 0.325 0.3375 0.3375 0.3375 0.3375 0.35 0.35 0.35 0.35 0.35 0.35 0.35 0.35 0.35 0.35 0.35 0.35 0.35 0.35 0.35 0.35 0.3625 0.3625 0.35 0.35 0.3625 0.3625 0.3625 0.3625 0.3625 0.3625 0.3625 0.3625 0.3625 0.3625 0.3625 0.3625 0.375 0.3875 0.3875 0.4 0.4 0.4 0.4 0.4125 0.4125 0.425 0.4375 0.4375 0.4375 0.45 0.45 0.45 0.45
0.3875 0.3875 0.4 0.4 0.4125 0.4125 0.4125 0.4125 0.4125 0.4125 0.4125 0.4125 0.4125 0.425 0.425 0.425 0.4375 0.4375 0.4375 0.4375 0.4375 0.4375 0.4375 0.4375 0.4375 0.4375 0.45 0.45 0.45 0.45 0.4625 0.45 0.4375 0.4375 0.4375 0.4375 0.4375 0.45 0.45 0.4625 0.475 0.4875 0.4875 0.4875 0.5 0.5125 0.5125
0.3875 0.4 0.3875 0.3875 0.3875 0.3875 0.3875 0.3875 0.3875 0.3875 0.3875 0.4 0.4 0.4 0.4 0.4 0.4 0.4 0.4 0.4 0.4 0.4 0.4 0.4 0.4125 0.4125 0.4 0.4125 0.4125 0.4125 0.4125 0.4125 0.4125 0.4125 0.425 0.425 0.425 0.425 0.4375 0.45 0.45 0.45 0.4625 0.4625 0.4625 0.4625 0.4625 0.475 0.475 0.475 0.475 0.4875 0.4875 0.5 0.5 0.5
0.3625 0.375 0.375 0.4 0.4 0.4125 0.4125 0.4125 0.4125 0.4125 0.4125 0.4125 0.4125 0.4125 0.4125 0.4125 0.4125 0.4125 0.4125 0.4125 0.4125 0.425 0.4125 0.4125 0.425 0.4125 0.4125 0.425 0.425 0.425 0.4375 0.4375 0.4375 0.4375 0.4375 0.4375 0.4375 0.45 0.45 0.45 0.45 0.45 0.45 0.45 0.45 0.45 0.45 0.45 0.45 0.45 0.45 0.45 0.45 0.4375 0.4375 0.45 0.45 0.45 0.45 0.45 0.45 0.4375 0.425 0.425 0.425 0.4125 0.425 0.425 0.4375 0.4375 0.4375 0.4375 0.4375 0.45 0.45
0.4 0.4 0.4125 0.4125 0.4125 0.425 0.425 0.425 0.4125 0.4125 0.4125 0.4125 0.4 0.4 0.4 0.4 0.4125 0.4 0.4 0.4125 0.4125 0.4125 0.4125 0.4125 0.4125 0.4125 0.4125 0.4125 0.4125 0.4125 0.4125 0.425 0.4125 0.425 0.425 0.425 0.4375 0.4375 0.4375 0.4375 0.4375 0.4375 0.4375 0.4375 0.4375 0.4375 0.4375 0.4375 0.4375 0.4375 0.4375 0.4375 0.45 0.45 0.4625 0.4625 0.45 0.4625 0.4625 0.475 0.475 0.475 0.475 0.4875 0.4875
0.3875 0.4 0.4125 0.4125 0.4125 0.4125 0.425 0.425 0.425 0.4125 0.4125 0.4125 0.4125 0.4125 0.4125 0.4125 0.4125 0.4125 0.4125 0.4125 0.4125 0.425 0.425 0.425 0.425 0.425 0.425 0.425 0.425 0.425 0.425 0.425 0.425 0.4125 0.4125 0.4125 0.4125 0.425 0.4125 0.4125 0.4125 0.4125 0.4125 0.4125 0.425 0.425 0.4375 0.4375 0.4375 0.4375 0.4375 0.4375 0.45 0.45 0.45 0.45 0.45 0.45 0.4625 0.45 0.4625 0.4625 0.45 0.4625 0.4625 0.475 0.475 0.4875 0.4875 0.5 0.5 0.5 0.4875 0.4875 0.4625 0.475 0.475 0.475 0.475 0.475 0.475 0.475
0.3875 0.3875 0.4 0.4 0.3875 0.3875 0.3875 0.3875 0.3875 0.3875 0.3875 0.4 0.4 0.3875 0.4 0.4 0.4 0.4 0.4 0.4 0.4 0.4 0.4 0.4 0.4 0.4 0.4 0.4 0.4 0.4125 0.425 0.425 0.4125 0.425 0.425 0.4375 0.4375 0.45 0.45 0.45 0.45
0.3625 0.375 0.3875 0.3875 0.3875 0.3875 0.3875 0.4 0.4125 0.4 0.3875 0.3875 0.3875 0.3875 0.3875 0.3875 0.3875 0.3875 0.3875 0.3875 0.3875 0.3875 0.3875 0.3875 0.3875 0.3875 0.3875 0.3875 0.4 0.4 0.4 0.4 0.4 0.4 0.3875 0.3875 0.3875 0.3875 0.3875 0.3875 0.4 0.4 0.4125 0.425 0.4125 0.4125 0.4 0.4 0.4125 0.4125 0.425 0.425 0.4375 0.4375 0.45 0.45 0.45 0.45 0.4625 0.475
0.375 0.375 0.375 0.375 0.375 0.3875 0.375 0.375 0.3875 0.3875 0.4 0.4 0.4 0.4 0.4125 0.4 0.4125 0.4125 0.425 0.425 0.425 0.4375 0.4375 0.4375 0.45 0.4375 0.4375 0.45 0.45 0.45 0.4625 0.4625 0.475 0.4875 0.4875 0.5 0.5 0.5125 0.5 0.5125 0.5125 0.525 0.5125
0.3875 0.4 0.4 0.4 0.4 0.4 0.4 0.4 0.4 0.4 0.4 0.4 0.4 0.4 0.4 0.4 0.4 0.4 0.4 0.4 0.4 0.4 0.4 0.4 0.4 0.4 0.4125 0.4125 0.4125 0.4125 0.4125 0.4125 0.425 0.425 0.425 0.4375 0.4375 0.45 0.45 0.4625 0.4625 0.475 0.475 0.4875
0.375 0.375 0.375 0.375 0.3875 0.4 0.4 0.4 0.4 0.4 0.4 0.4 0.4 0.4 0.4 0.4 0.4125 0.4 0.4 0.4 0.4 0.4125 0.4125 0.4125 0.425 0.425 0.4375 0.45 0.4625 0.475 0.475 0.475 0.4875 0.5 0.5 0.5 0.5 0.5125 0.5125
