-0.84620
-0.80495
-0.86961
-0.80275
-0.82414
-0.80583
-0.78520
-0.81708
-0.80024
-0.79836
-0.82957
-0.78758
-0.75293
-0.79940
-0.75030
-0.75923
-0.86642
-0.71662
-0.70358
-0.73969
-0.76063
-0.82279
-0.75445
-0.76169
-0.80780
-0.73027
-0.80420
-0.81079
-0.74468
-0.69460
-0.83840
-0.72784
-0.81090
-0.84470
-0.81400
-0.83176
-0.72678
-0.77140
-0.83947
-0.82620
-0.89476
-0.93223
-0.93087
-0.90304
-0.86695
-0.93530
-0.93426
-0.88716
-0.86635
-0.91370
-0.71087
-0.74561
-0.70440
-0.70838
-0.70425
-0.80015
-0.79467
-0.72118
-0.76868
-0.74460
