-0.02685
-0.03772
-0.05102
-0.02625
-0.02212
-0.03398
-0.02518
-0.01880
-0.01414
-0.02053
-0.01275
-0.01096
-0.02433
-0.01031
-0.01689
-0.01210
-0.03407
-0.01609
-0.02807
-0.00869
-0.03101
-0.03060
-0.02518
-0.02685
-0.03660
-0.02683
-0.02072
-0.02938
-0.01946
-0.02873
-0.03686
-0.02385
-0.03186
-0.03317
-0.02922
-0.02534
-0.01513
-0.02468
-0.01294
-0.01978
-0.02324
-0.03300
-0.04484
-0.03961
-0.02931
-0.01586
-0.01172
-0.02040
-0.02770
-0.02862
-0.00327
-0.01524
-0.02668
-0.03426
-0.03570
-0.02062
-0.06511
-0.03041
-0.00670
-0.01398
