-0.69031
-0.61306
-0.71925
-0.64863
-0.66525
-0.63149
-0.63348
-0.63832
-0.63983
-0.62752
-0.65935
-0.61718
-0.57688
-0.61449
-0.58104
-0.57906
-0.70414
-0.56761
-0.54596
-0.57105
-0.59994
-0.64646
-0.61005
-0.58687
-0.64450
-0.57300
-0.65042
-0.63931
-0.58547
-0.52332
-0.68970
-0.57080
-0.63512
-0.69392
-0.65796
-0.67467
-0.56108
-0.60502
-0.68311
-0.68649
-0.70444
-0.75177
-0.75034
-0.72303
-0.70205
-0.76298
-0.74568
-0.72516
-0.68988
-0.73609
-0.56197
-0.58713
-0.56674
-0.55831
-0.54631
-0.64255
-0.63602
-0.56102
-0.61020
-0.58133
