-0.61831
-0.53099
-0.65213
-0.58463
-0.59714
-0.56558
-0.56953
-0.55766
-0.57259
-0.56391
-0.60629
-0.54949
-0.52735
-0.56252
-0.52577
-0.50695
-0.62425
-0.50657
-0.49544
-0.49701
-0.54872
-0.58776
-0.55665
-0.52595
-0.59992
-0.53196
-0.60933
-0.58098
-0.51280
-0.47100
-0.65404
-0.53478
-0.59857
-0.66459
-0.60940
-0.62976
-0.51502
-0.55984
-0.63866
-0.64483
-0.63655
-0.68612
-0.67332
-0.65017
-0.63893
-0.68970
-0.67184
-0.66250
-0.61549
-0.67237
-0.52310
-0.53173
-0.53867
-0.51997
-0.51202
-0.57924
-0.59938
-0.51208
-0.56207
-0.53854
