-1.00707
-1.04987
-1.03987
-0.94197
-0.99439
-1.01267
-0.95590
-1.00003
-1.01646
-0.99644
-1.02408
-0.89519
-0.93858
-0.94931
-0.94897
-0.91157
-0.98388
-0.85569
-0.85860
-0.88940
-0.95803
-0.98702
-0.94988
-0.94626
-0.97007
-0.86894
-0.96080
-0.99275
-0.90188
-0.85741
-0.95456
-0.90024
-0.99245
-1.03076
-0.93773
-0.99169
-0.90367
-0.93625
-0.97036
-0.96518
-1.16365
-1.13243
-1.15090
-1.15128
-1.10022
-1.17796
-1.19575
-1.10777
-1.09267
-1.13270
-0.84480
-0.89654
-0.90472
-0.87782
-0.86731
-0.91328
-0.93940
-0.85720
-0.90881
-0.86832
