-0.54080
-0.47319
-0.58827
-0.52019
-0.52297
-0.49524
-0.50596
-0.49189
-0.50535
-0.49725
-0.53749
-0.46829
-0.46453
-0.49034
-0.46007
-0.44045
-0.55607
-0.43036
-0.43336
-0.43206
-0.48018
-0.51840
-0.48785
-0.46855
-0.53543
-0.46852
-0.54153
-0.51028
-0.44984
-0.40654
-0.57815
-0.48296
-0.54194
-0.60263
-0.54581
-0.56968
-0.44940
-0.49639
-0.56495
-0.58313
-0.56109
-0.61274
-0.59921
-0.58970
-0.57110
-0.60946
-0.59198
-0.58785
-0.54886
-0.59792
-0.45918
-0.46598
-0.48490
-0.45552
-0.45606
-0.51593
-0.54172
-0.45978
-0.49442
-0.47689
