-0.44684
-0.38782
-0.48720
-0.41933
-0.41407
-0.39784
-0.41301
-0.39304
-0.41001
-0.39386
-0.41490
-0.36269
-0.37047
-0.38675
-0.35401
-0.33731
-0.44521
-0.32268
-0.33525
-0.33066
-0.38303
-0.42643
-0.38877
-0.37276
-0.43244
-0.37917
-0.42902
-0.40056
-0.35525
-0.33128
-0.47969
-0.38899
-0.44244
-0.49645
-0.44676
-0.46697
-0.34882
-0.40416
-0.46226
-0.47380
-0.46124
-0.49825
-0.49089
-0.48229
-0.46612
-0.49102
-0.47926
-0.48244
-0.44125
-0.48606
-0.36200
-0.36222
-0.39324
-0.35460
-0.36046
-0.40884
-0.44313
-0.37074
-0.39525
-0.36687
