-0.73084
-0.67004
-0.75805
-0.68871
-0.71426
-0.67953
-0.67659
-0.69317
-0.68189
-0.67474
-0.70532
-0.66409
-0.62559
-0.66371
-0.62845
-0.63049
-0.75389
-0.60747
-0.58865
-0.61516
-0.63764
-0.70002
-0.64461
-0.63421
-0.68459
-0.60843
-0.69440
-0.68295
-0.62775
-0.57110
-0.72586
-0.60267
-0.68637
-0.73050
-0.69960
-0.72031
-0.60096
-0.65165
-0.72950
-0.70835
-0.75997
-0.79255
-0.80449
-0.76749
-0.74684
-0.80891
-0.79496
-0.76761
-0.72986
-0.78415
-0.59593
-0.62975
-0.60153
-0.58989
-0.57943
-0.68725
-0.67961
-0.60360
-0.65063
-0.62062
