-0.96973
-0.96189
-0.98980
-0.91548
-0.93759
-0.93154
-0.89892
-0.93983
-0.93727
-0.92936
-0.96587
-0.86523
-0.89006
-0.92312
-0.89635
-0.87097
-0.95523
-0.80700
-0.79118
-0.85344
-0.89533
-0.96645
-0.88149
-0.88168
-0.92326
-0.84019
-0.92087
-0.94957
-0.86261
-0.82343
-0.93228
-0.85661
-0.94089
-0.96658
-0.89811
-0.92251
-0.85300
-0.88796
-0.93227
-0.91932
-1.07346
-1.06395
-1.07548
-1.06274
-1.01401
-1.09254
-1.10068
-1.01939
-1.02010
-1.05548
-0.81515
-0.84509
-0.82656
-0.82927
-0.81574
-0.88919
-0.89769
-0.82514
-0.86196
-0.84361
