==============================
P(A0): 
({x1}, type:0, size: 7, possibNZ: 0, (0.0782, 0.1263, 0.2563, 0.176, 0.1789, 0.09443, 0.08988))
==============================
P(At|At-1 = ): 
0.03427 0.1862 0.03274  0.274 0.1542 0.1266 0.2211 
0.03108 0.2752 0.01425 0.007782 0.1291 0.1754 0.2386 
0.1276 0.06234 0.4033 0.07962 0.2732 0.2177 0.0485 
0.3174 0.01533 0.3613 0.1948 0.09117 0.3419 0.1005 
0.1833 0.2113 0.04686 0.1482 0.05698 0.04038 0.1077 
0.09095 0.04801 0.09991 0.2337 0.1595 0.08724 0.06054 
0.2154 0.2017 0.04167 0.06179 0.1359 0.01073 0.2231 
================================
P(Ot|At = ): 
 0.01279   0.1753   0.1148  0.09581  0.05639    0.054  0.04583 
 0.06949   0.1678   0.1448   0.1052   0.0482   0.1791  0.08236 
 0.04771 0.002135  0.05453  0.02591   0.1517    0.135  0.06957 
 0.06994  0.04654  0.06486   0.1623   0.1241  0.09938   0.1083 
 0.04245   0.1796   0.1299  0.03576  0.04549  0.09191   0.1141 
 0.03723  0.08889  0.01352   0.1493   0.2212   0.1099   0.1244 
  0.1491  0.08648    0.143  0.03959 0.006383  0.06596  0.07896 
   0.131  0.01382  0.07814  0.07813    0.146  0.03721 0.005545 
  0.1375  0.09714  0.04889   0.1541  0.02181  0.02297   0.1327 
  0.1444  0.07355  0.07324   0.0999  0.08587   0.1169   0.1247 
  0.1486  0.06744   0.1058 0.006782  0.07276  0.07268  0.02112 
0.009745 0.001269  0.02848  0.04725   0.0201  0.01503  0.09235 
================================
