==============================
P(A0): 
({x1}, type:0, size: 9, possibNZ: 0, (0.1823, 0.08527, 0.0685, 0.04277, 0.1668, 0.1346, 0.2083, 0.06716, 0.04425))
==============================
P(At|At-1 = ): 
0.2183 0.2078 0.0649  0.163 0.06619 0.1192 0.1484 0.07165 0.1849 
0.2228 0.2175 0.03343 0.1503 0.1665 0.1137 0.02312 0.01412 0.1674 
0.01552 0.09019 0.1048 0.1577  0.058 0.1868 0.001399  0.202 0.2061 
0.1008 0.08167 0.1267 0.1002 0.008574 0.08384 0.1264 0.04534 0.03837 
0.07395 0.04992 0.08108  0.111 0.06436 0.09769 0.1395 0.07739 0.1978 
0.0309 0.09814 0.1712 0.1261 0.1207 0.04441 0.1228 0.0716 0.009599 
0.03102 0.05858 0.1108 0.01958 0.2103 0.1615 0.1926  0.151 0.05116 
0.1858  0.101 0.1089 0.0491 0.1496 0.1166 0.1346 0.1494 0.001882 
 0.121 0.09525 0.1982 0.1231 0.1558 0.07622 0.1112 0.2175 0.1428 
================================
P(Ot|At = ): 
  0.1138   0.1286  0.09992  0.07301   0.1558   0.1699   0.1283   0.0983   0.1558 
 0.08007  0.06885   0.1334  0.01681  0.00451  0.02196  0.08839    0.113  0.06002 
  0.1125   0.1193   0.1358  0.05194    0.024  0.06177  0.09969  0.09333   0.1601 
 0.06695  0.09608   0.1299   0.1336  0.07398  0.03273  0.03245  0.07346   0.1588 
 0.00105  0.09936  0.08691  0.09197   0.1334   0.1224  0.08566  0.04687   0.1006 
  0.1219  0.05861   0.1332   0.1317  0.09149  0.03047 0.008663    0.132  0.01742 
 0.05449   0.1197  0.01682   0.1094   0.1316    0.169 0.009544  0.03482  0.06279 
 0.09716  0.02733  0.04903    0.153  0.02962 0.002912  0.05703  0.07223  0.04721 
 0.02005 0.0002572 0.005284  0.01039   0.1174 0.006817   0.1073   0.1046  0.04554 
  0.1082  0.09549  0.07745  0.03011   0.1079   0.1378   0.1518  0.03591  0.03877 
  0.1207  0.09286   0.1061  0.07131 0.001194   0.1473   0.1146   0.1195 0.000226 
  0.1032  0.09359  0.02607   0.1267   0.1291    0.097   0.1166  0.07603   0.1528 
================================
