==============================
P(A0): 
({x0}, type:0, size: 7, possibNZ: 0, (6.13098e-90, 2.45677e-81, 0, 1, 0, 4.94595e-45, 0))
==============================
P(At|At-1 = ): 
0.000135231 0.00296241 8.28313e-118 0.346632 2.28348e-54 0.00794211      0 
2.66033e-14 0.95975 4.80762e-164 1.18973e-08 0.585786 6.64188e-10      0 
0.000472717 2.33545e-180 0.968975 0.00406085 4.18748e-41 0.0387519      0 
0.982525 0.00140496 6.46824e-95 0.208038 9.44955e-54 0.692576      0 
0.0039638 0.0229874 1.01231e-90 0.0179988 0.414214 0.0152693      0 
0.0129031 0.0128956 5.12385e-64 0.42327 2.56339e-53 0.245461      0 
     0      0 0.0310247      0      0      0      1 
================================
P(Ot|At = ): 
       0        0 0.426702        0        0        0 1.35848e-77 
1.35574e-76 0.00237069 0.302603 1.10828e-66 0.0491956 3.45477e-42        0 
6.65945e-73 0.102064 0.00179853 5.24677e-72 0.872093 3.14952e-73        0 
0.923387 0.000234906 0.00046422 0.972343 2.56155e-09 0.999301        0 
2.03539e-48 0.461004 1.15446e-09 6.18443e-39 0.0317134 0.000699478        0 
6.03355e-79 0.434327        0 9.99039e-115 0.0469985 2.27395e-72        0 
2.15831e-182        0 0.268431 1.3446e-161        0 2.40001e-128 1.79417e-62 
8.01951e-92        0        0 0.0276566 5.23606e-306 8.54021e-50        0 
       0        0        0        0        0        0        0 
       0        0        0        0        0        0        0 
0.0766133        0        0 1.06267e-39        0 1.32239e-08        0 
       0        0 3.14736e-75        0        0        0        1 
================================
