==============================
P(A0): 
({x0}, type:0, size: 11, possibNZ: 0, (0, 1.6008e-271, 0, 0, 1, 0, 3.39592e-127, 0, 0, 0, 0))
==============================
P(At|At-1 = ): 
0.70776 0.0985507 0.151219 0.00156813 4.63819e-103 0.00177479 1.1355e-100 8.38831e-262 0.435023 0.00368362 0.0452088 
0.00689588 0.858029 0.0117424 4.95202e-122 5.369e-133 5.00581e-67 3.6902e-150      0 0.0107631 7.13375e-273 0.25961 
0.000406357 0.00211081 0.753521      0 0.123147 4.23691e-172 0.144528      0 1.29788e-60      0 1.2176e-195 
0.00568069 5.19722e-241      0 0.624028 5.79826e-64 0.25078 7.62716e-114 0.0126385 1.56584e-10 0.202009 2.06544e-168 
9.89104e-25 4.39904e-05      0 8.51971e-153 0.00046179 9.06244e-38 0.854317 1.04664e-279 5.86685e-66 0.000538403 8.01182e-153 
0.021871 1.33179e-56 2.75667e-180 0.117868 7.80442e-100 0.538416 2.81364e-89 6.66131e-102 0.0016378 0.103077 1.08844e-126 
8.30499e-27 0.000552393      0 6.68874e-145 0.876391 5.23531e-48 0.00115505 8.46748e-298 1.15499e-68 4.22168e-19 3.95602e-156 
1.91854e-300      0      0 0.0313464 4.01675e-321 2.65814e-32      0 0.97555 2.71587e-290 0.0529185      0 
0.245197 0.0278716 0.0835177 6.62561e-10 1.93509e-103 0.00890735 1.01886e-99 6.73152e-265 0.523551 3.19033e-19 0.0175532 
0.000707089 0.00105537      0 0.225189 8.44971e-127 0.200122 1.97352e-101 0.0118119 0.00577962 0.637774 3.04585e-174 
0.011482 0.0117861 4.5018e-198 2.38611e-150 2.5208e-190 4.94181e-107 7.42291e-183      0 0.0232462 1.02607e-254 0.677628 
================================
P(Ot|At = ): 
       0        0 1.22387e-290        0 7.95744e-173        0 0.280475        0        0        0        0 
5.17439e-11 6.62908e-49        1        0 3.44043e-79 2.25452e-288 5.71879e-62        0 6.97555e-37        0 5.36541e-151 
4.84131e-16 0.851715 1.36452e-11 2.22037e-86 9.16781e-218 0.000985696 9.13869e-146        0 1.54259e-26 4.39978e-107 3.09651e-36 
0.0362923 0.00157875 1.32315e-24 0.00196773 0.0719866 0.155901 0.0392373 2.24533e-279 0.374472 1.93846e-30 0.0315115 
0.00131499 2.21135e-32 3.70956e-39 0.00527824 0.281739 0.668771 0.111787 2.87274e-133 0.565757 1.92578e-05 0.00579641 
0.468682 8.39345e-17 1.99894e-34 3.31109e-26 0.343265 0.0434586 0.281995 4.64965e-282 0.0530524 2.82944e-24 0.00397365 
0.493408 0.00106054 2.14234e-34 0.00161377  0.30301 0.0387344 0.286505 3.53444e-276 0.00671829 1.64578e-16 0.0130687 
4.39435e-105 0.145645 2.523e-247        0        0        0        0        0 1.75658e-126 1.11311e-228 3.52236e-69 
0.000303033 7.74144e-164 3.78051e-203 4.57261e-09        0 0.0921077        0 0.00413722 1.54982e-22 0.999981 7.30293e-149 
4.01134e-28 4.77058e-195 8.42072e-221  0.99114        0 4.12594e-05        0 0.0295349 1.28966e-45 3.24168e-10 5.01772e-174 
       0        0        0 1.9445e-84        0 3.07527e-179        0 0.966328        0 2.60294e-113        0 
6.39187e-156 1.69438e-82        0        0        0        0        0        0 3.89024e-136        0  0.94565 
================================
