100
173
2	4	6	8	10	12	14	16	18	20	22	24	26	28	30	32	34	36	38	40	42	44	46	48	50	52	54	56	58	60	62	64	66	68	70	72	74	76	78	80	82	84	86	88	90	92	94	96	98	100	102	104	106	108	110	112	114	116	118	120	122	124	126	128	130	132	134	136	138	140	142	144	146	148	150	152	154	156	158	160	162	164	166	168	170	172	174	176	178	180	182	184	186	188	190	192	194	196	198	200	202	204	206	208	210	212	214	216	218	220	222	224	226	228	230	232	234	236	238	240	242	244	246	248	250	252	254	256	258	260	262	264	266	268	270	272	274	276	278	280	282	284	286	288	290	292	294	296	298	300	302	304	306	308	310	312	314	316	318	320	322	324	326	328	330	332	334	336	338	340	342	344	346
0	5	5	6	6	6	5	1	1	1	5	6	3	3	4	5	6	6	4	5	5	3	6	6	6	5	4	5	6	6	3	5	5	6	6	4	5	6	6	6	4	3	5	5	5	6	6	3	5	5	4	6	4	13	13	13	6	6	6	2	2	2	2	2	2	2	5	5	5	5	6	6	6	6	4	4	4	5	5	5	6	6	5	5	6	6	4	5	5	6	3	6	6	2	2	2	6	5	5	6	6	6	5	5	5	6	3	3	5	5	6	4	4	4	6	6	6	5	5	5	6	3	3	4	4	6	10	10	4	4	9	9	5	5	6	4	4	6	6	4	9	10	10	10	10	10	9	9	9	9	9	9	10	10	10	10	10	9	9	11	11	11	11	11	11	11	11	11	11	11	11	11	11
137
2	4	6	8	10	12	14	16	18	20	22	24	26	28	30	32	34	36	38	40	42	44	46	48	50	52	54	56	58	60	62	64	66	68	70	72	74	76	78	80	82	84	86	88	90	92	94	96	98	100	102	104	106	108	110	112	114	116	118	120	122	124	126	128	130	132	134	136	138	140	142	144	146	148	150	152	154	156	158	160	162	164	166	168	170	172	174	176	178	180	182	184	186	188	190	192	194	196	198	200	202	204	206	208	210	212	214	216	218	220	222	224	226	228	230	232	234	236	238	240	242	244	246	248	250	252	254	256	258	260	262	264	266	268	270	272	274
0	5	6	4	3	6	1	1	1	1	1	1	1	4	3	3	5	6	4	6	5	3	5	6	6	4	5	3	5	6	13	13	13	2	2	2	2	2	2	2	2	2	2	2	3	3	5	4	4	4	6	6	4	5	5	3	5	6	4	6	5	6	4	9	3	4	9	9	10	10	9	4	3	9	9	10	9	4	4	4	10	10	3	10	9	9	4	4	9	9	3	10	10	9	4	10	9	9	9	3	4	10	10	9	11	11	11	11	11	11	10	11	11	11	11	11	11	11	11	11	9	9	9	11	11	11	11	11	11	11	11	11	11	11	11	11	11
143
2	4	6	8	10	12	14	16	18	20	22	24	26	28	30	32	34	36	38	40	42	44	46	48	50	52	54	56	58	60	62	64	66	68	70	72	74	76	78	80	82	84	86	88	90	92	94	96	98	100	102	104	106	108	110	112	114	116	118	120	122	124	126	128	130	132	134	136	138	140	142	144	146	148	150	152	154	156	158	160	162	164	166	168	170	172	174	176	178	180	182	184	186	188	190	192	194	196	198	200	202	204	206	208	210	212	214	216	218	220	222	224	226	228	230	232	234	236	238	240	242	244	246	248	250	252	254	256	258	260	262	264	266	268	270	272	274	276	278	280	282	284	286
0	5	6	4	6	3	4	1	1	1	1	1	1	3	6	6	5	5	3	6	4	6	5	3	4	6	5	3	5	6	6	4	5	6	13	13	13	6	3	5	2	2	2	2	2	2	2	2	2	2	2	6	6	5	4	5	4	3	6	6	6	5	5	4	4	5	3	6	4	3	4	4	5	6	6	3	5	5	6	4	5	6	4	4	3	10	10	9	9	9	4	10	10	9	9	4	9	9	10	10	9	9	4	10	10	9	9	10	4	10	10	9	10	10	3	3	4	9	9	10	9	9	10	11	11	11	11	11	11	11	11	11	11	11	11	11	11	11	11	11	11	11	11
133
2	4	6	8	10	12	14	16	18	20	22	24	26	28	30	32	34	36	38	40	42	44	46	48	50	52	54	56	58	60	62	64	66	68	70	72	74	76	78	80	82	84	86	88	90	92	94	96	98	100	102	104	106	108	110	112	114	116	118	120	122	124	126	128	130	132	134	136	138	140	142	144	146	148	150	152	154	156	158	160	162	164	166	168	170	172	174	176	178	180	182	184	186	188	190	192	194	196	198	200	202	204	206	208	210	212	214	216	218	220	222	224	226	228	230	232	234	236	238	240	242	244	246	248	250	252	254	256	258	260	262	264	266
0	5	5	4	6	1	1	1	1	1	3	3	3	6	6	5	5	5	4	4	6	3	5	6	3	13	13	13	2	2	2	2	2	2	2	2	2	2	5	4	5	4	6	6	5	5	6	4	4	4	6	3	5	5	6	6	4	6	4	6	6	5	5	4	9	4	9	9	10	10	9	4	4	10	10	10	10	10	10	9	9	9	4	4	4	3	3	4	9	9	9	10	10	10	9	4	4	10	10	10	10	10	9	9	9	9	10	10	9	9	9	9	9	10	9	11	11	11	11	11	11	11	10	10	11	11	11	11	11	11	11	11	11
131
2	4	6	8	10	12	14	16	18	20	22	24	26	28	30	32	34	36	38	40	42	44	46	48	50	52	54	56	58	60	62	64	66	68	70	72	74	76	78	80	82	84	86	88	90	92	94	96	98	100	102	104	106	108	110	112	114	116	118	120	122	124	126	128	130	132	134	136	138	140	142	144	146	148	150	152	154	156	158	160	162	164	166	168	170	172	174	176	178	180	182	184	186	188	190	192	194	196	198	200	202	204	206	208	210	212	214	216	218	220	222	224	226	228	230	232	234	236	238	240	242	244	246	248	250	252	254	256	258	260	262
0	5	5	4	6	1	1	1	1	1	3	3	5	6	5	6	4	3	3	4	5	6	3	13	13	13	2	2	2	2	2	2	2	2	2	5	5	6	6	6	4	4	5	5	4	6	3	6	5	4	5	4	6	3	4	4	4	9	9	10	10	3	3	4	4	9	9	9	4	4	9	10	10	10	3	3	4	10	10	9	4	9	9	9	4	4	9	10	10	10	4	10	10	10	10	4	9	9	3	3	4	4	9	9	9	9	9	9	11	11	11	11	11	11	11	11	11	10	10	10	9	9	11	11	11	11	11	11	11	11	11
133
2	4	6	8	10	12	14	16	18	20	22	24	26	28	30	32	34	36	38	40	42	44	46	48	50	52	54	56	58	60	62	64	66	68	70	72	74	76	78	80	82	84	86	88	90	92	94	96	98	100	102	104	106	108	110	112	114	116	118	120	122	124	126	128	130	132	134	136	138	140	142	144	146	148	150	152	154	156	158	160	162	164	166	168	170	172	174	176	178	180	182	184	186	188	190	192	194	196	198	200	202	204	206	208	210	212	214	216	218	220	222	224	226	228	230	232	234	236	238	240	242	244	246	248	250	252	254	256	258	260	262	264	266
0	5	6	4	6	1	1	1	1	1	1	1	3	4	6	5	3	6	3	4	6	5	6	3	5	6	4	3	5	6	13	13	13	2	2	2	2	2	2	2	2	2	2	2	2	2	3	5	4	4	5	6	6	6	5	5	4	5	3	6	6	6	4	5	5	5	6	3	6	6	5	4	4	9	9	10	3	3	4	9	9	9	4	9	9	4	10	10	9	3	4	4	10	10	10	10	9	10	10	9	9	9	9	11	11	11	11	11	11	11	11	10	10	11	11	11	11	11	11	11	11	9	9	11	11	11	11	11	11	11	11	11	11
112
2	4	6	8	10	12	14	16	18	20	22	24	26	28	30	32	34	36	38	40	42	44	46	48	50	52	54	56	58	60	62	64	66	68	70	72	74	76	78	80	82	84	86	88	90	92	94	96	98	100	102	104	106	108	110	112	114	116	118	120	122	124	126	128	130	132	134	136	138	140	142	144	146	148	150	152	154	156	158	160	162	164	166	168	170	172	174	176	178	180	182	184	186	188	190	192	194	196	198	200	202	204	206	208	210	212	214	216	218	220	222	224
0	5	6	4	3	4	6	1	1	1	1	1	6	6	5	5	3	3	4	5	6	3	13	13	2	2	2	2	2	2	2	2	2	2	2	2	5	4	4	5	6	6	6	3	4	4	5	5	6	3	3	4	4	6	6	5	5	4	5	5	6	6	4	4	9	9	10	10	10	4	9	4	4	10	10	9	9	10	10	4	4	3	4	4	9	4	4	4	10	10	9	9	3	10	9	11	11	11	11	11	11	11	9	9	11	11	11	11	11	11	11	11
146
2	4	6	8	10	12	14	16	18	20	22	24	26	28	30	32	34	36	38	40	42	44	46	48	50	52	54	56	58	60	62	64	66	68	70	72	74	76	78	80	82	84	86	88	90	92	94	96	98	100	102	104	106	108	110	112	114	116	118	120	122	124	126	128	130	132	134	136	138	140	142	144	146	148	150	152	154	156	158	160	162	164	166	168	170	172	174	176	178	180	182	184	186	188	190	192	194	196	198	200	202	204	206	208	210	212	214	216	218	220	222	224	226	228	230	232	234	236	238	240	242	244	246	248	250	252	254	256	258	260	262	264	266	268	270	272	274	276	278	280	282	284	286	288	290	292
0	5	5	6	4	6	1	1	1	1	1	5	6	3	6	5	3	6	4	5	4	6	3	5	5	6	4	4	3	3	13	13	13	2	2	2	2	2	2	2	2	2	2	5	5	6	6	6	4	4	3	3	6	6	5	5	4	4	6	6	3	5	4	5	4	5	6	3	6	4	4	4	3	3	4	4	4	5	6	4	9	10	9	9	9	4	4	3	10	10	10	10	10	4	4	9	9	9	3	3	9	9	9	9	4	4	9	10	10	10	10	9	10	10	10	10	9	9	9	9	9	9	9	9	9	9	10	10	9	10	10	11	11	11	11	11	11	11	11	11	11	11	11	11	11	11
150
2	4	6	8	10	12	14	16	18	20	22	24	26	28	30	32	34	36	38	40	42	44	46	48	50	52	54	56	58	60	62	64	66	68	70	72	74	76	78	80	82	84	86	88	90	92	94	96	98	100	102	104	106	108	110	112	114	116	118	120	122	124	126	128	130	132	134	136	138	140	142	144	146	148	150	152	154	156	158	160	162	164	166	168	170	172	174	176	178	180	182	184	186	188	190	192	194	196	198	200	202	204	206	208	210	212	214	216	218	220	222	224	226	228	230	232	234	236	238	240	242	244	246	248	250	252	254	256	258	260	262	264	266	268	270	272	274	276	278	280	282	284	286	288	290	292	294	296	298	300
0	5	5	6	4	6	5	1	1	1	1	1	1	1	5	6	6	5	3	3	4	5	6	6	3	5	5	6	5	6	6	5	13	13	13	2	2	2	2	2	2	2	2	2	2	2	2	2	2	2	3	3	4	4	5	5	6	4	3	6	6	4	4	3	6	6	5	4	6	4	4	3	3	5	9	6	9	9	4	4	10	10	4	9	9	9	10	10	10	10	3	10	10	10	9	4	4	4	9	9	9	3	3	10	10	10	10	9	4	4	9	9	9	9	9	10	10	9	9	9	9	9	9	9	10	10	10	10	10	9	9	9	10	11	11	11	11	11	11	11	11	11	11	11	11	11	11	11	11	11
123
2	4	6	8	10	12	14	16	18	20	22	24	26	28	30	32	34	36	38	40	42	44	46	48	50	52	54	56	58	60	62	64	66	68	70	72	74	76	78	80	82	84	86	88	90	92	94	96	98	100	102	104	106	108	110	112	114	116	118	120	122	124	126	128	130	132	134	136	138	140	142	144	146	148	150	152	154	156	158	160	162	164	166	168	170	172	174	176	178	180	182	184	186	188	190	192	194	196	198	200	202	204	206	208	210	212	214	216	218	220	222	224	226	228	230	232	234	236	238	240	242	244	246
0	5	5	6	6	4	1	1	1	1	1	1	5	6	3	3	4	3	5	6	4	3	5	6	13	13	13	2	2	2	2	2	2	2	2	2	2	2	5	6	6	4	5	6	3	4	5	4	6	3	4	4	5	6	6	6	5	5	6	4	9	9	10	10	4	9	10	10	10	4	4	10	10	9	9	9	4	9	9	4	4	9	9	9	10	10	4	4	10	10	10	10	10	10	10	9	9	9	9	9	9	9	11	11	11	11	11	11	10	10	10	11	11	11	11	11	11	11	11	11	11	11	11
172
2	4	6	8	10	12	14	16	18	20	22	24	26	28	30	32	34	36	38	40	42	44	46	48	50	52	54	56	58	60	62	64	66	68	70	72	74	76	78	80	82	84	86	88	90	92	94	96	98	100	102	104	106	108	110	112	114	116	118	120	122	124	126	128	130	132	134	136	138	140	142	144	146	148	150	152	154	156	158	160	162	164	166	168	170	172	174	176	178	180	182	184	186	188	190	192	194	196	198	200	202	204	206	208	210	212	214	216	218	220	222	224	226	228	230	232	234	236	238	240	242	244	246	248	250	252	254	256	258	260	262	264	266	268	270	272	274	276	278	280	282	284	286	288	290	292	294	296	298	300	302	304	306	308	310	312	314	316	318	320	322	324	326	328	330	332	334	336	338	340	342	344
0	5	5	6	4	6	6	4	5	3	1	1	4	5	6	6	3	4	5	5	5	6	6	6	4	6	5	5	4	6	3	5	5	6	4	4	5	6	6	6	5	5	5	3	4	5	6	13	13	13	6	6	4	2	2	2	2	2	3	5	5	5	4	6	6	6	5	4	5	5	3	6	6	5	5	6	6	4	5	5	3	5	5	4	4	6	6	6	5	5	5	4	9	6	10	10	9	9	4	4	10	4	4	4	10	10	10	3	10	10	10	10	9	9	10	9	9	10	10	10	10	9	9	9	9	9	9	9	9	9	10	10	10	10	10	9	9	9	9	10	10	10	10	9	9	9	9	9	9	9	9	10	10	10	10	10	10	11	11	11	11	11	11	11	11	11	11	11	11	11	11	11
132
2	4	6	8	10	12	14	16	18	20	22	24	26	28	30	32	34	36	38	40	42	44	46	48	50	52	54	56	58	60	62	64	66	68	70	72	74	76	78	80	82	84	86	88	90	92	94	96	98	100	102	104	106	108	110	112	114	116	118	120	122	124	126	128	130	132	134	136	138	140	142	144	146	148	150	152	154	156	158	160	162	164	166	168	170	172	174	176	178	180	182	184	186	188	190	192	194	196	198	200	202	204	206	208	210	212	214	216	218	220	222	224	226	228	230	232	234	236	238	240	242	244	246	248	250	252	254	256	258	260	262	264
0	5	6	4	6	5	1	1	1	1	1	1	3	5	6	6	3	4	5	5	6	6	3	5	5	6	6	5	4	3	13	13	13	3	2	2	2	2	2	2	2	2	2	2	2	5	4	5	4	4	4	6	6	3	4	5	5	6	6	6	5	5	4	3	3	4	3	4	4	5	6	4	9	9	4	4	10	10	10	10	9	3	10	4	4	9	9	9	10	10	10	9	9	9	5	6	9	9	9	4	9	10	10	10	3	10	10	10	9	9	9	9	9	11	11	11	11	11	11	11	11	11	11	11	11	11	11	11	11	11	11	11
145
2	4	6	8	10	12	14	16	18	20	22	24	26	28	30	32	34	36	38	40	42	44	46	48	50	52	54	56	58	60	62	64	66	68	70	72	74	76	78	80	82	84	86	88	90	92	94	96	98	100	102	104	106	108	110	112	114	116	118	120	122	124	126	128	130	132	134	136	138	140	142	144	146	148	150	152	154	156	158	160	162	164	166	168	170	172	174	176	178	180	182	184	186	188	190	192	194	196	198	200	202	204	206	208	210	212	214	216	218	220	222	224	226	228	230	232	234	236	238	240	242	244	246	248	250	252	254	256	258	260	262	264	266	268	270	272	274	276	278	280	282	284	286	288	290
0	5	6	6	5	4	5	3	6	1	1	5	4	6	6	6	3	4	5	5	6	6	5	5	6	6	6	5	5	4	4	6	3	5	13	13	13	2	2	2	4	4	4	5	6	6	5	5	6	5	5	6	6	5	4	3	5	6	5	5	4	6	6	5	6	5	5	5	6	6	5	4	4	6	5	5	5	6	4	6	6	5	5	5	6	6	5	5	4	9	9	4	10	10	10	10	9	10	4	4	4	10	10	9	9	10	10	9	9	9	10	9	9	9	9	9	10	10	10	10	10	9	9	10	10	9	9	10	10	11	11	11	11	11	11	11	11	11	11	11	11	11	11	11	11
162
2	4	6	8	10	12	14	16	18	20	22	24	26	28	30	32	34	36	38	40	42	44	46	48	50	52	54	56	58	60	62	64	66	68	70	72	74	76	78	80	82	84	86	88	90	92	94	96	98	100	102	104	106	108	110	112	114	116	118	120	122	124	126	128	130	132	134	136	138	140	142	144	146	148	150	152	154	156	158	160	162	164	166	168	170	172	174	176	178	180	182	184	186	188	190	192	194	196	198	200	202	204	206	208	210	212	214	216	218	220	222	224	226	228	230	232	234	236	238	240	242	244	246	248	250	252	254	256	258	260	262	264	266	268	270	272	274	276	278	280	282	284	286	288	290	292	294	296	298	300	302	304	306	308	310	312	314	316	318	320	322	324
0	5	5	6	4	1	5	6	6	3	5	6	4	5	5	6	6	6	6	5	5	5	3	3	4	4	5	6	6	4	5	5	6	6	5	13	13	13	2	2	2	2	5	1	6	6	4	5	5	4	6	5	4	4	5	6	4	5	3	6	5	4	4	4	3	3	5	5	6	6	4	4	5	5	6	6	6	6	5	5	5	4	4	4	6	6	5	5	5	3	10	10	9	9	10	4	4	10	10	10	9	9	10	10	6	5	4	4	9	9	9	9	9	10	10	9	9	9	9	9	9	9	9	10	10	10	10	10	10	9	10	10	9	9	9	9	9	10	10	10	10	10	10	9	9	11	11	11	11	11	9	9	9	9	11	11	11	11	11	11	11	11
165
2	4	6	8	10	12	14	16	18	20	22	24	26	28	30	32	34	36	38	40	42	44	46	48	50	52	54	56	58	60	62	64	66	68	70	72	74	76	78	80	82	84	86	88	90	92	94	96	98	100	102	104	106	108	110	112	114	116	118	120	122	124	126	128	130	132	134	136	138	140	142	144	146	148	150	152	154	156	158	160	162	164	166	168	170	172	174	176	178	180	182	184	186	188	190	192	194	196	198	200	202	204	206	208	210	212	214	216	218	220	222	224	226	228	230	232	234	236	238	240	242	244	246	248	250	252	254	256	258	260	262	264	266	268	270	272	274	276	278	280	282	284	286	288	290	292	294	296	298	300	302	304	306	308	310	312	314	316	318	320	322	324	326	328	330
0	5	5	6	6	4	4	3	5	6	6	5	5	1	1	6	5	4	6	6	3	3	5	5	5	4	6	4	6	6	5	3	3	4	5	5	6	6	6	5	5	5	5	6	6	6	6	5	5	3	5	5	4	6	3	4	3	2	2	2	2	13	13	6	6	4	5	5	4	3	2	6	6	5	5	4	5	4	6	6	4	5	5	3	6	6	4	4	5	5	6	6	6	6	5	5	5	4	6	6	5	9	6	5	5	6	10	4	4	4	10	10	3	4	4	4	4	4	9	5	3	3	4	5	4	4	6	4	9	9	9	10	10	9	9	10	10	10	9	9	9	9	9	10	10	10	10	10	9	9	9	9	10	9	11	11	11	11	11	11	11	11	11	11	11
181
2	4	6	8	10	12	14	16	18	20	22	24	26	28	30	32	34	36	38	40	42	44	46	48	50	52	54	56	58	60	62	64	66	68	70	72	74	76	78	80	82	84	86	88	90	92	94	96	98	100	102	104	106	108	110	112	114	116	118	120	122	124	126	128	130	132	134	136	138	140	142	144	146	148	150	152	154	156	158	160	162	164	166	168	170	172	174	176	178	180	182	184	186	188	190	192	194	196	198	200	202	204	206	208	210	212	214	216	218	220	222	224	226	228	230	232	234	236	238	240	242	244	246	248	250	252	254	256	258	260	262	264	266	268	270	272	274	276	278	280	282	284	286	288	290	292	294	296	298	300	302	304	306	308	310	312	314	316	318	320	322	324	326	328	330	332	334	336	338	340	342	344	346	348	350	352	354	356	358	360	362
0	5	5	6	6	6	5	4	5	3	6	6	5	5	6	5	1	1	2	6	6	5	3	4	4	3	5	5	6	6	6	6	3	3	5	5	5	6	4	4	6	6	5	5	6	6	6	5	5	5	6	6	6	3	5	5	6	6	6	5	4	3	5	6	13	13	13	2	2	2	2	1	4	5	6	4	5	6	5	4	4	4	3	3	6	6	5	5	3	5	6	6	5	5	4	4	6	6	5	5	5	4	10	10	10	10	6	4	4	6	6	5	5	5	5	6	6	10	10	9	9	9	9	10	10	10	10	9	9	9	9	9	10	10	10	9	9	9	9	9	9	9	9	9	9	10	10	10	10	10	10	10	10	9	9	9	9	9	9	9	10	10	10	10	10	10	9	9	11	11	11	11	11	11	11	11	11	11	11	11	11
145
2	4	6	8	10	12	14	16	18	20	22	24	26	28	30	32	34	36	38	40	42	44	46	48	50	52	54	56	58	60	62	64	66	68	70	72	74	76	78	80	82	84	86	88	90	92	94	96	98	100	102	104	106	108	110	112	114	116	118	120	122	124	126	128	130	132	134	136	138	140	142	144	146	148	150	152	154	156	158	160	162	164	166	168	170	172	174	176	178	180	182	184	186	188	190	192	194	196	198	200	202	204	206	208	210	212	214	216	218	220	222	224	226	228	230	232	234	236	238	240	242	244	246	248	250	252	254	256	258	260	262	264	266	268	270	272	274	276	278	280	282	284	286	288	290
0	5	5	6	6	4	1	1	3	6	6	5	5	5	6	4	3	6	6	5	5	6	6	4	5	5	3	6	4	3	13	13	13	2	2	2	5	5	4	6	4	4	4	5	6	6	4	4	5	5	6	6	3	5	5	6	4	4	6	6	6	6	3	3	5	5	5	5	4	4	5	5	6	6	6	6	5	5	5	6	6	5	5	5	4	4	5	6	6	6	4	4	5	6	10	10	9	9	10	10	10	9	9	10	4	4	10	10	10	10	4	4	4	9	9	9	10	10	9	9	9	9	9	9	10	9	9	9	10	10	10	9	11	11	11	11	11	11	11	11	11	11	11	11	11
149
2	4	6	8	10	12	14	16	18	20	22	24	26	28	30	32	34	36	38	40	42	44	46	48	50	52	54	56	58	60	62	64	66	68	70	72	74	76	78	80	82	84	86	88	90	92	94	96	98	100	102	104	106	108	110	112	114	116	118	120	122	124	126	128	130	132	134	136	138	140	142	144	146	148	150	152	154	156	158	160	162	164	166	168	170	172	174	176	178	180	182	184	186	188	190	192	194	196	198	200	202	204	206	208	210	212	214	216	218	220	222	224	226	228	230	232	234	236	238	240	242	244	246	248	250	252	254	256	258	260	262	264	266	268	270	272	274	276	278	280	282	284	286	288	290	292	294	296	298
0	5	5	6	6	4	5	1	1	2	6	6	5	6	5	3	4	3	4	3	5	6	6	6	5	5	5	6	6	5	5	5	6	4	3	13	13	13	2	2	2	2	5	5	6	6	5	5	4	4	6	4	4	3	3	4	3	3	4	4	4	5	6	6	5	5	5	6	6	6	5	5	6	6	4	4	5	5	5	6	6	6	5	5	5	4	4	6	6	3	5	6	6	5	5	5	6	6	4	4	5	3	9	4	4	9	10	10	10	4	4	10	10	9	9	9	10	10	10	9	9	9	9	10	10	10	9	9	9	11	11	10	10	11	11	11	11	9	11	11	11	11	11	11	11	11	11	11	11
171
2	4	6	8	10	12	14	16	18	20	22	24	26	28	30	32	34	36	38	40	42	44	46	48	50	52	54	56	58	60	62	64	66	68	70	72	74	76	78	80	82	84	86	88	90	92	94	96	98	100	102	104	106	108	110	112	114	116	118	120	122	124	126	128	130	132	134	136	138	140	142	144	146	148	150	152	154	156	158	160	162	164	166	168	170	172	174	176	178	180	182	184	186	188	190	192	194	196	198	200	202	204	206	208	210	212	214	216	218	220	222	224	226	228	230	232	234	236	238	240	242	244	246	248	250	252	254	256	258	260	262	264	266	268	270	272	274	276	278	280	282	284	286	288	290	292	294	296	298	300	302	304	306	308	310	312	314	316	318	320	322	324	326	328	330	332	334	336	338	340	342
0	5	5	6	4	5	1	1	2	5	6	3	6	6	5	6	5	5	5	6	6	5	6	5	5	4	3	3	4	5	6	13	13	13	2	2	2	2	5	4	6	6	5	5	5	4	4	6	6	6	5	5	6	3	4	5	5	4	6	6	6	5	5	4	4	3	3	4	4	3	3	6	6	4	4	4	5	5	3	5	5	6	6	6	6	6	5	5	5	5	5	6	6	5	6	5	5	6	6	6	6	4	9	9	9	9	9	9	9	4	4	4	4	10	10	10	10	10	10	10	10	10	9	9	10	10	10	9	9	9	9	9	9	9	9	9	9	10	10	10	10	10	10	10	10	10	10	9	9	9	9	9	9	9	9	9	10	10	10	10	10	10	11	11	11	11	11	11	11	11	11
203
2	4	6	8	10	12	14	16	18	20	22	24	26	28	30	32	34	36	38	40	42	44	46	48	50	52	54	56	58	60	62	64	66	68	70	72	74	76	78	80	82	84	86	88	90	92	94	96	98	100	102	104	106	108	110	112	114	116	118	120	122	124	126	128	130	132	134	136	138	140	142	144	146	148	150	152	154	156	158	160	162	164	166	168	170	172	174	176	178	180	182	184	186	188	190	192	194	196	198	200	202	204	206	208	210	212	214	216	218	220	222	224	226	228	230	232	234	236	238	240	242	244	246	248	250	252	254	256	258	260	262	264	266	268	270	272	274	276	278	280	282	284	286	288	290	292	294	296	298	300	302	304	306	308	310	312	314	316	318	320	322	324	326	328	330	332	334	336	338	340	342	344	346	348	350	352	354	356	358	360	362	364	366	368	370	372	374	376	378	380	382	384	386	388	390	392	394	396	398	400	402	404	406
0	4	5	5	6	6	6	4	3	5	1	5	6	6	6	3	5	5	5	6	4	4	3	3	3	4	4	6	6	5	5	5	3	3	4	4	6	6	6	5	5	5	5	6	3	3	4	4	4	3	3	3	4	2	2	2	13	13	13	13	5	5	6	6	6	4	5	5	6	6	6	4	5	5	5	6	5	6	6	6	5	5	4	6	6	6	5	5	5	4	4	6	6	3	3	4	6	6	5	5	5	4	4	3	4	3	3	4	4	6	5	6	4	4	4	3	3	3	5	5	5	6	6	6	6	6	6	6	5	5	5	5	5	6	6	6	5	4	9	10	9	9	10	10	9	9	9	10	10	10	10	9	10	4	9	9	9	10	10	10	10	9	9	9	9	10	10	10	9	9	9	9	9	9	10	10	10	9	9	10	9	10	10	9	11	11	11	11	11	10	11	11	11	11	11	11	11	11	11	11	11	11	11
164
2	4	6	8	10	12	14	16	18	20	22	24	26	28	30	32	34	36	38	40	42	44	46	48	50	52	54	56	58	60	62	64	66	68	70	72	74	76	78	80	82	84	86	88	90	92	94	96	98	100	102	104	106	108	110	112	114	116	118	120	122	124	126	128	130	132	134	136	138	140	142	144	146	148	150	152	154	156	158	160	162	164	166	168	170	172	174	176	178	180	182	184	186	188	190	192	194	196	198	200	202	204	206	208	210	212	214	216	218	220	222	224	226	228	230	232	234	236	238	240	242	244	246	248	250	252	254	256	258	260	262	264	266	268	270	272	274	276	278	280	282	284	286	288	290	292	294	296	298	300	302	304	306	308	310	312	314	316	318	320	322	324	326	328
0	4	5	5	6	6	6	1	1	5	5	5	6	3	4	6	5	5	6	3	3	6	6	5	5	4	6	6	4	4	5	5	3	3	6	6	5	4	13	13	13	2	2	2	2	5	4	4	6	6	6	5	5	5	6	4	4	5	5	6	6	6	6	5	5	5	4	6	5	6	6	5	5	5	5	6	6	6	6	5	6	6	5	4	5	5	6	6	9	10	10	10	9	9	10	9	9	4	4	10	10	10	10	10	9	9	9	9	9	9	10	10	10	4	10	10	9	9	10	10	9	9	9	9	9	9	10	10	10	10	10	9	9	9	9	9	10	10	10	10	10	10	9	9	9	9	10	10	11	11	11	11	11	11	11	11	11	11	11	11	11	11	11	11
194
2	4	6	8	10	12	14	16	18	20	22	24	26	28	30	32	34	36	38	40	42	44	46	48	50	52	54	56	58	60	62	64	66	68	70	72	74	76	78	80	82	84	86	88	90	92	94	96	98	100	102	104	106	108	110	112	114	116	118	120	122	124	126	128	130	132	134	136	138	140	142	144	146	148	150	152	154	156	158	160	162	164	166	168	170	172	174	176	178	180	182	184	186	188	190	192	194	196	198	200	202	204	206	208	210	212	214	216	218	220	222	224	226	228	230	232	234	236	238	240	242	244	246	248	250	252	254	256	258	260	262	264	266	268	270	272	274	276	278	280	282	284	286	288	290	292	294	296	298	300	302	304	306	308	310	312	314	316	318	320	322	324	326	328	330	332	334	336	338	340	342	344	346	348	350	352	354	356	358	360	362	364	366	368	370	372	374	376	378	380	382	384	386	388
0	5	4	6	6	3	5	1	1	6	3	6	5	5	6	6	3	5	5	5	6	6	4	5	5	6	6	6	5	3	4	5	5	3	6	2	2	2	2	13	13	13	5	5	4	6	6	6	5	5	4	6	6	6	5	5	4	4	6	6	5	5	4	4	3	3	6	5	5	5	6	6	4	4	4	3	3	5	5	5	6	6	6	6	6	6	5	5	5	5	5	5	5	6	6	6	6	5	5	3	4	4	3	3	5	6	6	6	6	5	5	5	4	4	5	5	6	3	3	3	6	6	5	5	5	5	5	6	6	6	4	9	9	10	10	10	9	9	9	10	4	4	10	10	9	10	9	9	9	10	10	10	9	4	9	9	10	10	9	9	10	10	10	10	9	9	9	9	9	10	10	10	10	10	10	9	9	9	11	11	11	11	11	11	11	11	11	11	11	11	11	11	11	11
173
2	4	6	8	10	12	14	16	18	20	22	24	26	28	30	32	34	36	38	40	42	44	46	48	50	52	54	56	58	60	62	64	66	68	70	72	74	76	78	80	82	84	86	88	90	92	94	96	98	100	102	104	106	108	110	112	114	116	118	120	122	124	126	128	130	132	134	136	138	140	142	144	146	148	150	152	154	156	158	160	162	164	166	168	170	172	174	176	178	180	182	184	186	188	190	192	194	196	198	200	202	204	206	208	210	212	214	216	218	220	222	224	226	228	230	232	234	236	238	240	242	244	246	248	250	252	254	256	258	260	262	264	266	268	270	272	274	276	278	280	282	284	286	288	290	292	294	296	298	300	302	304	306	308	310	312	314	316	318	320	322	324	326	328	330	332	334	336	338	340	342	344	346
0	5	5	6	6	4	5	6	6	3	6	5	6	4	5	6	1	3	5	6	4	4	3	6	6	5	13	13	13	2	2	2	5	6	6	6	4	4	5	5	4	6	6	6	5	5	5	6	5	5	6	6	4	4	4	3	3	6	6	6	5	5	5	4	4	3	3	5	6	6	6	6	6	5	5	5	5	6	6	5	5	4	6	6	6	6	5	5	5	1	1	5	5	6	6	6	6	5	5	5	6	6	6	5	5	5	5	6	6	2	2	6	6	10	9	9	5	5	9	4	4	4	10	10	10	10	9	4	4	4	4	9	9	10	10	10	10	9	9	9	9	9	9	9	9	9	9	10	10	10	10	10	10	10	10	9	9	9	11	11	11	11	11	11	11	11	11	11	11	11	11	11	11
173
2	4	6	8	10	12	14	16	18	20	22	24	26	28	30	32	34	36	38	40	42	44	46	48	50	52	54	56	58	60	62	64	66	68	70	72	74	76	78	80	82	84	86	88	90	92	94	96	98	100	102	104	106	108	110	112	114	116	118	120	122	124	126	128	130	132	134	136	138	140	142	144	146	148	150	152	154	156	158	160	162	164	166	168	170	172	174	176	178	180	182	184	186	188	190	192	194	196	198	200	202	204	206	208	210	212	214	216	218	220	222	224	226	228	230	232	234	236	238	240	242	244	246	248	250	252	254	256	258	260	262	264	266	268	270	272	274	276	278	280	282	284	286	288	290	292	294	296	298	300	302	304	306	308	310	312	314	316	318	320	322	324	326	328	330	332	334	336	338	340	342	344	346
0	4	5	5	6	1	1	6	6	3	5	5	3	4	4	6	3	5	5	6	6	4	3	5	6	13	13	13	13	2	2	2	2	6	5	5	5	6	6	4	4	4	4	8	8	8	8	8	8	8	8	6	6	5	5	5	5	5	5	5	5	5	5	6	6	4	4	6	6	6	6	5	5	5	8	8	8	8	8	8	6	6	6	5	5	5	5	5	5	5	5	5	5	6	6	6	6	6	6	5	5	5	4	6	6	6	5	5	5	4	5	5	6	6	6	5	9	9	9	10	10	9	9	10	10	10	10	10	9	9	4	4	9	9	10	9	10	10	10	4	9	10	10	10	10	10	9	9	9	9	9	9	9	9	10	10	10	10	9	9	11	11	11	11	11	11	11	11	11	11	11	11	11
187
2	4	6	8	10	12	14	16	18	20	22	24	26	28	30	32	34	36	38	40	42	44	46	48	50	52	54	56	58	60	62	64	66	68	70	72	74	76	78	80	82	84	86	88	90	92	94	96	98	100	102	104	106	108	110	112	114	116	118	120	122	124	126	128	130	132	134	136	138	140	142	144	146	148	150	152	154	156	158	160	162	164	166	168	170	172	174	176	178	180	182	184	186	188	190	192	194	196	198	200	202	204	206	208	210	212	214	216	218	220	222	224	226	228	230	232	234	236	238	240	242	244	246	248	250	252	254	256	258	260	262	264	266	268	270	272	274	276	278	280	282	284	286	288	290	292	294	296	298	300	302	304	306	308	310	312	314	316	318	320	322	324	326	328	330	332	334	336	338	340	342	344	346	348	350	352	354	356	358	360	362	364	366	368	370	372	374
0	4	4	5	5	6	6	6	3	5	5	6	6	1	1	5	4	5	6	6	3	3	5	5	6	6	5	5	4	6	6	6	5	5	5	3	3	13	13	13	2	2	2	4	6	6	5	5	5	6	4	4	6	6	6	5	5	5	4	4	3	8	8	8	8	8	8	8	8	8	8	8	8	8	8	8	8	8	8	6	6	5	5	5	5	5	8	8	6	6	5	5	5	5	5	4	4	5	5	5	5	5	6	6	5	6	6	4	6	6	6	6	6	5	5	5	5	8	8	8	8	8	8	8	6	6	5	5	5	5	5	5	5	6	4	4	6	6	6	6	5	5	5	10	10	4	4	4	4	10	10	9	9	9	9	9	10	10	9	9	9	9	9	9	9	9	9	10	10	10	10	9	9	9	10	11	11	11	11	11	11	11	11	11	11	11	11
162
2	4	6	8	10	12	14	16	18	20	22	24	26	28	30	32	34	36	38	40	42	44	46	48	50	52	54	56	58	60	62	64	66	68	70	72	74	76	78	80	82	84	86	88	90	92	94	96	98	100	102	104	106	108	110	112	114	116	118	120	122	124	126	128	130	132	134	136	138	140	142	144	146	148	150	152	154	156	158	160	162	164	166	168	170	172	174	176	178	180	182	184	186	188	190	192	194	196	198	200	202	204	206	208	210	212	214	216	218	220	222	224	226	228	230	232	234	236	238	240	242	244	246	248	250	252	254	256	258	260	262	264	266	268	270	272	274	276	278	280	282	284	286	288	290	292	294	296	298	300	302	304	306	308	310	312	314	316	318	320	322	324
0	5	5	6	6	5	4	4	3	6	6	1	1	5	5	6	6	6	5	5	3	6	6	6	5	5	6	3	4	2	2	2	13	13	13	5	5	6	6	4	5	5	5	6	6	4	4	4	6	3	5	4	4	4	4	5	5	6	6	6	6	5	5	8	8	8	8	8	6	8	8	8	8	8	8	8	8	8	8	8	8	8	5	5	5	6	6	6	6	6	6	5	5	6	6	6	5	5	5	5	5	6	6	6	6	5	5	4	4	6	6	5	5	6	6	5	5	10	10	10	10	9	9	9	9	4	10	10	10	10	10	9	9	9	9	9	9	9	9	11	11	11	11	11	11	11	10	10	10	9	9	9	11	11	11	11	11	11	11	11	11	11
223
2	4	6	8	10	12	14	16	18	20	22	24	26	28	30	32	34	36	38	40	42	44	46	48	50	52	54	56	58	60	62	64	66	68	70	72	74	76	78	80	82	84	86	88	90	92	94	96	98	100	102	104	106	108	110	112	114	116	118	120	122	124	126	128	130	132	134	136	138	140	142	144	146	148	150	152	154	156	158	160	162	164	166	168	170	172	174	176	178	180	182	184	186	188	190	192	194	196	198	200	202	204	206	208	210	212	214	216	218	220	222	224	226	228	230	232	234	236	238	240	242	244	246	248	250	252	254	256	258	260	262	264	266	268	270	272	274	276	278	280	282	284	286	288	290	292	294	296	298	300	302	304	306	308	310	312	314	316	318	320	322	324	326	328	330	332	334	336	338	340	342	344	346	348	350	352	354	356	358	360	362	364	366	368	370	372	374	376	378	380	382	384	386	388	390	392	394	396	398	400	402	404	406	408	410	412	414	416	418	420	422	424	426	428	430	432	434	436	438	440	442	444	446
0	5	5	6	4	6	1	1	5	5	6	3	3	4	5	6	6	3	3	5	5	4	6	5	5	6	6	3	4	5	6	5	6	3	5	5	6	6	6	4	3	3	3	5	5	4	4	6	3	3	3	13	13	13	13	2	2	1	4	4	4	5	5	6	6	6	3	3	5	5	5	6	6	6	6	4	4	4	5	5	6	8	8	8	8	8	8	8	8	8	5	5	6	6	4	4	4	4	3	6	6	6	5	5	5	5	5	6	6	6	6	6	5	5	5	5	5	5	6	6	6	6	6	5	5	3	5	5	6	6	3	3	3	2	2	2	2	6	6	6	5	5	5	5	5	5	6	6	6	6	6	5	10	10	9	9	9	5	4	4	10	10	4	10	10	4	10	10	10	10	9	9	4	4	10	10	9	9	9	9	9	9	10	10	9	9	9	9	9	9	10	10	10	10	10	10	9	9	9	10	10	10	10	10	9	9	9	9	9	10	11	11	11	11	11	11	11	11	11	11	11	11	11
187
2	4	6	8	10	12	14	16	18	20	22	24	26	28	30	32	34	36	38	40	42	44	46	48	50	52	54	56	58	60	62	64	66	68	70	72	74	76	78	80	82	84	86	88	90	92	94	96	98	100	102	104	106	108	110	112	114	116	118	120	122	124	126	128	130	132	134	136	138	140	142	144	146	148	150	152	154	156	158	160	162	164	166	168	170	172	174	176	178	180	182	184	186	188	190	192	194	196	198	200	202	204	206	208	210	212	214	216	218	220	222	224	226	228	230	232	234	236	238	240	242	244	246	248	250	252	254	256	258	260	262	264	266	268	270	272	274	276	278	280	282	284	286	288	290	292	294	296	298	300	302	304	306	308	310	312	314	316	318	320	322	324	326	328	330	332	334	336	338	340	342	344	346	348	350	352	354	356	358	360	362	364	366	368	370	372	374
0	4	4	5	6	3	1	1	1	1	1	6	6	3	5	5	4	3	6	5	5	6	6	5	5	6	5	3	6	6	5	5	4	4	6	6	5	5	6	13	13	13	2	2	2	2	2	2	2	5	5	6	6	5	6	4	4	4	4	5	5	6	6	5	4	4	8	8	8	8	8	8	8	8	8	8	8	5	5	6	6	6	6	6	5	5	8	8	8	8	8	8	8	8	8	8	8	8	8	8	8	6	6	5	5	6	6	6	5	5	8	8	8	8	9	9	10	10	10	10	10	9	4	4	4	10	10	10	9	9	9	10	4	4	9	9	9	9	4	4	4	10	10	10	10	10	9	9	9	10	10	10	9	9	9	9	9	9	9	9	9	9	9	9	9	10	10	10	10	10	10	9	9	11	11	11	11	11	11	11	11	11	11	11	11	11	11
191
2	4	6	8	10	12	14	16	18	20	22	24	26	28	30	32	34	36	38	40	42	44	46	48	50	52	54	56	58	60	62	64	66	68	70	72	74	76	78	80	82	84	86	88	90	92	94	96	98	100	102	104	106	108	110	112	114	116	118	120	122	124	126	128	130	132	134	136	138	140	142	144	146	148	150	152	154	156	158	160	162	164	166	168	170	172	174	176	178	180	182	184	186	188	190	192	194	196	198	200	202	204	206	208	210	212	214	216	218	220	222	224	226	228	230	232	234	236	238	240	242	244	246	248	250	252	254	256	258	260	262	264	266	268	270	272	274	276	278	280	282	284	286	288	290	292	294	296	298	300	302	304	306	308	310	312	314	316	318	320	322	324	326	328	330	332	334	336	338	340	342	344	346	348	350	352	354	356	358	360	362	364	366	368	370	372	374	376	378	380	382
0	5	6	4	1	1	1	1	3	3	5	6	5	5	6	5	6	3	5	6	4	6	5	3	5	4	2	2	2	2	6	6	5	5	5	2	2	13	13	13	4	6	6	5	5	5	4	4	8	8	8	8	8	8	8	8	8	8	8	8	8	8	6	6	3	3	5	8	8	5	4	4	4	5	5	6	6	6	6	6	3	3	5	5	4	4	4	5	5	6	6	6	8	8	8	8	8	8	8	8	8	3	3	5	5	5	6	6	4	4	6	3	3	6	5	5	6	6	6	5	5	6	6	5	5	5	4	6	6	5	10	10	4	4	10	10	9	9	9	10	10	10	9	9	9	9	10	10	4	10	10	10	9	9	9	9	9	10	10	10	9	9	10	10	9	9	9	9	9	9	10	10	10	10	10	10	11	11	11	11	11	11	11	11	11	11	11	11	11	11	11
179
2	4	6	8	10	12	14	16	18	20	22	24	26	28	30	32	34	36	38	40	42	44	46	48	50	52	54	56	58	60	62	64	66	68	70	72	74	76	78	80	82	84	86	88	90	92	94	96	98	100	102	104	106	108	110	112	114	116	118	120	122	124	126	128	130	132	134	136	138	140	142	144	146	148	150	152	154	156	158	160	162	164	166	168	170	172	174	176	178	180	182	184	186	188	190	192	194	196	198	200	202	204	206	208	210	212	214	216	218	220	222	224	226	228	230	232	234	236	238	240	242	244	246	248	250	252	254	256	258	260	262	264	266	268	270	272	274	276	278	280	282	284	286	288	290	292	294	296	298	300	302	304	306	308	310	312	314	316	318	320	322	324	326	328	330	332	334	336	338	340	342	344	346	348	350	352	354	356	358
0	4	5	3	3	6	6	4	1	1	2	5	5	6	6	3	5	6	6	5	5	6	3	4	5	3	6	6	5	5	5	4	6	5	13	13	13	6	2	2	2	2	2	3	5	5	5	4	4	6	6	6	4	4	5	5	5	6	6	6	6	3	5	5	4	5	4	4	6	6	8	8	8	8	8	8	8	5	6	8	8	8	8	8	8	8	8	6	6	5	5	5	6	6	6	6	5	3	5	5	6	6	6	3	6	5	5	5	6	6	3	6	5	5	5	6	6	6	5	5	5	5	5	6	6	5	4	4	9	10	4	4	4	10	10	10	4	10	10	10	10	10	10	10	10	10	9	9	9	9	9	9	9	9	9	9	10	10	10	11	11	11	11	11	11	11	11	11	11	11	11	11	11	11	11	11	11	11	11
139
2	4	6	8	10	12	14	16	18	20	22	24	26	28	30	32	34	36	38	40	42	44	46	48	50	52	54	56	58	60	62	64	66	68	70	72	74	76	78	80	82	84	86	88	90	92	94	96	98	100	102	104	106	108	110	112	114	116	118	120	122	124	126	128	130	132	134	136	138	140	142	144	146	148	150	152	154	156	158	160	162	164	166	168	170	172	174	176	178	180	182	184	186	188	190	192	194	196	198	200	202	204	206	208	210	212	214	216	218	220	222	224	226	228	230	232	234	236	238	240	242	244	246	248	250	252	254	256	258	260	262	264	266	268	270	272	274	276	278
0	4	4	5	6	3	5	6	5	4	6	1	1	1	6	3	5	5	6	3	5	5	6	4	5	6	3	5	6	6	5	5	6	3	4	3	5	6	13	13	13	2	2	2	2	5	5	6	6	4	4	3	3	3	5	5	4	4	4	5	5	6	6	6	6	5	6	6	5	5	5	4	5	4	6	6	5	10	10	10	5	9	4	10	10	9	9	10	10	6	10	9	5	4	5	6	6	6	5	5	4	4	10	10	10	10	9	9	9	9	9	9	9	9	9	9	9	9	10	10	10	10	11	11	11	11	11	11	11	11	11	11	11	11	11	11	11	11	11
130
2	4	6	8	10	12	14	16	18	20	22	24	26	28	30	32	34	36	38	40	42	44	46	48	50	52	54	56	58	60	62	64	66	68	70	72	74	76	78	80	82	84	86	88	90	92	94	96	98	100	102	104	106	108	110	112	114	116	118	120	122	124	126	128	130	132	134	136	138	140	142	144	146	148	150	152	154	156	158	160	162	164	166	168	170	172	174	176	178	180	182	184	186	188	190	192	194	196	198	200	202	204	206	208	210	212	214	216	218	220	222	224	226	228	230	232	234	236	238	240	242	244	246	248	250	252	254	256	258	260
0	4	5	5	6	3	4	6	6	1	1	1	5	6	3	3	4	5	6	3	5	6	6	5	4	3	5	6	13	13	2	2	2	2	5	6	6	4	4	3	5	4	4	6	4	4	4	4	6	3	5	5	6	4	6	6	5	5	4	4	10	9	9	10	10	10	4	4	9	9	9	9	9	10	10	10	10	9	10	4	4	10	10	3	10	10	4	9	9	9	4	9	9	3	3	9	10	10	4	10	10	9	9	9	9	9	9	10	10	10	10	10	9	9	11	11	11	11	11	11	11	11	11	11	11	11	11	11	11	11
146
2	4	6	8	10	12	14	16	18	20	22	24	26	28	30	32	34	36	38	40	42	44	46	48	50	52	54	56	58	60	62	64	66	68	70	72	74	76	78	80	82	84	86	88	90	92	94	96	98	100	102	104	106	108	110	112	114	116	118	120	122	124	126	128	130	132	134	136	138	140	142	144	146	148	150	152	154	156	158	160	162	164	166	168	170	172	174	176	178	180	182	184	186	188	190	192	194	196	198	200	202	204	206	208	210	212	214	216	218	220	222	224	226	228	230	232	234	236	238	240	242	244	246	248	250	252	254	256	258	260	262	264	266	268	270	272	274	276	278	280	282	284	286	288	290	292
0	4	5	5	6	1	1	1	3	6	5	5	6	3	4	5	6	3	4	3	6	5	5	6	6	6	5	5	5	6	6	4	5	3	5	6	6	5	4	5	3	13	13	6	2	2	2	2	3	3	4	4	5	5	5	6	6	6	4	4	6	3	3	3	3	5	5	5	6	4	4	4	4	6	6	3	3	5	5	6	6	4	5	5	5	6	6	4	4	4	4	3	3	3	4	10	10	10	9	4	9	9	9	3	4	4	4	4	9	9	3	10	10	9	10	10	10	10	9	9	9	10	10	10	10	10	10	10	10	10	9	9	9	11	11	11	11	11	11	11	11	11	11	11	11	11
114
2	4	6	8	10	12	14	16	18	20	22	24	26	28	30	32	34	36	38	40	42	44	46	48	50	52	54	56	58	60	62	64	66	68	70	72	74	76	78	80	82	84	86	88	90	92	94	96	98	100	102	104	106	108	110	112	114	116	118	120	122	124	126	128	130	132	134	136	138	140	142	144	146	148	150	152	154	156	158	160	162	164	166	168	170	172	174	176	178	180	182	184	186	188	190	192	194	196	198	200	202	204	206	208	210	212	214	216	218	220	222	224	226	228
0	4	5	6	1	1	3	3	5	6	6	4	3	5	6	3	5	4	6	3	4	6	4	5	3	6	13	13	13	2	2	2	2	5	5	6	6	6	4	5	5	4	5	6	4	4	6	5	5	5	6	6	4	6	6	5	5	5	5	5	6	4	4	6	6	5	10	3	4	4	4	3	9	9	9	9	9	10	10	4	3	3	4	10	10	9	11	11	11	11	11	11	11	11	11	11	11	11	11	11	11	11	11	11	11	11	11	11	11	11	11	11	11	11
146
2	4	6	8	10	12	14	16	18	20	22	24	26	28	30	32	34	36	38	40	42	44	46	48	50	52	54	56	58	60	62	64	66	68	70	72	74	76	78	80	82	84	86	88	90	92	94	96	98	100	102	104	106	108	110	112	114	116	118	120	122	124	126	128	130	132	134	136	138	140	142	144	146	148	150	152	154	156	158	160	162	164	166	168	170	172	174	176	178	180	182	184	186	188	190	192	194	196	198	200	202	204	206	208	210	212	214	216	218	220	222	224	226	228	230	232	234	236	238	240	242	244	246	248	250	252	254	256	258	260	262	264	266	268	270	272	274	276	278	280	282	284	286	288	290	292
0	5	5	6	6	4	5	4	1	1	1	1	6	6	3	5	5	5	6	6	3	4	5	5	4	3	6	3	13	13	13	2	2	2	2	2	2	2	2	5	5	6	6	4	4	5	6	6	6	5	4	4	3	5	6	6	6	4	5	5	5	5	6	6	6	3	5	6	4	5	6	6	4	5	5	6	10	10	6	5	9	4	10	10	4	10	10	9	9	9	5	6	4	4	4	10	10	9	4	4	10	10	10	10	4	4	4	10	9	9	9	9	9	10	9	9	9	9	9	9	9	9	9	9	10	10	10	10	10	10	11	11	11	11	11	11	11	11	11	11	11	11	11	11	11	11
154
2	4	6	8	10	12	14	16	18	20	22	24	26	28	30	32	34	36	38	40	42	44	46	48	50	52	54	56	58	60	62	64	66	68	70	72	74	76	78	80	82	84	86	88	90	92	94	96	98	100	102	104	106	108	110	112	114	116	118	120	122	124	126	128	130	132	134	136	138	140	142	144	146	148	150	152	154	156	158	160	162	164	166	168	170	172	174	176	178	180	182	184	186	188	190	192	194	196	198	200	202	204	206	208	210	212	214	216	218	220	222	224	226	228	230	232	234	236	238	240	242	244	246	248	250	252	254	256	258	260	262	264	266	268	270	272	274	276	278	280	282	284	286	288	290	292	294	296	298	300	302	304	306	308
0	4	5	6	1	1	1	1	5	3	6	6	5	5	6	3	4	6	5	3	6	6	5	4	5	6	3	3	5	4	4	6	6	3	5	5	6	6	3	4	4	5	5	13	13	13	6	6	3	2	2	2	2	2	2	2	2	5	5	4	4	4	5	6	6	6	6	5	5	6	6	5	5	4	6	6	5	3	4	9	9	9	10	4	10	10	9	9	10	10	10	9	9	9	4	4	10	10	3	4	4	10	10	9	9	4	9	9	4	10	10	9	9	10	10	10	10	10	10	9	9	9	9	9	9	9	9	10	10	9	9	9	11	11	11	10	11	11	11	11	10	11	11	11	11	11	11	11	11	11	11	11	11	11
164
2	4	6	8	10	12	14	16	18	20	22	24	26	28	30	32	34	36	38	40	42	44	46	48	50	52	54	56	58	60	62	64	66	68	70	72	74	76	78	80	82	84	86	88	90	92	94	96	98	100	102	104	106	108	110	112	114	116	118	120	122	124	126	128	130	132	134	136	138	140	142	144	146	148	150	152	154	156	158	160	162	164	166	168	170	172	174	176	178	180	182	184	186	188	190	192	194	196	198	200	202	204	206	208	210	212	214	216	218	220	222	224	226	228	230	232	234	236	238	240	242	244	246	248	250	252	254	256	258	260	262	264	266	268	270	272	274	276	278	280	282	284	286	288	290	292	294	296	298	300	302	304	306	308	310	312	314	316	318	320	322	324	326	328
0	5	4	1	1	1	1	5	3	6	5	3	4	5	6	3	3	5	5	6	4	4	6	3	5	3	6	6	5	3	4	5	4	5	3	3	6	6	5	4	6	3	13	13	13	2	2	2	2	2	3	3	3	3	5	4	4	4	6	6	3	3	3	4	4	4	4	4	4	5	5	5	5	5	6	6	6	6	6	3	3	3	4	2	5	5	4	4	3	6	6	6	5	5	5	5	6	6	6	4	5	5	5	6	6	6	3	6	4	4	5	4	4	4	3	10	3	4	9	9	9	9	4	4	10	10	10	10	9	9	9	10	10	10	10	10	4	4	9	9	9	9	10	10	9	9	11	11	11	11	11	9	9	11	11	11	11	11	11	11	11	11	11	11
146
2	4	6	8	10	12	14	16	18	20	22	24	26	28	30	32	34	36	38	40	42	44	46	48	50	52	54	56	58	60	62	64	66	68	70	72	74	76	78	80	82	84	86	88	90	92	94	96	98	100	102	104	106	108	110	112	114	116	118	120	122	124	126	128	130	132	134	136	138	140	142	144	146	148	150	152	154	156	158	160	162	164	166	168	170	172	174	176	178	180	182	184	186	188	190	192	194	196	198	200	202	204	206	208	210	212	214	216	218	220	222	224	226	228	230	232	234	236	238	240	242	244	246	248	250	252	254	256	258	260	262	264	266	268	270	272	274	276	278	280	282	284	286	288	290	292
0	4	5	5	6	1	1	1	1	1	1	5	6	3	6	5	6	3	4	6	5	5	6	6	6	3	5	5	6	4	6	3	4	3	5	6	6	13	13	13	2	2	2	2	5	5	6	6	6	2	2	2	2	2	2	2	2	2	5	4	4	5	6	6	4	4	4	5	6	3	5	5	6	6	6	5	5	4	4	4	4	9	10	10	4	4	9	9	10	10	10	10	9	3	10	10	9	9	4	3	9	9	4	9	9	4	10	10	3	10	10	10	4	9	9	10	10	10	9	9	9	10	9	9	9	10	10	11	11	11	11	11	11	11	11	11	11	11	11	11	11	11	11	11	11	11
135
2	4	6	8	10	12	14	16	18	20	22	24	26	28	30	32	34	36	38	40	42	44	46	48	50	52	54	56	58	60	62	64	66	68	70	72	74	76	78	80	82	84	86	88	90	92	94	96	98	100	102	104	106	108	110	112	114	116	118	120	122	124	126	128	130	132	134	136	138	140	142	144	146	148	150	152	154	156	158	160	162	164	166	168	170	172	174	176	178	180	182	184	186	188	190	192	194	196	198	200	202	204	206	208	210	212	214	216	218	220	222	224	226	228	230	232	234	236	238	240	242	244	246	248	250	252	254	256	258	260	262	264	266	268	270
0	4	5	6	3	1	1	1	1	5	4	6	3	3	4	3	5	6	4	3	5	6	5	6	5	3	4	6	6	3	5	5	5	6	4	4	13	13	13	2	2	2	2	3	3	4	2	2	2	2	2	5	4	4	4	6	6	6	5	5	4	4	4	6	3	6	5	4	5	6	4	4	3	9	9	4	10	10	9	9	10	10	4	9	10	10	9	10	4	4	10	10	9	9	9	10	4	4	9	9	10	4	4	4	4	10	10	10	9	9	4	10	9	9	9	11	11	11	11	11	11	9	9	9	10	10	11	11	11	11	11	11	11	11	11
145
2	4	6	8	10	12	14	16	18	20	22	24	26	28	30	32	34	36	38	40	42	44	46	48	50	52	54	56	58	60	62	64	66	68	70	72	74	76	78	80	82	84	86	88	90	92	94	96	98	100	102	104	106	108	110	112	114	116	118	120	122	124	126	128	130	132	134	136	138	140	142	144	146	148	150	152	154	156	158	160	162	164	166	168	170	172	174	176	178	180	182	184	186	188	190	192	194	196	198	200	202	204	206	208	210	212	214	216	218	220	222	224	226	228	230	232	234	236	238	240	242	244	246	248	250	252	254	256	258	260	262	264	266	268	270	272	274	276	278	280	282	284	286	288	290
0	4	5	5	6	6	1	1	1	5	3	6	5	3	4	3	3	5	5	6	6	4	6	3	5	5	6	3	4	4	5	6	6	3	5	5	6	6	4	4	13	13	13	2	2	2	2	2	3	3	4	4	4	4	5	5	4	6	6	3	5	6	6	6	4	4	3	5	5	5	3	6	6	6	5	5	4	5	5	6	6	6	6	6	5	5	4	5	5	5	6	4	6	6	6	5	5	5	6	4	6	6	5	4	9	10	10	9	4	4	3	4	10	10	4	4	10	3	4	9	9	9	9	10	10	11	11	11	11	11	11	11	11	11	11	11	11	11	11	11	11	11	11	11	11
130
2	4	6	8	10	12	14	16	18	20	22	24	26	28	30	32	34	36	38	40	42	44	46	48	50	52	54	56	58	60	62	64	66	68	70	72	74	76	78	80	82	84	86	88	90	92	94	96	98	100	102	104	106	108	110	112	114	116	118	120	122	124	126	128	130	132	134	136	138	140	142	144	146	148	150	152	154	156	158	160	162	164	166	168	170	172	174	176	178	180	182	184	186	188	190	192	194	196	198	200	202	204	206	208	210	212	214	216	218	220	222	224	226	228	230	232	234	236	238	240	242	244	246	248	250	252	254	256	258	260
0	4	5	3	6	1	1	1	4	3	3	5	5	6	4	3	4	3	4	3	4	3	3	5	4	4	6	6	5	5	5	13	13	2	2	2	2	2	6	6	5	5	5	4	4	6	6	4	4	5	6	5	6	6	6	5	5	4	5	6	9	9	10	9	9	4	10	10	10	9	4	4	10	10	9	9	10	9	10	3	4	4	4	3	9	9	9	9	9	4	4	10	9	9	10	10	10	10	4	4	10	10	10	10	9	9	9	9	9	9	9	9	10	10	10	10	10	10	10	10	10	9	11	11	11	11	11	11	11	11
146
2	4	6	8	10	12	14	16	18	20	22	24	26	28	30	32	34	36	38	40	42	44	46	48	50	52	54	56	58	60	62	64	66	68	70	72	74	76	78	80	82	84	86	88	90	92	94	96	98	100	102	104	106	108	110	112	114	116	118	120	122	124	126	128	130	132	134	136	138	140	142	144	146	148	150	152	154	156	158	160	162	164	166	168	170	172	174	176	178	180	182	184	186	188	190	192	194	196	198	200	202	204	206	208	210	212	214	216	218	220	222	224	226	228	230	232	234	236	238	240	242	244	246	248	250	252	254	256	258	260	262	264	266	268	270	272	274	276	278	280	282	284	286	288	290	292
0	5	6	4	5	6	5	1	1	1	1	1	1	1	6	6	5	5	6	3	4	13	13	13	2	2	2	2	2	2	2	2	2	2	2	2	2	2	2	5	5	4	6	4	4	6	6	3	5	5	6	6	6	4	3	5	5	5	5	4	6	6	6	6	5	3	4	5	4	5	6	6	6	5	5	5	5	5	6	6	4	4	5	6	9	9	10	10	10	4	4	9	9	9	9	10	10	10	10	9	9	9	10	10	10	10	6	6	4	4	3	9	9	9	10	10	10	10	9	9	10	9	9	9	9	9	9	10	10	10	10	11	11	11	11	11	11	11	11	11	11	11	11	11	11	11
141
2	4	6	8	10	12	14	16	18	20	22	24	26	28	30	32	34	36	38	40	42	44	46	48	50	52	54	56	58	60	62	64	66	68	70	72	74	76	78	80	82	84	86	88	90	92	94	96	98	100	102	104	106	108	110	112	114	116	118	120	122	124	126	128	130	132	134	136	138	140	142	144	146	148	150	152	154	156	158	160	162	164	166	168	170	172	174	176	178	180	182	184	186	188	190	192	194	196	198	200	202	204	206	208	210	212	214	216	218	220	222	224	226	228	230	232	234	236	238	240	242	244	246	248	250	252	254	256	258	260	262	264	266	268	270	272	274	276	278	280	282
0	5	5	6	4	6	6	5	5	1	1	1	1	1	6	6	3	5	5	4	3	6	6	5	5	6	6	5	5	6	6	6	3	5	5	4	6	3	6	6	13	13	13	2	2	2	2	2	2	2	5	5	2	2	6	6	2	2	2	4	4	4	5	6	5	4	6	4	6	5	5	10	10	10	10	9	9	4	10	4	10	10	10	9	4	4	4	5	6	6	4	4	6	5	4	5	5	5	9	4	9	9	9	10	10	10	10	6	9	9	10	10	9	9	9	9	9	9	10	10	10	11	11	11	11	11	11	10	10	9	9	11	11	11	11	11	11	11	11	11	11
198
2	4	6	8	10	12	14	16	18	20	22	24	26	28	30	32	34	36	38	40	42	44	46	48	50	52	54	56	58	60	62	64	66	68	70	72	74	76	78	80	82	84	86	88	90	92	94	96	98	100	102	104	106	108	110	112	114	116	118	120	122	124	126	128	130	132	134	136	138	140	142	144	146	148	150	152	154	156	158	160	162	164	166	168	170	172	174	176	178	180	182	184	186	188	190	192	194	196	198	200	202	204	206	208	210	212	214	216	218	220	222	224	226	228	230	232	234	236	238	240	242	244	246	248	250	252	254	256	258	260	262	264	266	268	270	272	274	276	278	280	282	284	286	288	290	292	294	296	298	300	302	304	306	308	310	312	314	316	318	320	322	324	326	328	330	332	334	336	338	340	342	344	346	348	350	352	354	356	358	360	362	364	366	368	370	372	374	376	378	380	382	384	386	388	390	392	394	396
0	5	5	4	6	6	5	1	1	1	1	1	5	6	3	3	4	5	6	6	5	5	6	6	3	5	5	4	6	2	2	2	2	2	2	2	2	2	2	13	13	13	5	5	4	6	6	5	5	4	5	4	6	4	4	9	4	4	4	3	3	6	6	5	5	4	4	5	5	5	5	6	6	6	6	3	5	5	5	4	4	4	4	3	3	3	6	6	6	10	10	4	4	4	5	5	5	3	3	3	3	5	5	4	4	6	6	6	6	6	6	6	3	5	5	5	5	2	6	6	2	2	6	5	5	3	3	3	4	9	9	4	4	9	10	10	3	3	3	3	4	4	4	4	3	3	3	4	4	4	4	4	4	4	10	10	10	10	10	10	10	10	9	9	9	9	9	9	9	10	10	10	10	10	9	9	10	11	11	11	11	11	11	11	10	10	10	9	9	9	9	11	11	11	11	11	11	11
160
2	4	6	8	10	12	14	16	18	20	22	24	26	28	30	32	34	36	38	40	42	44	46	48	50	52	54	56	58	60	62	64	66	68	70	72	74	76	78	80	82	84	86	88	90	92	94	96	98	100	102	104	106	108	110	112	114	116	118	120	122	124	126	128	130	132	134	136	138	140	142	144	146	148	150	152	154	156	158	160	162	164	166	168	170	172	174	176	178	180	182	184	186	188	190	192	194	196	198	200	202	204	206	208	210	212	214	216	218	220	222	224	226	228	230	232	234	236	238	240	242	244	246	248	250	252	254	256	258	260	262	264	266	268	270	272	274	276	278	280	282	284	286	288	290	292	294	296	298	300	302	304	306	308	310	312	314	316	318	320
0	4	5	5	6	6	5	6	1	1	1	1	6	5	3	3	4	5	6	3	5	6	4	3	5	3	2	2	2	2	2	2	2	13	13	4	4	4	5	5	6	6	3	5	5	4	4	6	6	6	6	4	4	5	5	5	5	3	6	6	4	10	9	9	5	5	9	4	4	10	10	10	9	10	10	9	4	10	10	9	5	10	10	10	10	9	10	10	9	5	4	5	10	10	10	10	10	10	10	9	10	9	9	9	9	9	9	9	9	9	9	9	9	9	9	9	9	10	10	10	10	10	10	10	9	9	9	9	9	9	10	10	10	10	9	9	9	9	11	11	10	10	10	11	11	11	11	11	11	11	11	11	11	11	11	11	11	11	11	11
164
2	4	6	8	10	12	14	16	18	20	22	24	26	28	30	32	34	36	38	40	42	44	46	48	50	52	54	56	58	60	62	64	66	68	70	72	74	76	78	80	82	84	86	88	90	92	94	96	98	100	102	104	106	108	110	112	114	116	118	120	122	124	126	128	130	132	134	136	138	140	142	144	146	148	150	152	154	156	158	160	162	164	166	168	170	172	174	176	178	180	182	184	186	188	190	192	194	196	198	200	202	204	206	208	210	212	214	216	218	220	222	224	226	228	230	232	234	236	238	240	242	244	246	248	250	252	254	256	258	260	262	264	266	268	270	272	274	276	278	280	282	284	286	288	290	292	294	296	298	300	302	304	306	308	310	312	314	316	318	320	322	324	326	328
0	4	5	3	6	4	1	1	1	5	5	6	6	3	5	5	6	4	5	6	5	3	5	5	4	6	6	6	3	3	5	5	5	4	6	6	4	5	2	2	2	2	2	2	2	13	13	5	4	4	5	3	6	3	6	4	5	4	4	4	4	5	3	3	6	6	4	5	5	4	6	6	6	5	3	3	5	5	6	6	9	9	9	10	9	3	9	10	10	4	3	10	9	9	4	4	4	4	3	3	3	3	10	10	10	9	4	4	4	4	10	10	3	3	3	10	10	10	10	9	9	4	9	9	9	10	10	9	9	9	9	9	10	10	10	10	10	9	9	9	9	9	10	11	11	11	11	11	11	11	11	10	10	11	11	11	11	11	11	11	11	11	11	11
133
2	4	6	8	10	12	14	16	18	20	22	24	26	28	30	32	34	36	38	40	42	44	46	48	50	52	54	56	58	60	62	64	66	68	70	72	74	76	78	80	82	84	86	88	90	92	94	96	98	100	102	104	106	108	110	112	114	116	118	120	122	124	126	128	130	132	134	136	138	140	142	144	146	148	150	152	154	156	158	160	162	164	166	168	170	172	174	176	178	180	182	184	186	188	190	192	194	196	198	200	202	204	206	208	210	212	214	216	218	220	222	224	226	228	230	232	234	236	238	240	242	244	246	248	250	252	254	256	258	260	262	264	266
0	5	5	6	6	6	4	3	5	5	1	1	1	6	6	5	3	5	4	3	3	4	3	5	6	6	4	5	2	2	2	2	2	2	5	5	6	5	13	13	13	13	4	4	6	6	5	5	6	4	4	9	9	6	9	5	4	6	5	5	5	6	6	4	3	9	9	4	10	10	4	3	9	4	4	10	3	4	4	4	3	3	10	10	10	10	9	4	10	10	10	10	9	9	9	9	9	9	9	9	9	10	10	10	9	9	9	10	11	11	11	11	11	11	10	10	9	9	9	10	11	11	11	11	11	10	11	11	11	11	11	11	11
141
2	4	6	8	10	12	14	16	18	20	22	24	26	28	30	32	34	36	38	40	42	44	46	48	50	52	54	56	58	60	62	64	66	68	70	72	74	76	78	80	82	84	86	88	90	92	94	96	98	100	102	104	106	108	110	112	114	116	118	120	122	124	126	128	130	132	134	136	138	140	142	144	146	148	150	152	154	156	158	160	162	164	166	168	170	172	174	176	178	180	182	184	186	188	190	192	194	196	198	200	202	204	206	208	210	212	214	216	218	220	222	224	226	228	230	232	234	236	238	240	242	244	246	248	250	252	254	256	258	260	262	264	266	268	270	272	274	276	278	280	282
0	5	5	4	6	1	1	1	1	5	6	3	5	5	6	3	4	5	3	6	6	5	4	3	3	4	4	2	2	2	2	2	2	2	13	13	13	5	3	5	4	6	6	6	4	4	5	5	3	5	5	6	6	5	4	4	9	10	10	6	5	10	10	5	5	6	6	5	5	4	4	10	9	6	6	5	6	1	4	5	5	6	6	5	3	4	4	9	9	10	9	9	9	9	9	10	10	10	10	9	9	9	9	10	10	10	11	11	11	11	11	11	11	11	10	9	9	9	11	11	11	11	11	11	11	11	11	11	11	11	10	10	9	9	11	11	11	11	11	11	11
149
2	4	6	8	10	12	14	16	18	20	22	24	26	28	30	32	34	36	38	40	42	44	46	48	50	52	54	56	58	60	62	64	66	68	70	72	74	76	78	80	82	84	86	88	90	92	94	96	98	100	102	104	106	108	110	112	114	116	118	120	122	124	126	128	130	132	134	136	138	140	142	144	146	148	150	152	154	156	158	160	162	164	166	168	170	172	174	176	178	180	182	184	186	188	190	192	194	196	198	200	202	204	206	208	210	212	214	216	218	220	222	224	226	228	230	232	234	236	238	240	242	244	246	248	250	252	254	256	258	260	262	264	266	268	270	272	274	276	278	280	282	284	286	288	290	292	294	296	298
0	5	5	6	1	1	1	1	6	3	5	3	4	3	5	6	6	3	5	5	6	4	6	6	5	5	6	6	3	2	2	2	2	2	2	4	4	4	3	13	13	13	13	2	2	3	5	5	4	5	4	4	4	6	6	3	3	3	3	3	4	6	4	5	4	6	3	4	5	6	5	5	6	6	6	3	4	5	5	4	10	4	3	10	10	9	4	10	10	9	4	10	10	9	10	4	9	9	9	10	10	10	10	9	9	9	9	9	9	9	9	9	9	10	10	10	10	10	9	9	9	10	10	9	9	11	11	11	11	10	10	9	9	11	11	11	11	11	11	11	11	11	11	11	11	11	11	11	11
144
2	4	6	8	10	12	14	16	18	20	22	24	26	28	30	32	34	36	38	40	42	44	46	48	50	52	54	56	58	60	62	64	66	68	70	72	74	76	78	80	82	84	86	88	90	92	94	96	98	100	102	104	106	108	110	112	114	116	118	120	122	124	126	128	130	132	134	136	138	140	142	144	146	148	150	152	154	156	158	160	162	164	166	168	170	172	174	176	178	180	182	184	186	188	190	192	194	196	198	200	202	204	206	208	210	212	214	216	218	220	222	224	226	228	230	232	234	236	238	240	242	244	246	248	250	252	254	256	258	260	262	264	266	268	270	272	274	276	278	280	282	284	286	288
0	4	3	5	6	5	4	4	3	6	1	1	1	5	6	3	6	5	5	6	3	4	6	5	5	6	3	4	4	2	2	2	2	2	2	2	2	2	13	13	13	5	5	6	4	6	6	5	5	4	5	5	6	6	6	5	3	5	4	6	5	6	4	3	9	9	9	4	4	10	10	10	3	9	4	4	4	4	4	3	3	6	6	5	5	4	10	10	9	4	3	5	5	6	9	9	4	4	3	3	10	10	10	9	9	9	10	10	9	9	10	10	10	9	9	9	9	11	11	10	11	11	11	9	9	9	9	9	11	11	11	11	11	11	11	10	10	11	11	11	11	11	11	11
150
2	4	6	8	10	12	14	16	18	20	22	24	26	28	30	32	34	36	38	40	42	44	46	48	50	52	54	56	58	60	62	64	66	68	70	72	74	76	78	80	82	84	86	88	90	92	94	96	98	100	102	104	106	108	110	112	114	116	118	120	122	124	126	128	130	132	134	136	138	140	142	144	146	148	150	152	154	156	158	160	162	164	166	168	170	172	174	176	178	180	182	184	186	188	190	192	194	196	198	200	202	204	206	208	210	212	214	216	218	220	222	224	226	228	230	232	234	236	238	240	242	244	246	248	250	252	254	256	258	260	262	264	266	268	270	272	274	276	278	280	282	284	286	288	290	292	294	296	298	300
0	4	5	5	6	3	1	1	1	6	4	3	5	3	4	3	5	6	6	5	4	6	3	5	4	5	3	6	6	5	3	4	4	2	2	2	2	2	2	13	13	13	5	6	4	4	6	6	5	5	6	6	4	4	3	6	5	4	3	6	6	5	5	4	4	6	3	5	5	6	6	5	4	10	10	10	9	9	3	10	10	9	9	4	10	4	9	9	9	6	10	10	9	9	9	4	4	9	9	9	10	10	10	10	4	9	3	3	9	4	10	9	9	10	10	10	9	9	10	10	10	9	9	10	10	10	11	11	11	11	11	11	11	10	9	9	11	11	11	11	11	11	11	11	11	11	11	11	11	11
163
2	4	6	8	10	12	14	16	18	20	22	24	26	28	30	32	34	36	38	40	42	44	46	48	50	52	54	56	58	60	62	64	66	68	70	72	74	76	78	80	82	84	86	88	90	92	94	96	98	100	102	104	106	108	110	112	114	116	118	120	122	124	126	128	130	132	134	136	138	140	142	144	146	148	150	152	154	156	158	160	162	164	166	168	170	172	174	176	178	180	182	184	186	188	190	192	194	196	198	200	202	204	206	208	210	212	214	216	218	220	222	224	226	228	230	232	234	236	238	240	242	244	246	248	250	252	254	256	258	260	262	264	266	268	270	272	274	276	278	280	282	284	286	288	290	292	294	296	298	300	302	304	306	308	310	312	314	316	318	320	322	324	326
0	4	4	5	5	6	6	6	3	5	1	1	1	1	1	1	1	1	1	5	4	6	3	3	6	5	4	3	3	6	4	2	2	2	2	2	2	2	2	2	2	2	2	2	2	2	2	2	2	2	2	5	5	6	13	13	13	4	4	6	6	6	3	4	5	5	4	4	3	3	6	6	5	5	6	6	6	5	5	5	4	10	3	4	10	10	6	5	4	4	9	9	9	10	3	10	3	5	5	10	6	6	4	4	4	4	3	3	3	9	10	9	9	9	10	9	9	9	9	9	10	10	10	10	10	10	9	9	9	9	9	9	9	10	10	10	10	10	10	9	9	9	11	11	11	11	11	11	11	11	11	11	11	11	11	11	11	11	11	11	11	11	11
136
2	4	6	8	10	12	14	16	18	20	22	24	26	28	30	32	34	36	38	40	42	44	46	48	50	52	54	56	58	60	62	64	66	68	70	72	74	76	78	80	82	84	86	88	90	92	94	96	98	100	102	104	106	108	110	112	114	116	118	120	122	124	126	128	130	132	134	136	138	140	142	144	146	148	150	152	154	156	158	160	162	164	166	168	170	172	174	176	178	180	182	184	186	188	190	192	194	196	198	200	202	204	206	208	210	212	214	216	218	220	222	224	226	228	230	232	234	236	238	240	242	244	246	248	250	252	254	256	258	260	262	264	266	268	270	272
0	4	5	3	6	5	4	1	1	1	1	1	6	6	5	3	3	6	5	4	3	5	4	6	3	13	13	13	2	2	2	2	2	2	2	2	2	2	2	2	2	5	5	6	4	4	5	5	6	6	4	4	4	3	3	3	5	4	4	4	6	6	3	5	9	3	4	4	4	9	9	10	3	3	10	10	4	4	4	3	3	9	9	5	4	4	4	4	6	6	6	10	10	3	4	9	9	9	10	10	10	10	10	10	9	9	9	9	9	9	11	11	11	11	11	11	11	11	10	10	10	9	9	11	11	11	11	11	11	11	11	11	11	11	11	11
148
2	4	6	8	10	12	14	16	18	20	22	24	26	28	30	32	34	36	38	40	42	44	46	48	50	52	54	56	58	60	62	64	66	68	70	72	74	76	78	80	82	84	86	88	90	92	94	96	98	100	102	104	106	108	110	112	114	116	118	120	122	124	126	128	130	132	134	136	138	140	142	144	146	148	150	152	154	156	158	160	162	164	166	168	170	172	174	176	178	180	182	184	186	188	190	192	194	196	198	200	202	204	206	208	210	212	214	216	218	220	222	224	226	228	230	232	234	236	238	240	242	244	246	248	250	252	254	256	258	260	262	264	266	268	270	272	274	276	278	280	282	284	286	288	290	292	294	296
0	4	5	3	6	4	1	1	1	1	1	4	3	3	3	4	6	5	3	5	4	6	3	5	6	4	3	13	13	13	2	2	2	2	2	2	2	2	2	2	2	2	5	5	5	6	6	4	4	4	4	4	6	3	3	5	5	4	6	4	5	6	6	5	4	5	3	5	6	6	6	4	5	5	5	3	6	6	6	10	4	9	9	9	5	5	4	4	9	9	10	10	10	9	9	10	10	10	6	4	4	10	10	10	4	9	9	9	10	10	10	10	10	9	9	9	10	10	9	9	9	9	9	9	10	10	10	9	11	11	11	11	11	11	11	10	11	11	11	11	11	11	11	11	11	11	11	11
143
2	4	6	8	10	12	14	16	18	20	22	24	26	28	30	32	34	36	38	40	42	44	46	48	50	52	54	56	58	60	62	64	66	68	70	72	74	76	78	80	82	84	86	88	90	92	94	96	98	100	102	104	106	108	110	112	114	116	118	120	122	124	126	128	130	132	134	136	138	140	142	144	146	148	150	152	154	156	158	160	162	164	166	168	170	172	174	176	178	180	182	184	186	188	190	192	194	196	198	200	202	204	206	208	210	212	214	216	218	220	222	224	226	228	230	232	234	236	238	240	242	244	246	248	250	252	254	256	258	260	262	264	266	268	270	272	274	276	278	280	282	284	286
0	4	3	5	6	6	5	4	4	5	1	1	1	1	2	6	3	3	5	4	5	4	3	3	5	4	6	6	5	5	3	6	6	5	6	13	13	13	2	2	2	2	2	2	2	2	3	5	5	6	4	4	4	4	6	3	3	5	3	6	6	6	5	5	4	4	5	6	6	3	4	9	9	9	5	5	4	4	3	6	6	10	10	10	9	9	5	5	4	4	10	10	10	10	10	10	10	9	9	9	10	9	9	9	9	9	9	10	10	10	10	10	10	9	9	9	9	9	9	9	9	11	11	11	11	10	10	11	11	11	11	11	11	10	9	9	11	11	11	11	11	11	11
145
2	4	6	8	10	12	14	16	18	20	22	24	26	28	30	32	34	36	38	40	42	44	46	48	50	52	54	56	58	60	62	64	66	68	70	72	74	76	78	80	82	84	86	88	90	92	94	96	98	100	102	104	106	108	110	112	114	116	118	120	122	124	126	128	130	132	134	136	138	140	142	144	146	148	150	152	154	156	158	160	162	164	166	168	170	172	174	176	178	180	182	184	186	188	190	192	194	196	198	200	202	204	206	208	210	212	214	216	218	220	222	224	226	228	230	232	234	236	238	240	242	244	246	248	250	252	254	256	258	260	262	264	266	268	270	272	274	276	278	280	282	284	286	288	290
0	5	5	6	4	1	1	1	1	1	1	1	1	3	4	6	3	6	5	3	5	4	6	3	5	6	4	3	3	13	13	13	4	2	2	2	2	2	2	2	2	2	2	2	2	2	2	2	2	2	2	2	5	5	4	6	6	4	4	4	3	6	3	3	3	4	4	5	5	5	6	6	4	4	4	3	10	10	4	9	9	3	10	10	9	4	3	6	10	10	9	9	10	5	4	9	9	9	9	10	10	10	10	9	9	4	4	10	10	9	9	9	9	10	10	9	9	9	11	11	11	11	10	10	11	11	11	11	11	11	11	11	11	11	11	11	11	9	9	11	11	11	11	11	11
134
2	4	6	8	10	12	14	16	18	20	22	24	26	28	30	32	34	36	38	40	42	44	46	48	50	52	54	56	58	60	62	64	66	68	70	72	74	76	78	80	82	84	86	88	90	92	94	96	98	100	102	104	106	108	110	112	114	116	118	120	122	124	126	128	130	132	134	136	138	140	142	144	146	148	150	152	154	156	158	160	162	164	166	168	170	172	174	176	178	180	182	184	186	188	190	192	194	196	198	200	202	204	206	208	210	212	214	216	218	220	222	224	226	228	230	232	234	236	238	240	242	244	246	248	250	252	254	256	258	260	262	264	266	268
0	4	5	3	4	6	1	1	1	1	1	3	5	6	5	5	6	3	4	6	3	4	5	3	3	13	13	13	4	4	2	2	2	3	2	5	5	2	2	2	2	2	6	6	4	4	5	5	4	6	4	3	3	4	5	6	4	4	3	5	6	6	3	4	5	5	5	4	4	9	10	10	6	9	9	9	10	10	9	4	4	4	10	10	3	4	10	9	9	9	9	4	4	9	10	10	9	9	10	9	10	11	11	11	11	11	11	11	11	11	11	11	9	9	9	10	10	10	9	9	11	11	11	11	11	11	11	11	11	11	11	11	11	11
130
2	4	6	8	10	12	14	16	18	20	22	24	26	28	30	32	34	36	38	40	42	44	46	48	50	52	54	56	58	60	62	64	66	68	70	72	74	76	78	80	82	84	86	88	90	92	94	96	98	100	102	104	106	108	110	112	114	116	118	120	122	124	126	128	130	132	134	136	138	140	142	144	146	148	150	152	154	156	158	160	162	164	166	168	170	172	174	176	178	180	182	184	186	188	190	192	194	196	198	200	202	204	206	208	210	212	214	216	218	220	222	224	226	228	230	232	234	236	238	240	242	244	246	248	250	252	254	256	258	260
0	5	6	5	4	6	6	6	1	1	1	3	5	5	3	3	4	6	5	4	3	5	6	6	6	4	3	5	5	5	6	3	6	6	13	13	13	2	2	2	2	2	2	2	5	5	4	4	6	4	5	4	6	6	3	5	5	4	4	6	4	9	9	9	4	10	10	10	4	3	4	10	10	10	10	10	10	9	9	9	9	4	4	3	3	5	9	9	4	10	3	10	4	10	10	10	9	9	9	9	10	10	11	11	11	11	11	11	10	10	11	11	11	11	11	11	11	11	11	11	11	11	11	11	11	11	11	11	11	11
132
2	4	6	8	10	12	14	16	18	20	22	24	26	28	30	32	34	36	38	40	42	44	46	48	50	52	54	56	58	60	62	64	66	68	70	72	74	76	78	80	82	84	86	88	90	92	94	96	98	100	102	104	106	108	110	112	114	116	118	120	122	124	126	128	130	132	134	136	138	140	142	144	146	148	150	152	154	156	158	160	162	164	166	168	170	172	174	176	178	180	182	184	186	188	190	192	194	196	198	200	202	204	206	208	210	212	214	216	218	220	222	224	226	228	230	232	234	236	238	240	242	244	246	248	250	252	254	256	258	260	262	264
0	5	4	3	1	1	1	1	6	4	3	5	5	3	6	6	4	3	3	4	5	3	6	13	13	13	2	2	2	2	2	2	2	2	4	3	4	4	6	6	5	5	4	6	6	5	4	5	6	6	4	6	6	5	5	5	9	9	10	4	4	3	4	10	9	4	4	10	10	10	10	9	4	4	4	3	3	4	9	4	4	9	9	9	10	10	10	10	10	10	9	9	9	9	10	10	10	10	10	10	10	10	10	10	10	10	10	10	9	9	9	9	9	9	9	11	11	11	11	11	11	9	9	9	10	10	10	11	11	11	11	11
127
2	4	6	8	10	12	14	16	18	20	22	24	26	28	30	32	34	36	38	40	42	44	46	48	50	52	54	56	58	60	62	64	66	68	70	72	74	76	78	80	82	84	86	88	90	92	94	96	98	100	102	104	106	108	110	112	114	116	118	120	122	124	126	128	130	132	134	136	138	140	142	144	146	148	150	152	154	156	158	160	162	164	166	168	170	172	174	176	178	180	182	184	186	188	190	192	194	196	198	200	202	204	206	208	210	212	214	216	218	220	222	224	226	228	230	232	234	236	238	240	242	244	246	248	250	252	254
0	4	5	6	1	1	1	3	3	4	5	3	6	6	5	13	13	13	2	2	2	2	2	2	5	5	6	6	4	4	5	4	6	3	3	3	5	5	5	6	4	6	4	3	4	5	6	4	9	10	10	4	9	9	9	9	10	10	10	9	9	9	10	4	9	9	9	10	4	10	6	6	9	9	9	9	9	9	9	9	4	4	4	10	10	10	10	10	10	9	9	10	10	10	10	10	10	9	9	9	9	11	11	11	11	11	10	10	11	11	11	11	11	11	9	9	9	10	10	11	11	11	11	11	11	11	11
157
2	4	6	8	10	12	14	16	18	20	22	24	26	28	30	32	34	36	38	40	42	44	46	48	50	52	54	56	58	60	62	64	66	68	70	72	74	76	78	80	82	84	86	88	90	92	94	96	98	100	102	104	106	108	110	112	114	116	118	120	122	124	126	128	130	132	134	136	138	140	142	144	146	148	150	152	154	156	158	160	162	164	166	168	170	172	174	176	178	180	182	184	186	188	190	192	194	196	198	200	202	204	206	208	210	212	214	216	218	220	222	224	226	228	230	232	234	236	238	240	242	244	246	248	250	252	254	256	258	260	262	264	266	268	270	272	274	276	278	280	282	284	286	288	290	292	294	296	298	300	302	304	306	308	310	312	314
0	5	4	3	5	4	6	1	1	1	5	3	4	6	6	5	5	3	3	3	4	5	4	6	3	6	5	5	6	4	3	3	6	6	4	4	5	3	13	13	3	2	2	2	2	2	5	5	6	6	4	4	6	6	5	4	6	3	4	5	4	6	6	5	5	4	3	6	6	6	9	5	10	4	9	3	9	9	10	4	10	4	3	10	10	9	9	9	10	10	9	9	9	5	4	4	10	10	10	10	10	10	9	9	4	4	4	9	9	9	9	9	10	10	10	10	9	9	9	9	9	9	9	9	9	9	9	9	9	10	10	10	10	10	9	9	9	9	9	11	11	11	11	11	11	11	10	11	11	11	11	11	11	11	11	11	11
134
2	4	6	8	10	12	14	16	18	20	22	24	26	28	30	32	34	36	38	40	42	44	46	48	50	52	54	56	58	60	62	64	66	68	70	72	74	76	78	80	82	84	86	88	90	92	94	96	98	100	102	104	106	108	110	112	114	116	118	120	122	124	126	128	130	132	134	136	138	140	142	144	146	148	150	152	154	156	158	160	162	164	166	168	170	172	174	176	178	180	182	184	186	188	190	192	194	196	198	200	202	204	206	208	210	212	214	216	218	220	222	224	226	228	230	232	234	236	238	240	242	244	246	248	250	252	254	256	258	260	262	264	266	268
0	5	5	6	3	4	4	6	6	5	1	1	1	1	1	3	3	5	6	6	5	4	4	3	3	3	5	5	6	6	6	5	5	6	4	4	3	5	13	13	13	2	2	2	2	2	2	2	2	2	2	2	2	2	6	6	4	5	5	4	4	6	3	5	9	9	10	10	6	4	4	4	9	9	10	10	9	9	10	10	4	4	4	10	10	10	4	9	9	4	10	10	9	4	9	10	10	9	10	10	9	9	9	9	9	10	10	11	11	11	11	11	11	11	11	11	11	10	9	9	11	11	11	11	11	11	11	11	11	11	11	11	11	11
128
2	4	6	8	10	12	14	16	18	20	22	24	26	28	30	32	34	36	38	40	42	44	46	48	50	52	54	56	58	60	62	64	66	68	70	72	74	76	78	80	82	84	86	88	90	92	94	96	98	100	102	104	106	108	110	112	114	116	118	120	122	124	126	128	130	132	134	136	138	140	142	144	146	148	150	152	154	156	158	160	162	164	166	168	170	172	174	176	178	180	182	184	186	188	190	192	194	196	198	200	202	204	206	208	210	212	214	216	218	220	222	224	226	228	230	232	234	236	238	240	242	244	246	248	250	252	254	256
0	5	6	4	5	5	6	6	5	3	4	1	1	1	1	5	6	3	5	5	6	3	4	13	13	13	3	2	2	2	2	2	2	2	2	2	2	2	3	4	5	4	6	4	6	3	3	5	6	4	5	4	6	3	6	3	5	4	4	5	6	3	5	5	6	6	4	4	4	3	9	9	10	10	4	4	4	10	10	10	10	10	9	9	10	10	9	9	9	9	9	9	10	10	10	10	10	9	9	9	9	9	11	11	11	11	11	10	10	10	10	9	9	11	11	11	11	11	11	11	11	11	11	11	11	11	11	11
115
2	4	6	8	10	12	14	16	18	20	22	24	26	28	30	32	34	36	38	40	42	44	46	48	50	52	54	56	58	60	62	64	66	68	70	72	74	76	78	80	82	84	86	88	90	92	94	96	98	100	102	104	106	108	110	112	114	116	118	120	122	124	126	128	130	132	134	136	138	140	142	144	146	148	150	152	154	156	158	160	162	164	166	168	170	172	174	176	178	180	182	184	186	188	190	192	194	196	198	200	202	204	206	208	210	212	214	216	218	220	222	224	226	228	230
0	5	6	4	6	1	1	1	1	3	3	6	5	5	4	3	6	6	5	5	6	4	3	3	13	13	13	2	2	2	2	2	2	2	2	5	5	6	6	4	4	4	6	6	3	5	4	3	5	4	4	6	6	5	4	6	10	10	5	4	9	4	10	10	10	10	10	4	6	5	4	9	9	9	4	10	10	10	10	9	9	9	9	9	9	9	10	10	9	9	10	11	11	11	11	11	11	11	10	10	11	11	11	11	11	11	11	11	11	11	11	11	11	11	11
112
2	4	6	8	10	12	14	16	18	20	22	24	26	28	30	32	34	36	38	40	42	44	46	48	50	52	54	56	58	60	62	64	66	68	70	72	74	76	78	80	82	84	86	88	90	92	94	96	98	100	102	104	106	108	110	112	114	116	118	120	122	124	126	128	130	132	134	136	138	140	142	144	146	148	150	152	154	156	158	160	162	164	166	168	170	172	174	176	178	180	182	184	186	188	190	192	194	196	198	200	202	204	206	208	210	212	214	216	218	220	222	224
0	5	5	6	6	4	3	6	6	4	5	1	1	1	5	5	3	6	6	5	3	5	5	6	6	6	6	5	5	4	5	6	3	13	13	13	2	2	2	2	2	6	6	5	5	4	4	5	5	6	6	6	6	4	5	10	10	10	9	10	4	10	9	4	9	10	4	4	9	4	9	9	10	10	9	9	9	10	9	10	10	9	9	9	10	10	10	10	11	11	11	9	11	11	11	11	11	11	11	11	11	11	11	11	11	11	11	11	11	11	11	11
114
2	4	6	8	10	12	14	16	18	20	22	24	26	28	30	32	34	36	38	40	42	44	46	48	50	52	54	56	58	60	62	64	66	68	70	72	74	76	78	80	82	84	86	88	90	92	94	96	98	100	102	104	106	108	110	112	114	116	118	120	122	124	126	128	130	132	134	136	138	140	142	144	146	148	150	152	154	156	158	160	162	164	166	168	170	172	174	176	178	180	182	184	186	188	190	192	194	196	198	200	202	204	206	208	210	212	214	216	218	220	222	224	226	228
0	5	5	4	6	6	3	1	1	1	4	6	3	5	5	3	6	4	6	5	3	6	6	5	13	13	13	2	2	2	2	2	2	2	5	6	3	4	6	6	5	5	4	4	3	3	6	6	3	5	4	4	4	5	5	6	6	6	5	5	6	4	4	4	4	9	4	4	10	10	4	4	9	9	10	4	10	10	4	4	10	10	10	9	9	9	4	9	9	10	10	11	11	11	11	11	9	9	11	11	11	11	11	11	10	10	11	11	11	11	11	11	11	11
124
2	4	6	8	10	12	14	16	18	20	22	24	26	28	30	32	34	36	38	40	42	44	46	48	50	52	54	56	58	60	62	64	66	68	70	72	74	76	78	80	82	84	86	88	90	92	94	96	98	100	102	104	106	108	110	112	114	116	118	120	122	124	126	128	130	132	134	136	138	140	142	144	146	148	150	152	154	156	158	160	162	164	166	168	170	172	174	176	178	180	182	184	186	188	190	192	194	196	198	200	202	204	206	208	210	212	214	216	218	220	222	224	226	228	230	232	234	236	238	240	242	244	246	248
0	4	5	6	6	6	5	1	1	1	3	3	4	5	6	3	3	4	4	3	5	6	3	4	13	13	13	2	2	2	2	2	2	5	5	3	6	6	6	5	5	4	4	4	4	5	5	6	6	5	4	10	10	10	3	10	10	10	9	9	9	9	4	4	3	3	10	3	3	10	10	9	4	4	4	10	10	9	9	9	9	4	9	9	9	10	10	9	9	9	11	11	11	11	10	10	11	11	11	11	11	11	11	10	11	11	11	11	11	11	11	9	9	11	11	11	11	11	11	11	11	11	11	11
118
2	4	6	8	10	12	14	16	18	20	22	24	26	28	30	32	34	36	38	40	42	44	46	48	50	52	54	56	58	60	62	64	66	68	70	72	74	76	78	80	82	84	86	88	90	92	94	96	98	100	102	104	106	108	110	112	114	116	118	120	122	124	126	128	130	132	134	136	138	140	142	144	146	148	150	152	154	156	158	160	162	164	166	168	170	172	174	176	178	180	182	184	186	188	190	192	194	196	198	200	202	204	206	208	210	212	214	216	218	220	222	224	226	228	230	232	234	236
0	5	5	6	4	6	1	1	1	1	3	6	5	5	3	6	3	4	4	3	5	13	13	13	6	3	2	2	2	2	2	2	5	5	3	6	4	6	4	4	4	5	6	6	5	9	4	9	10	10	10	4	9	9	9	10	10	4	9	10	10	4	4	9	9	9	9	9	9	9	4	10	10	10	4	10	10	10	10	10	6	2	4	4	5	9	9	9	10	9	9	9	9	9	9	10	10	10	10	10	9	9	11	11	11	11	11	11	11	11	11	11	11	11	11	11	11	11
130
2	4	6	8	10	12	14	16	18	20	22	24	26	28	30	32	34	36	38	40	42	44	46	48	50	52	54	56	58	60	62	64	66	68	70	72	74	76	78	80	82	84	86	88	90	92	94	96	98	100	102	104	106	108	110	112	114	116	118	120	122	124	126	128	130	132	134	136	138	140	142	144	146	148	150	152	154	156	158	160	162	164	166	168	170	172	174	176	178	180	182	184	186	188	190	192	194	196	198	200	202	204	206	208	210	212	214	216	218	220	222	224	226	228	230	232	234	236	238	240	242	244	246	248	250	252	254	256	258	260
0	5	6	4	1	1	1	5	6	6	3	5	4	3	5	6	3	5	5	6	6	4	4	6	6	3	5	13	13	13	5	2	2	2	2	2	6	6	5	3	3	4	4	4	4	4	4	6	6	5	5	3	3	3	6	3	4	4	4	5	6	3	3	6	5	4	4	6	3	4	9	9	9	5	10	10	10	4	9	9	9	6	9	5	9	9	4	10	10	10	10	10	10	9	9	4	9	10	9	9	9	10	10	11	11	11	11	11	11	11	11	11	11	11	11	11	9	9	11	11	11	11	11	11	11	11	11	11	11	11
138
2	4	6	8	10	12	14	16	18	20	22	24	26	28	30	32	34	36	38	40	42	44	46	48	50	52	54	56	58	60	62	64	66	68	70	72	74	76	78	80	82	84	86	88	90	92	94	96	98	100	102	104	106	108	110	112	114	116	118	120	122	124	126	128	130	132	134	136	138	140	142	144	146	148	150	152	154	156	158	160	162	164	166	168	170	172	174	176	178	180	182	184	186	188	190	192	194	196	198	200	202	204	206	208	210	212	214	216	218	220	222	224	226	228	230	232	234	236	238	240	242	244	246	248	250	252	254	256	258	260	262	264	266	268	270	272	274	276
0	5	5	6	4	1	1	1	1	1	1	1	1	1	1	6	6	6	5	5	5	3	5	3	6	6	4	5	6	5	3	5	6	6	13	13	13	2	2	2	2	2	2	2	2	2	2	2	2	2	2	2	2	2	2	5	4	6	6	4	5	4	5	6	3	5	5	4	6	4	4	6	3	3	3	4	4	4	3	4	9	9	10	10	5	6	4	4	9	9	10	10	10	9	9	4	4	4	10	10	10	9	9	9	4	4	9	9	10	9	9	10	10	4	10	9	9	10	11	11	11	11	11	11	11	11	11	11	11	11	11	11	11	11	11	11	11	11
140
2	4	6	8	10	12	14	16	18	20	22	24	26	28	30	32	34	36	38	40	42	44	46	48	50	52	54	56	58	60	62	64	66	68	70	72	74	76	78	80	82	84	86	88	90	92	94	96	98	100	102	104	106	108	110	112	114	116	118	120	122	124	126	128	130	132	134	136	138	140	142	144	146	148	150	152	154	156	158	160	162	164	166	168	170	172	174	176	178	180	182	184	186	188	190	192	194	196	198	200	202	204	206	208	210	212	214	216	218	220	222	224	226	228	230	232	234	236	238	240	242	244	246	248	250	252	254	256	258	260	262	264	266	268	270	272	274	276	278	280
0	4	5	6	1	1	1	1	1	1	1	6	4	5	3	6	6	5	5	4	6	3	6	5	5	4	6	3	3	4	4	6	3	13	13	13	2	2	2	2	2	2	2	2	2	2	2	2	5	4	4	4	6	6	3	5	4	4	5	6	3	6	6	3	5	4	4	6	6	5	5	6	6	5	3	4	4	9	9	5	10	10	6	10	4	9	9	9	9	10	4	9	10	10	10	9	9	10	10	9	9	10	10	10	9	9	11	11	11	11	11	11	11	11	11	11	11	11	11	11	9	11	11	11	11	11	11	11	11	11	10	10	11	11	11	11	11	11	11	11
127
2	4	6	8	10	12	14	16	18	20	22	24	26	28	30	32	34	36	38	40	42	44	46	48	50	52	54	56	58	60	62	64	66	68	70	72	74	76	78	80	82	84	86	88	90	92	94	96	98	100	102	104	106	108	110	112	114	116	118	120	122	124	126	128	130	132	134	136	138	140	142	144	146	148	150	152	154	156	158	160	162	164	166	168	170	172	174	176	178	180	182	184	186	188	190	192	194	196	198	200	202	204	206	208	210	212	214	216	218	220	222	224	226	228	230	232	234	236	238	240	242	244	246	248	250	252	254
0	5	6	4	5	6	5	1	1	1	1	1	6	3	3	5	6	4	3	3	5	13	13	13	6	4	2	2	2	2	2	2	2	2	2	3	5	6	4	5	5	5	6	4	4	3	6	6	5	4	5	4	6	3	5	4	6	4	4	9	9	10	10	3	6	4	4	9	9	5	9	10	10	10	4	10	10	10	10	10	4	9	9	9	9	10	10	10	9	9	9	9	10	10	10	10	9	9	11	11	11	11	11	11	10	10	9	10	9	11	11	11	11	11	11	11	11	11	11	10	11	11	11	11	11	11	11
129
2	4	6	8	10	12	14	16	18	20	22	24	26	28	30	32	34	36	38	40	42	44	46	48	50	52	54	56	58	60	62	64	66	68	70	72	74	76	78	80	82	84	86	88	90	92	94	96	98	100	102	104	106	108	110	112	114	116	118	120	122	124	126	128	130	132	134	136	138	140	142	144	146	148	150	152	154	156	158	160	162	164	166	168	170	172	174	176	178	180	182	184	186	188	190	192	194	196	198	200	202	204	206	208	210	212	214	216	218	220	222	224	226	228	230	232	234	236	238	240	242	244	246	248	250	252	254	256	258
0	4	5	1	1	1	1	6	3	5	4	3	3	3	5	6	6	4	3	5	6	3	4	5	6	5	13	13	13	2	2	2	2	2	2	2	5	5	3	6	6	4	4	4	4	6	5	3	4	5	4	6	6	5	5	4	3	6	5	4	6	6	5	5	6	10	4	3	9	9	4	9	9	4	10	10	3	9	10	10	10	9	4	10	10	10	9	9	9	9	9	10	10	10	9	9	10	11	11	11	11	11	11	11	11	11	11	11	11	10	9	9	11	11	11	11	11	11	11	10	10	11	11	11	11	11	11	11	11
127
2	4	6	8	10	12	14	16	18	20	22	24	26	28	30	32	34	36	38	40	42	44	46	48	50	52	54	56	58	60	62	64	66	68	70	72	74	76	78	80	82	84	86	88	90	92	94	96	98	100	102	104	106	108	110	112	114	116	118	120	122	124	126	128	130	132	134	136	138	140	142	144	146	148	150	152	154	156	158	160	162	164	166	168	170	172	174	176	178	180	182	184	186	188	190	192	194	196	198	200	202	204	206	208	210	212	214	216	218	220	222	224	226	228	230	232	234	236	238	240	242	244	246	248	250	252	254
0	5	6	4	1	1	1	5	3	6	4	3	6	5	4	4	4	3	3	3	3	4	4	5	5	6	6	6	6	3	3	5	5	5	4	4	6	3	3	13	13	13	2	2	2	2	2	2	5	5	6	4	4	4	5	4	6	3	3	5	4	6	6	4	5	3	5	4	10	6	9	9	4	4	10	9	9	9	10	10	4	4	4	9	9	10	4	10	4	4	10	9	9	10	4	4	10	4	10	10	10	9	9	9	9	9	10	10	4	11	11	11	11	11	11	11	11	11	11	11	10	11	11	11	11	11	11
119
2	4	6	8	10	12	14	16	18	20	22	24	26	28	30	32	34	36	38	40	42	44	46	48	50	52	54	56	58	60	62	64	66	68	70	72	74	76	78	80	82	84	86	88	90	92	94	96	98	100	102	104	106	108	110	112	114	116	118	120	122	124	126	128	130	132	134	136	138	140	142	144	146	148	150	152	154	156	158	160	162	164	166	168	170	172	174	176	178	180	182	184	186	188	190	192	194	196	198	200	202	204	206	208	210	212	214	216	218	220	222	224	226	228	230	232	234	236	238
0	5	6	4	1	1	1	6	3	5	5	3	6	4	6	5	5	3	6	6	5	5	4	13	13	13	2	2	2	2	2	2	3	3	5	5	6	4	4	4	4	4	3	6	6	6	5	5	5	4	4	3	3	6	5	4	6	4	4	3	4	4	3	9	10	4	4	9	10	10	4	10	10	4	4	9	9	9	9	4	4	10	10	10	4	4	3	10	10	9	9	9	10	10	9	9	9	9	11	11	11	11	11	11	11	11	11	10	11	11	11	11	11	11	11	11	11	11	11
140
2	4	6	8	10	12	14	16	18	20	22	24	26	28	30	32	34	36	38	40	42	44	46	48	50	52	54	56	58	60	62	64	66	68	70	72	74	76	78	80	82	84	86	88	90	92	94	96	98	100	102	104	106	108	110	112	114	116	118	120	122	124	126	128	130	132	134	136	138	140	142	144	146	148	150	152	154	156	158	160	162	164	166	168	170	172	174	176	178	180	182	184	186	188	190	192	194	196	198	200	202	204	206	208	210	212	214	216	218	220	222	224	226	228	230	232	234	236	238	240	242	244	246	248	250	252	254	256	258	260	262	264	266	268	270	272	274	276	278	280
0	4	5	6	6	1	1	1	4	3	3	6	5	3	4	3	5	6	4	3	3	3	4	4	5	6	4	3	13	13	13	2	2	2	2	2	2	5	3	3	6	6	5	4	4	4	4	4	6	5	5	6	6	5	5	4	4	3	3	6	6	5	4	4	6	6	5	5	4	6	4	9	9	10	10	9	9	4	4	3	3	3	4	6	5	9	4	4	3	10	10	9	9	9	9	10	10	4	4	4	9	9	9	10	3	9	9	10	10	10	10	10	10	10	10	9	9	9	10	10	11	11	11	11	11	10	10	9	9	9	11	11	11	11	11	11	11	11	11	11
141
2	4	6	8	10	12	14	16	18	20	22	24	26	28	30	32	34	36	38	40	42	44	46	48	50	52	54	56	58	60	62	64	66	68	70	72	74	76	78	80	82	84	86	88	90	92	94	96	98	100	102	104	106	108	110	112	114	116	118	120	122	124	126	128	130	132	134	136	138	140	142	144	146	148	150	152	154	156	158	160	162	164	166	168	170	172	174	176	178	180	182	184	186	188	190	192	194	196	198	200	202	204	206	208	210	212	214	216	218	220	222	224	226	228	230	232	234	236	238	240	242	244	246	248	250	252	254	256	258	260	262	264	266	268	270	272	274	276	278	280	282
0	5	6	6	4	5	1	1	1	3	3	5	6	5	5	6	6	3	5	5	4	6	4	3	3	4	5	3	6	4	13	13	13	2	2	2	2	2	5	5	3	3	3	3	6	6	4	5	5	4	4	4	4	3	3	3	3	3	4	4	4	4	6	6	6	5	3	3	5	4	4	4	5	5	5	6	6	6	3	3	6	6	4	5	5	5	4	3	3	6	6	4	4	10	10	9	9	9	9	4	9	9	4	4	3	10	10	10	10	10	10	10	9	9	10	9	9	9	11	11	11	11	11	11	11	11	11	11	11	11	11	11	11	11	11	11	11	11	11	11	11
129
2	4	6	8	10	12	14	16	18	20	22	24	26	28	30	32	34	36	38	40	42	44	46	48	50	52	54	56	58	60	62	64	66	68	70	72	74	76	78	80	82	84	86	88	90	92	94	96	98	100	102	104	106	108	110	112	114	116	118	120	122	124	126	128	130	132	134	136	138	140	142	144	146	148	150	152	154	156	158	160	162	164	166	168	170	172	174	176	178	180	182	184	186	188	190	192	194	196	198	200	202	204	206	208	210	212	214	216	218	220	222	224	226	228	230	232	234	236	238	240	242	244	246	248	250	252	254	256	258
0	5	5	6	4	6	6	6	1	1	1	5	3	6	3	4	3	3	4	5	6	4	4	3	13	13	13	2	2	2	2	2	2	5	3	6	6	4	5	4	4	4	5	6	3	4	4	4	5	5	6	3	3	6	4	4	6	5	5	9	9	9	4	9	10	10	4	4	10	10	10	10	4	3	3	9	9	4	4	10	10	9	9	9	4	10	10	10	9	9	9	9	4	4	3	3	4	10	10	9	10	10	10	9	4	10	11	11	11	11	11	11	9	9	9	11	11	11	11	11	11	11	10	11	11	11	11	11	11
148
2	4	6	8	10	12	14	16	18	20	22	24	26	28	30	32	34	36	38	40	42	44	46	48	50	52	54	56	58	60	62	64	66	68	70	72	74	76	78	80	82	84	86	88	90	92	94	96	98	100	102	104	106	108	110	112	114	116	118	120	122	124	126	128	130	132	134	136	138	140	142	144	146	148	150	152	154	156	158	160	162	164	166	168	170	172	174	176	178	180	182	184	186	188	190	192	194	196	198	200	202	204	206	208	210	212	214	216	218	220	222	224	226	228	230	232	234	236	238	240	242	244	246	248	250	252	254	256	258	260	262	264	266	268	270	272	274	276	278	280	282	284	286	288	290	292	294	296
0	5	6	4	1	1	1	1	1	1	1	1	5	5	6	6	6	3	3	4	5	5	6	4	3	3	5	5	6	6	4	4	3	3	13	13	13	2	2	2	2	2	2	2	2	2	2	2	2	2	2	2	2	5	5	6	6	4	4	6	6	3	5	5	5	6	4	6	5	4	4	3	3	4	4	4	5	6	3	5	5	6	6	4	6	6	5	5	4	10	10	9	9	9	9	4	4	4	10	10	10	10	10	10	9	4	4	3	4	9	9	10	10	10	4	4	9	9	9	9	10	10	10	9	10	10	10	9	9	9	9	9	11	11	11	11	11	11	11	11	11	11	11	11	11	11	11	11
173
2	4	6	8	10	12	14	16	18	20	22	24	26	28	30	32	34	36	38	40	42	44	46	48	50	52	54	56	58	60	62	64	66	68	70	72	74	76	78	80	82	84	86	88	90	92	94	96	98	100	102	104	106	108	110	112	114	116	118	120	122	124	126	128	130	132	134	136	138	140	142	144	146	148	150	152	154	156	158	160	162	164	166	168	170	172	174	176	178	180	182	184	186	188	190	192	194	196	198	200	202	204	206	208	210	212	214	216	218	220	222	224	226	228	230	232	234	236	238	240	242	244	246	248	250	252	254	256	258	260	262	264	266	268	270	272	274	276	278	280	282	284	286	288	290	292	294	296	298	300	302	304	306	308	310	312	314	316	318	320	322	324	326	328	330	332	334	336	338	340	342	344	346
0	5	6	4	6	6	5	1	1	1	1	1	1	1	1	4	4	4	4	3	3	3	3	3	6	5	4	4	4	3	6	6	5	5	5	5	6	6	6	6	5	5	3	4	5	6	5	5	13	13	13	2	2	2	2	2	2	2	2	2	2	2	2	3	3	3	5	5	5	6	4	4	4	4	4	6	3	3	5	3	3	4	4	5	3	3	6	6	6	5	5	4	4	5	3	3	6	6	6	5	4	4	4	3	5	3	3	6	6	4	4	4	4	3	3	4	10	10	9	9	9	4	9	4	4	10	10	3	10	10	9	4	9	9	3	9	10	10	10	10	9	9	9	9	10	10	9	9	10	11	11	11	11	11	9	10	11	11	11	11	11	11	11	10	9	11	11	11	11	11	11	11	11
140
2	4	6	8	10	12	14	16	18	20	22	24	26	28	30	32	34	36	38	40	42	44	46	48	50	52	54	56	58	60	62	64	66	68	70	72	74	76	78	80	82	84	86	88	90	92	94	96	98	100	102	104	106	108	110	112	114	116	118	120	122	124	126	128	130	132	134	136	138	140	142	144	146	148	150	152	154	156	158	160	162	164	166	168	170	172	174	176	178	180	182	184	186	188	190	192	194	196	198	200	202	204	206	208	210	212	214	216	218	220	222	224	226	228	230	232	234	236	238	240	242	244	246	248	250	252	254	256	258	260	262	264	266	268	270	272	274	276	278	280
0	5	6	4	1	1	1	1	1	3	3	4	5	5	6	6	3	6	5	4	3	3	4	4	4	5	6	6	3	13	13	13	2	2	2	2	2	2	2	2	2	3	3	5	5	6	6	4	4	4	4	4	4	5	3	3	6	3	6	5	5	4	4	3	5	6	6	4	4	4	3	3	4	4	3	3	9	9	4	4	9	10	10	9	9	9	10	10	10	10	4	6	5	10	10	9	9	9	10	10	9	9	9	4	10	10	10	10	9	4	4	10	9	9	9	10	10	9	9	9	11	11	11	11	11	11	11	11	11	11	11	10	11	11	11	11	11	11	11	11
142
2	4	6	8	10	12	14	16	18	20	22	24	26	28	30	32	34	36	38	40	42	44	46	48	50	52	54	56	58	60	62	64	66	68	70	72	74	76	78	80	82	84	86	88	90	92	94	96	98	100	102	104	106	108	110	112	114	116	118	120	122	124	126	128	130	132	134	136	138	140	142	144	146	148	150	152	154	156	158	160	162	164	166	168	170	172	174	176	178	180	182	184	186	188	190	192	194	196	198	200	202	204	206	208	210	212	214	216	218	220	222	224	226	228	230	232	234	236	238	240	242	244	246	248	250	252	254	256	258	260	262	264	266	268	270	272	274	276	278	280	282	284
0	5	5	6	4	5	6	1	1	1	1	1	5	3	6	6	5	3	4	6	3	6	5	4	5	5	3	6	13	13	13	2	2	2	2	2	2	2	2	2	2	2	3	4	4	4	4	6	3	3	3	5	5	6	6	4	4	6	6	5	3	3	5	5	4	4	6	6	6	5	5	3	5	6	6	4	4	4	3	3	5	4	4	4	3	3	6	5	4	4	9	9	9	10	10	10	10	9	4	10	4	4	10	10	10	9	9	9	4	9	9	9	10	10	10	9	10	10	10	11	11	11	11	11	9	9	9	10	11	11	11	11	11	11	11	11	11	11	11	11	11	11
133
2	4	6	8	10	12	14	16	18	20	22	24	26	28	30	32	34	36	38	40	42	44	46	48	50	52	54	56	58	60	62	64	66	68	70	72	74	76	78	80	82	84	86	88	90	92	94	96	98	100	102	104	106	108	110	112	114	116	118	120	122	124	126	128	130	132	134	136	138	140	142	144	146	148	150	152	154	156	158	160	162	164	166	168	170	172	174	176	178	180	182	184	186	188	190	192	194	196	198	200	202	204	206	208	210	212	214	216	218	220	222	224	226	228	230	232	234	236	238	240	242	244	246	248	250	252	254	256	258	260	262	264	266
0	5	4	1	1	1	1	6	4	6	5	5	3	6	6	3	5	5	4	6	3	5	6	6	4	3	5	6	6	5	6	3	13	13	13	2	2	2	2	2	2	2	2	2	2	5	6	6	4	9	9	4	6	4	5	5	6	4	6	5	10	10	4	10	4	9	9	6	5	5	6	6	4	4	5	5	6	3	3	3	4	5	6	4	4	3	10	9	9	4	9	9	10	10	9	9	10	10	4	10	10	10	10	9	9	9	10	10	10	11	11	11	11	11	11	11	11	11	10	9	11	11	11	11	11	11	11	11	11	11	11	11	11
143
2	4	6	8	10	12	14	16	18	20	22	24	26	28	30	32	34	36	38	40	42	44	46	48	50	52	54	56	58	60	62	64	66	68	70	72	74	76	78	80	82	84	86	88	90	92	94	96	98	100	102	104	106	108	110	112	114	116	118	120	122	124	126	128	130	132	134	136	138	140	142	144	146	148	150	152	154	156	158	160	162	164	166	168	170	172	174	176	178	180	182	184	186	188	190	192	194	196	198	200	202	204	206	208	210	212	214	216	218	220	222	224	226	228	230	232	234	236	238	240	242	244	246	248	250	252	254	256	258	260	262	264	266	268	270	272	274	276	278	280	282	284	286
0	5	5	6	4	6	1	1	1	1	3	6	3	4	5	5	6	3	4	3	5	6	4	3	13	13	13	2	2	2	2	2	2	2	2	5	5	5	6	6	6	4	4	3	5	6	4	4	5	6	6	5	3	5	4	4	6	4	4	3	5	5	6	3	6	6	4	4	5	4	10	10	9	9	4	9	9	10	10	4	4	3	10	10	10	10	9	9	9	4	4	3	9	9	9	9	10	10	10	10	10	10	4	4	10	10	10	9	9	9	9	4	4	9	9	9	10	10	10	10	10	11	11	11	11	11	9	9	9	10	11	11	11	11	11	10	11	11	11	11	11	11	11
128
2	4	6	8	10	12	14	16	18	20	22	24	26	28	30	32	34	36	38	40	42	44	46	48	50	52	54	56	58	60	62	64	66	68	70	72	74	76	78	80	82	84	86	88	90	92	94	96	98	100	102	104	106	108	110	112	114	116	118	120	122	124	126	128	130	132	134	136	138	140	142	144	146	148	150	152	154	156	158	160	162	164	166	168	170	172	174	176	178	180	182	184	186	188	190	192	194	196	198	200	202	204	206	208	210	212	214	216	218	220	222	224	226	228	230	232	234	236	238	240	242	244	246	248	250	252	254	256
0	5	5	6	4	6	1	1	1	1	3	3	4	6	5	5	6	13	13	13	13	2	2	2	2	2	2	5	5	6	6	6	4	4	5	5	6	6	6	3	4	5	5	4	4	3	3	6	6	6	5	4	5	4	6	5	9	9	4	4	10	10	10	9	9	4	4	9	9	10	10	10	10	10	10	10	9	9	9	9	10	10	4	9	9	9	9	9	9	4	4	4	10	10	10	10	10	4	4	10	10	10	3	9	9	9	9	11	11	11	11	11	11	9	9	11	11	11	11	11	10	10	11	11	11	11	11	11
135
2	4	6	8	10	12	14	16	18	20	22	24	26	28	30	32	34	36	38	40	42	44	46	48	50	52	54	56	58	60	62	64	66	68	70	72	74	76	78	80	82	84	86	88	90	92	94	96	98	100	102	104	106	108	110	112	114	116	118	120	122	124	126	128	130	132	134	136	138	140	142	144	146	148	150	152	154	156	158	160	162	164	166	168	170	172	174	176	178	180	182	184	186	188	190	192	194	196	198	200	202	204	206	208	210	212	214	216	218	220	222	224	226	228	230	232	234	236	238	240	242	244	246	248	250	252	254	256	258	260	262	264	266	268	270
0	5	6	4	5	6	1	1	1	1	3	3	4	6	5	3	3	4	6	5	3	6	4	3	13	13	13	2	2	2	2	2	2	2	2	5	5	6	6	4	4	4	5	6	6	4	6	3	5	5	4	4	6	6	6	5	3	3	5	4	4	5	6	6	6	3	3	5	4	5	4	4	6	6	3	5	5	5	6	4	10	10	9	9	9	10	10	9	9	10	9	4	4	10	10	3	4	4	4	9	10	10	10	10	4	4	4	9	9	10	10	10	9	9	9	9	9	11	11	11	11	11	11	11	11	11	11	11	11	11	11	11	11	11	11
177
2	4	6	8	10	12	14	16	18	20	22	24	26	28	30	32	34	36	38	40	42	44	46	48	50	52	54	56	58	60	62	64	66	68	70	72	74	76	78	80	82	84	86	88	90	92	94	96	98	100	102	104	106	108	110	112	114	116	118	120	122	124	126	128	130	132	134	136	138	140	142	144	146	148	150	152	154	156	158	160	162	164	166	168	170	172	174	176	178	180	182	184	186	188	190	192	194	196	198	200	202	204	206	208	210	212	214	216	218	220	222	224	226	228	230	232	234	236	238	240	242	244	246	248	250	252	254	256	258	260	262	264	266	268	270	272	274	276	278	280	282	284	286	288	290	292	294	296	298	300	302	304	306	308	310	312	314	316	318	320	322	324	326	328	330	332	334	336	338	340	342	344	346	348	350	352	354
0	5	5	6	4	6	1	1	1	1	1	3	3	6	5	5	6	6	6	5	3	5	6	5	6	3	4	5	6	6	5	5	6	6	3	4	5	5	5	6	3	4	13	13	13	2	2	2	2	2	2	3	3	5	5	5	6	6	4	4	4	6	6	6	5	5	3	5	5	4	4	5	3	3	6	6	6	4	5	4	3	5	5	5	5	5	6	6	6	6	6	4	4	5	3	3	3	5	4	5	5	5	6	6	6	6	6	4	5	5	5	9	9	10	10	6	6	10	10	10	9	9	9	9	9	10	10	4	9	10	10	9	9	9	9	9	10	10	10	9	9	9	9	9	9	9	10	10	10	10	11	10	10	11	11	11	11	11	9	9	9	11	11	11	11	10	10	11	11	11	11	11	11	11	11	11	11
131
2	4	6	8	10	12	14	16	18	20	22	24	26	28	30	32	34	36	38	40	42	44	46	48	50	52	54	56	58	60	62	64	66	68	70	72	74	76	78	80	82	84	86	88	90	92	94	96	98	100	102	104	106	108	110	112	114	116	118	120	122	124	126	128	130	132	134	136	138	140	142	144	146	148	150	152	154	156	158	160	162	164	166	168	170	172	174	176	178	180	182	184	186	188	190	192	194	196	198	200	202	204	206	208	210	212	214	216	218	220	222	224	226	228	230	232	234	236	238	240	242	244	246	248	250	252	254	256	258	260	262
0	5	5	6	4	1	1	1	1	1	5	6	3	6	4	5	3	3	5	5	6	6	4	3	4	3	13	13	13	2	2	2	2	2	2	2	5	6	3	6	4	5	4	4	6	6	5	5	3	5	5	6	6	4	4	4	5	6	3	3	4	5	5	6	6	4	4	3	6	5	5	5	6	4	3	5	4	6	3	4	4	3	3	9	9	4	4	10	10	10	10	10	4	9	9	10	10	9	9	9	10	10	11	11	11	11	11	9	11	11	11	11	11	11	11	11	11	11	11	11	10	11	11	11	11	11	11	11	11	11	11
134
2	4	6	8	10	12	14	16	18	20	22	24	26	28	30	32	34	36	38	40	42	44	46	48	50	52	54	56	58	60	62	64	66	68	70	72	74	76	78	80	82	84	86	88	90	92	94	96	98	100	102	104	106	108	110	112	114	116	118	120	122	124	126	128	130	132	134	136	138	140	142	144	146	148	150	152	154	156	158	160	162	164	166	168	170	172	174	176	178	180	182	184	186	188	190	192	194	196	198	200	202	204	206	208	210	212	214	216	218	220	222	224	226	228	230	232	234	236	238	240	242	244	246	248	250	252	254	256	258	260	262	264	266	268
0	5	6	6	4	1	1	1	1	3	6	3	5	6	4	5	6	3	3	4	5	6	3	5	6	4	13	13	13	2	2	2	2	2	5	5	6	6	4	5	5	6	6	6	4	3	4	4	4	5	5	6	6	6	6	6	5	5	4	4	5	6	3	3	4	5	5	6	6	6	6	4	9	9	9	5	10	10	3	4	5	5	6	6	10	3	3	9	9	9	4	4	10	10	10	10	10	4	9	9	10	10	10	9	9	9	9	10	9	10	9	11	11	11	11	11	11	11	11	11	11	11	11	11	11	11	11	11	11	11	11	11	11	11
132
2	4	6	8	10	12	14	16	18	20	22	24	26	28	30	32	34	36	38	40	42	44	46	48	50	52	54	56	58	60	62	64	66	68	70	72	74	76	78	80	82	84	86	88	90	92	94	96	98	100	102	104	106	108	110	112	114	116	118	120	122	124	126	128	130	132	134	136	138	140	142	144	146	148	150	152	154	156	158	160	162	164	166	168	170	172	174	176	178	180	182	184	186	188	190	192	194	196	198	200	202	204	206	208	210	212	214	216	218	220	222	224	226	228	230	232	234	236	238	240	242	244	246	248	250	252	254	256	258	260	262	264
0	4	5	6	1	1	1	1	1	5	5	6	6	6	5	5	3	5	6	5	4	5	6	3	6	5	5	6	4	5	6	6	4	5	3	13	13	13	2	2	2	2	2	2	2	2	5	6	5	5	6	6	6	5	4	4	4	5	6	6	6	5	5	4	4	9	9	10	10	10	4	9	9	10	10	10	9	4	9	9	10	10	10	9	4	4	3	10	10	10	10	10	9	9	9	4	4	9	9	10	10	10	3	4	4	10	9	11	11	11	11	11	11	11	11	11	9	9	11	11	11	11	11	11	11	11	11	11	11	11	11	11
130
2	4	6	8	10	12	14	16	18	20	22	24	26	28	30	32	34	36	38	40	42	44	46	48	50	52	54	56	58	60	62	64	66	68	70	72	74	76	78	80	82	84	86	88	90	92	94	96	98	100	102	104	106	108	110	112	114	116	118	120	122	124	126	128	130	132	134	136	138	140	142	144	146	148	150	152	154	156	158	160	162	164	166	168	170	172	174	176	178	180	182	184	186	188	190	192	194	196	198	200	202	204	206	208	210	212	214	216	218	220	222	224	226	228	230	232	234	236	238	240	242	244	246	248	250	252	254	256	258	260
0	5	6	4	5	1	1	1	1	1	1	1	6	6	5	3	5	5	6	3	5	6	6	4	3	5	6	6	5	3	13	13	13	2	2	2	2	2	2	2	2	2	2	2	2	2	2	5	5	6	6	6	3	4	5	6	4	4	4	5	6	3	4	10	10	9	9	9	3	4	4	10	10	9	9	10	10	3	10	4	9	9	9	4	10	9	9	9	4	9	10	10	10	10	9	9	10	10	9	9	9	10	10	11	11	11	11	11	9	11	11	11	11	11	11	11	11	11	11	11	11	11	10	11	11	11	11	11	11	11
124
2	4	6	8	10	12	14	16	18	20	22	24	26	28	30	32	34	36	38	40	42	44	46	48	50	52	54	56	58	60	62	64	66	68	70	72	74	76	78	80	82	84	86	88	90	92	94	96	98	100	102	104	106	108	110	112	114	116	118	120	122	124	126	128	130	132	134	136	138	140	142	144	146	148	150	152	154	156	158	160	162	164	166	168	170	172	174	176	178	180	182	184	186	188	190	192	194	196	198	200	202	204	206	208	210	212	214	216	218	220	222	224	226	228	230	232	234	236	238	240	242	244	246	248
0	5	6	4	1	1	1	1	1	1	5	6	3	3	4	3	3	4	5	6	4	3	5	6	13	13	13	2	2	2	2	2	2	2	2	2	2	2	2	3	5	5	6	6	5	4	4	3	6	5	4	6	6	5	5	3	6	4	4	4	5	3	6	4	10	10	9	9	9	9	4	9	4	10	3	4	4	9	9	10	10	10	10	10	10	10	9	9	9	4	9	9	10	10	9	9	4	10	10	9	10	10	10	10	9	9	11	11	11	11	11	11	11	11	11	11	11	11	11	11	11	11	11	11
147
2	4	6	8	10	12	14	16	18	20	22	24	26	28	30	32	34	36	38	40	42	44	46	48	50	52	54	56	58	60	62	64	66	68	70	72	74	76	78	80	82	84	86	88	90	92	94	96	98	100	102	104	106	108	110	112	114	116	118	120	122	124	126	128	130	132	134	136	138	140	142	144	146	148	150	152	154	156	158	160	162	164	166	168	170	172	174	176	178	180	182	184	186	188	190	192	194	196	198	200	202	204	206	208	210	212	214	216	218	220	222	224	226	228	230	232	234	236	238	240	242	244	246	248	250	252	254	256	258	260	262	264	266	268	270	272	274	276	278	280	282	284	286	288	290	292	294
0	5	6	6	4	5	1	1	1	1	1	1	6	6	5	3	3	5	4	6	3	5	4	3	5	6	5	6	13	13	13	2	2	2	2	2	2	2	2	2	2	3	3	5	5	5	6	6	6	6	4	4	4	4	4	5	3	6	3	5	5	6	6	3	3	4	4	4	4	3	6	6	5	3	3	5	5	4	4	5	6	6	4	3	3	5	6	6	5	5	5	4	9	6	10	10	4	4	9	9	9	9	10	10	9	9	9	10	10	10	9	4	10	10	10	9	10	10	10	4	9	9	9	9	11	11	11	11	11	11	11	11	10	10	11	11	11	11	11	11	11	11	11	11	11	11	11
135
2	4	6	8	10	12	14	16	18	20	22	24	26	28	30	32	34	36	38	40	42	44	46	48	50	52	54	56	58	60	62	64	66	68	70	72	74	76	78	80	82	84	86	88	90	92	94	96	98	100	102	104	106	108	110	112	114	116	118	120	122	124	126	128	130	132	134	136	138	140	142	144	146	148	150	152	154	156	158	160	162	164	166	168	170	172	174	176	178	180	182	184	186	188	190	192	194	196	198	200	202	204	206	208	210	212	214	216	218	220	222	224	226	228	230	232	234	236	238	240	242	244	246	248	250	252	254	256	258	260	262	264	266	268	270
0	4	6	1	1	1	1	1	1	5	3	6	6	5	3	4	3	4	3	5	6	3	4	5	4	6	3	13	13	13	3	2	2	2	2	2	2	2	6	6	3	5	5	5	4	4	5	6	3	4	5	6	6	6	3	5	4	4	5	6	3	5	5	6	6	6	4	4	5	5	3	6	6	5	9	9	10	9	4	10	10	4	10	10	9	9	9	9	9	10	10	10	9	10	10	10	9	9	9	9	9	9	9	10	10	10	10	9	9	9	9	9	10	9	10	10	10	11	11	11	11	9	10	11	11	11	11	11	11	11	11	11	11	11	11
143
2	4	6	8	10	12	14	16	18	20	22	24	26	28	30	32	34	36	38	40	42	44	46	48	50	52	54	56	58	60	62	64	66	68	70	72	74	76	78	80	82	84	86	88	90	92	94	96	98	100	102	104	106	108	110	112	114	116	118	120	122	124	126	128	130	132	134	136	138	140	142	144	146	148	150	152	154	156	158	160	162	164	166	168	170	172	174	176	178	180	182	184	186	188	190	192	194	196	198	200	202	204	206	208	210	212	214	216	218	220	222	224	226	228	230	232	234	236	238	240	242	244	246	248	250	252	254	256	258	260	262	264	266	268	270	272	274	276	278	280	282	284	286
0	5	6	4	6	1	1	1	1	1	3	6	5	3	6	6	5	5	4	3	4	5	3	4	5	6	4	4	3	13	13	13	2	2	2	2	2	2	3	3	3	3	3	5	5	6	6	6	6	4	4	4	4	4	5	5	5	5	4	4	6	6	6	6	6	6	6	3	3	3	5	5	5	4	5	5	6	6	6	6	6	5	5	5	5	6	6	6	6	5	4	5	6	4	5	6	10	4	9	9	10	4	4	10	9	10	10	4	9	9	10	10	10	9	9	9	10	10	9	9	11	11	11	11	11	11	11	10	11	11	11	11	11	11	11	11	11	11	11	11	11	11	11
126
2	4	6	8	10	12	14	16	18	20	22	24	26	28	30	32	34	36	38	40	42	44	46	48	50	52	54	56	58	60	62	64	66	68	70	72	74	76	78	80	82	84	86	88	90	92	94	96	98	100	102	104	106	108	110	112	114	116	118	120	122	124	126	128	130	132	134	136	138	140	142	144	146	148	150	152	154	156	158	160	162	164	166	168	170	172	174	176	178	180	182	184	186	188	190	192	194	196	198	200	202	204	206	208	210	212	214	216	218	220	222	224	226	228	230	232	234	236	238	240	242	244	246	248	250	252
0	5	6	4	1	1	1	1	1	6	3	5	6	5	3	5	6	4	3	3	3	5	6	4	4	5	6	6	3	13	13	13	3	2	2	2	2	2	2	2	5	5	4	6	6	4	4	3	5	5	6	4	4	3	6	5	5	4	4	4	6	6	5	5	3	5	5	6	6	3	5	6	4	9	9	9	4	10	10	10	4	10	10	10	9	9	9	9	10	10	10	10	9	9	9	9	9	10	9	10	10	9	11	11	11	11	11	11	11	11	11	11	11	11	11	11	11	11	10	11	11	11	11	11	11	11
132
2	4	6	8	10	12	14	16	18	20	22	24	26	28	30	32	34	36	38	40	42	44	46	48	50	52	54	56	58	60	62	64	66	68	70	72	74	76	78	80	82	84	86	88	90	92	94	96	98	100	102	104	106	108	110	112	114	116	118	120	122	124	126	128	130	132	134	136	138	140	142	144	146	148	150	152	154	156	158	160	162	164	166	168	170	172	174	176	178	180	182	184	186	188	190	192	194	196	198	200	202	204	206	208	210	212	214	216	218	220	222	224	226	228	230	232	234	236	238	240	242	244	246	248	250	252	254	256	258	260	262	264
0	5	6	4	5	6	5	1	1	1	1	1	1	6	6	3	5	3	4	3	5	6	5	6	3	5	5	6	3	4	5	6	3	13	13	13	2	2	2	2	2	2	2	5	5	6	6	4	4	5	3	6	6	5	5	4	4	6	3	5	5	6	6	4	3	5	6	4	5	4	10	6	9	10	10	9	9	4	4	9	9	9	3	10	9	10	10	4	9	10	10	9	9	9	10	10	10	9	9	9	10	11	11	11	11	11	11	11	11	10	9	11	11	11	11	11	11	11	11	11	11	11	11	11	11	11	11	11	11	11	11	11
120
2	4	6	8	10	12	14	16	18	20	22	24	26	28	30	32	34	36	38	40	42	44	46	48	50	52	54	56	58	60	62	64	66	68	70	72	74	76	78	80	82	84	86	88	90	92	94	96	98	100	102	104	106	108	110	112	114	116	118	120	122	124	126	128	130	132	134	136	138	140	142	144	146	148	150	152	154	156	158	160	162	164	166	168	170	172	174	176	178	180	182	184	186	188	190	192	194	196	198	200	202	204	206	208	210	212	214	216	218	220	222	224	226	228	230	232	234	236	238	240
0	5	6	4	6	1	1	1	1	1	1	3	4	3	3	4	3	5	6	4	3	13	13	13	2	2	2	2	2	3	3	5	5	6	6	4	4	4	3	5	5	6	6	6	5	4	4	3	3	5	5	6	4	5	6	4	5	6	3	5	6	6	4	4	6	5	5	3	6	5	4	4	6	10	10	9	9	4	9	9	4	10	10	9	9	10	10	4	9	9	10	9	9	9	10	11	11	11	11	11	11	11	11	11	11	11	11	11	11	11	11	11	11	11	11	11	11	11	11	11
122
2	4	6	8	10	12	14	16	18	20	22	24	26	28	30	32	34	36	38	40	42	44	46	48	50	52	54	56	58	60	62	64	66	68	70	72	74	76	78	80	82	84	86	88	90	92	94	96	98	100	102	104	106	108	110	112	114	116	118	120	122	124	126	128	130	132	134	136	138	140	142	144	146	148	150	152	154	156	158	160	162	164	166	168	170	172	174	176	178	180	182	184	186	188	190	192	194	196	198	200	202	204	206	208	210	212	214	216	218	220	222	224	226	228	230	232	234	236	238	240	242	244
0	5	6	4	1	1	1	1	5	6	6	3	5	5	6	3	4	5	3	6	5	5	6	4	3	6	5	6	13	13	13	2	2	2	2	2	2	3	5	5	6	6	4	4	3	5	5	6	6	6	5	5	4	3	5	6	4	4	5	6	6	3	4	4	5	5	6	4	6	5	6	6	5	5	5	4	6	4	4	4	9	10	10	10	10	10	4	9	9	10	9	9	3	4	10	9	9	10	9	9	11	11	11	11	10	11	11	11	11	11	11	11	11	11	11	11	11	11	11	11	11	11
152
2	4	6	8	10	12	14	16	18	20	22	24	26	28	30	32	34	36	38	40	42	44	46	48	50	52	54	56	58	60	62	64	66	68	70	72	74	76	78	80	82	84	86	88	90	92	94	96	98	100	102	104	106	108	110	112	114	116	118	120	122	124	126	128	130	132	134	136	138	140	142	144	146	148	150	152	154	156	158	160	162	164	166	168	170	172	174	176	178	180	182	184	186	188	190	192	194	196	198	200	202	204	206	208	210	212	214	216	218	220	222	224	226	228	230	232	234	236	238	240	242	244	246	248	250	252	254	256	258	260	262	264	266	268	270	272	274	276	278	280	282	284	286	288	290	292	294	296	298	300	302	304
0	4	5	6	6	3	5	4	5	1	1	1	1	1	1	1	6	6	5	3	3	4	3	6	6	5	5	4	13	13	13	2	2	2	2	2	2	2	2	2	2	2	2	2	2	3	3	3	5	5	5	6	6	4	4	4	4	4	6	6	3	3	3	5	6	6	5	5	4	5	5	3	6	6	6	5	4	3	5	6	4	3	5	4	6	5	5	6	6	6	4	3	5	4	9	9	10	10	9	10	3	4	9	10	4	4	10	10	3	10	4	9	10	10	9	9	3	3	4	10	9	9	9	11	11	11	11	11	11	11	11	11	11	11	11	11	11	11	11	11	11	11	11	10	11	11	11	11	11	11	11	11
