==============================
P(D0): 
({x0}, type:0, size: 10, possibNZ: 0, (0.1168, 0.02423, 0.1067, 0.08386, 0.1573, 0.1049, 0.1294, 0.07338, 0.06992, 0.1335))

P(A0): 
({x1}, type:0, size: 7, possibNZ: 0, (0.2236, 0.01391, 0.02343, 0.171, 0.03172, 0.2683, 0.2681))
==============================
P(Dt|At,Dt-1 = 0): 
0.2034 0.04387 0.06958 0.07317 0.00665 0.09354 0.08609 
0.03241 0.0746 0.1182 0.03778 0.01362 0.03039 0.07471 
0.1773 0.1131 0.02181 0.04183 0.06325 0.1758  0.143 
0.1336 0.04884 0.1834 0.09895 0.1051  0.224 0.08461 
0.07797 0.05633  0.178 0.02205 0.1295 0.1218 0.1541 
0.03956 0.1197 0.1655   0.14 0.08066 0.02613 0.1042 
0.08874 0.05145 0.05275 0.1102 0.1623 0.07666 0.1564 
0.09988 0.1599 0.1203 0.1628 0.1422 0.0442 0.03931 
0.02499 0.1906 0.004555 0.1638 0.1917 0.08084 0.1104 
0.1222 0.1416 0.08604 0.1494 0.1051 0.1266 0.04721 

==============================
P(At|At-1,Dt-1 = 0): 
     0 0.1414 0.00715 0.09323 0.1286 0.2264 0.01206 
0.05566      0 0.4543 0.2613 0.2214 0.2932 0.2075 
0.07247 0.1476      0 0.2528 0.09809 0.2799 0.3261 
0.1634 0.2326 0.04904      0 0.2308 0.07481 0.2475 
0.3475 0.2223 0.1719 0.2026      0 0.05376 0.07042 
0.3358 0.1034 0.09147 0.07391 0.1646      0 0.1364 
0.02527 0.1528 0.2261 0.1161 0.1565 0.07187      0 

================================
P(Ot|At = ): 
  0.1285 0.001543   0.1984   0.1551  0.09625  0.02237    0.156 
   0.133   0.1383   0.1192  0.05102  0.07497   0.1138  0.04804 
 0.01301  0.08885  0.00904   0.1927   0.1135  0.08433   0.1149 
 0.04875   0.2104  0.04446  0.05652    0.114  0.08593   0.1091 
 0.04287 0.0002644   0.1824   0.1608   0.1196    0.124   0.1013 
  0.1278   0.1062   0.1197  0.03963    0.112   0.1443    0.163 
  0.1616  0.09748  0.03861   0.0604   0.1664  0.06561  0.04961 
 0.06591   0.1059  0.08623  0.01914  0.03679    0.124  0.05959 
  0.1493   0.1769   0.1535    0.121   0.1249  0.07796  0.02233 
  0.1292  0.07408  0.04847   0.1436   0.0416   0.1577   0.1761 
================================
