==============================
P(D0): 
({x0}, type:0, size: 100, possibNZ: 0, (0, 0, 0, 0.04, 0.16, 0.19, 0.2, 0.17, 0.05, 0.04, 0.07, 0.04, 0, 0.02, 0, 0, 0.02, 0, 0, 0, 0, 0, 0, 0, 0, 0, 0, 0, 0, 0, 0, 0, 0, 0, 0, 0, 0, 0, 0, 0, 0, 0, 0, 0, 0, 0, 0, 0, 0, 0, 0, 0, 0, 0, 0, 0, 0, 0, 0, 0, 0, 0, 0, 0, 0, 0, 0, 0, 0, 0, 0, 0, 0, 0, 0, 0, 0, 0, 0, 0, 0, 0, 0, 0, 0, 0, 0, 0, 0, 0, 0, 0, 0, 0, 0, 0, 0, 0, 0, 0))

P(A0): 
({x1}, type:0, size: 13, possibNZ: 0, (0, 0, 0, 0, 0, 0, 0, 0, 0, 0, 0, 1, 0))
==============================
P(Dt|At,Dt-1 = 0): 
2.36944e-45 2.54643e-49 9.62032e-16 3.12422e-121 4.06779e-133 0.364799 3.66288e-16 3.56704e-24 5.62022e-101 9.78243e-81 0.029703 8.79326e-118 1.30702e-16 
0.0472034 0.0226609 1.40596e-15 0.0535904 1.59318e-84 0.00151258 2.16946e-42 5.38461e-23 6.6688e-140 6.89511e-56 0.118812 3.8773e-28 0.257962 
0.0660732 0.0795874 7.04933e-25 0.883906 2.15627e-27 0.114646 1.78528e-40 1.44405e-30 1.0373e-198 1.09332e-42 0.257426 2.91752e-138 0.0658878 
3.10983e-16 0.138602 0.046931 0.0625036 0.0218576 1.97142e-05 3.05865e-21 7.51748e-12 0.0833372 1.37438e-41 0.188119 1.02183e-35 0.0850968 
0.0351677 0.115916 0.11211 2.7303e-84 8.28633e-96 1.39421e-06 1.46977e-25 0.00385205 1.21345e-284 1.8963e-66 0.19802 2.35083e-175 0.0882623 
2.56922e-15 0.144199 0.123365 4.92801e-205 1.39087e-120 0.00111844 7.37202e-07 0.371667 3.77569e-69 1.12447e-83 0.0891089 2.29503e-80 0.0401392 
3.5814e-07 0.111905 0.0784021      0 0.0220598 0.0241349 2.27091e-34 2.64838e-19 0.161655 1.50248e-22 0.0693069 1.86586e-138 0.0216623 
0.0556991 0.0939123 0.0656528      0 0.0220631 0.0571131 8.18822e-36 0.0443146 0.0881741 1.75769e-43 0.029703 8.93446e-35 0.0126937 
0.0170543 0.0439921 0.0311976      0 0.0240661 0.0598177 8.43675e-25 9.42926e-22 0.166367 0.0900773 0.00990099 1.97268e-111 4.58285e-06 
0.0349191 0.0469124 0.00553112      0 0.0189412 0.263735 0.0517051 1.56661e-05 4.67189e-43 1.16517e-64 0.00990099      1 0.000991192 
6.00835e-30 0.0358415 0.00991901      0 0.0110347 0.0949349 3.90294e-22 8.78481e-27 0.0838016 2.52534e-68      0 2.30399e-141 6.66945e-09 
4.15433e-05 0.0630688 0.0269326      0 0.0331231 0.00129419 1.06993e-11 4.43166e-32 7.20948e-153 4.18497e-61      0 2.07051e-37 6.55603e-20 
0.00825166 0.0302264 0.000109884      0 0.0332616 0.000340301 2.03257e-11 2.01613e-25 3.44822e-174 9.32462e-66      0 6.14423e-42 0.0956774 
0.0296339 0.00977198 9.73537e-14      0 0.0771481 0.000501643 0.135705 1.76965e-22 1.39444e-264 1.14288e-61      0 2.43472e-30 0.0526557 
1.09896e-17 0.0269449 8.63422e-12      0 0.0453942 0.0124039 3.10503e-16 6.95074e-22 0.0833331 1.72227e-49      0 9.9615e-223 0.000110306 
4.95409e-16 0.00920106 9.18623e-09      0 0.109553 0.00169784 0.00037008 1.33312e-26      0 3.74307e-11      0 2.45343e-263 1.27388e-12 
0.0312014 5.19006e-120 4.93309e-09      0 0.0325137 0.000149293 0.000318836 5.59126e-13 0.08323 2.64494e-13      0 1.6526e-272 0.00706114 
0.0253934 0.00908658 1.78339e-07      0 0.086397 4.4697e-06 0.0477118 8.90349e-11 4.23286e-39 0.0522238      0 2.08518e-224 2.22953e-15 
0.0210056 2.12479e-113 3.49191e-06      0 0.0495662 8.76127e-05 0.140196 0.45095 1.74987e-104 0.0623155      0 9.00578e-132 0.0491164 
9.85399e-08 0.0181711 1.43561e-05      0 0.0892564 8.04933e-05 0.000254234 4.76715e-11 0.0623158 3.56105e-42      0 7.60873e-21 0.00955488 
2.01462e-09 1.44607e-138 0.000264235      0 0.0320419 0.000950342 1.75756e-22 1.53176e-30 0.104453 2.65526e-29      0 5.37413e-35 7.61497e-08 
0.0700544 6.89861e-232 4.25625e-05      0 0.0551324 7.79131e-05 1.93092e-12 2.47702e-26 7.23867e-99 1.96608e-07      0 5.61164e-130 0.0258219 
0.0196777 1.82187e-235 0.000480848      0 0.0434454 0.000187768 1.13995e-20 6.28608e-28 1.00024e-137 0.131945      0 3.23941e-39 0.0344106 
0.0480326      0 2.6831e-05      0 0.0218919 9.72842e-05 1.7272e-10 9.45971e-12 2.81553e-206 1.15489e-28      0 1.14679e-68 5.91445e-23 
0.0124049      0 0.00249658      0 0.0221327 1.3068e-05 5.97823e-08 5.72626e-18 7.86417e-231 9.09351e-06      0 9.80143e-230 6.247e-17 
0.0569428      0 0.00449464      0 1.81454e-23 3.86941e-05 0.0168581 0.0622427 2.42891e-303 0.171138      0 1.21832e-191 0.0399284 
0.0494138      0 0.00648173      0 0.0114675 7.7088e-05 0.000239023 8.55912e-19 0.0833331 7.48029e-70      0 1.22762e-87 1.68909e-05 
8.33577e-19      0 0.00853419      0 0.0141939 1.03156e-05 0.163956 1.99906e-26 7.18213e-41 0.0295237      0 2.27554e-91 4.41921e-27 
0.0213798      0 0.013103      0 4.19029e-21 4.39765e-05 0.00154389 1.81964e-47 9.57881e-134 0.2138      0 1.32539e-187 1.45561e-11 
0.0364434      0 0.0110583      0 4.44458e-249 9.32339e-06 0.0887859 2.48386e-54 1.77532e-159 1.15597e-98      0 5.94942e-76 1.03549e-34 
3.52088e-05      0 0.020697      0 0.0220862 1.2663e-06 2.37968e-13 0.066958 3.39028e-207 4.67802e-26      0 1.33289e-72 0.023629 
4.5864e-11      0 0.0198979      0 0.0111013 3.25284e-06 2.27072e-12 8.61341e-23 2.51466e-281 2.1742e-87      0 8.78255e-113 1.90726e-05 
0.0293129      0 0.0116907      0 0.021968 1.62572e-06 0.0206656 2.55181e-41 4.59559e-316 7.67135e-16      0 1.58112e-100 0.0306176 
0.0450909      0 0.00967903      0 4.37161e-159 4.03874e-07 1.76825e-05 1.31215e-59      0 9.66914e-59      0 1.95962e-143 3.79134e-58 
3.78603e-07      0 0.00643442      0 0.0261619 7.30031e-07 0.0345427 5.12353e-56 3.48991e-276 0.112747      0 4.45371e-127 5.95052e-75 
0.0170679      0 0.0028471      0 7.37877e-219 1.17061e-06 0.0384388 1.07193e-65      0 4.33612e-77      0 1.8973e-309 3.43262e-58 
0.0353279      0 0.0107564      0 1.83927e-294 7.84261e-07 0.033025 8.44821e-61      0 4.39685e-108      0 4.15352e-280 0.00671052 
6.86144e-30      0 0.00243209      0 1.85308e-283 1.56579e-06 0.0327816 2.23092e-63      0 2.80119e-63      0 2.29115e-171 8.9291e-74 
3.29348e-88      0 0.00214937      0 5.20909e-245 6.64264e-07 3.74194e-07 8.05075e-91      0 3.56748e-19      0 1.61013e-175 2.95031e-63 
3.26341e-39      0 0.00170311      0 5.42466e-185 1.47335e-06 0.151814 1.55236e-104      0 0.0429644      0 5.17268e-165 0.00639978 
8.32422e-41      0 0.0136169      0 5.23645e-97 1.49922e-07 0.000537935 7.93238e-124      0 2.12002e-55      0      0 5.78994e-35 
2.06866e-28      0 0.00165729      0 0.0220527 2.27037e-08 1.87484e-09 1.34637e-144      0 1.79232e-16      0 2.18957e-278 9.9921e-75 
0.0176431      0 0.00519328      0 0.0200881 1.27401e-06 7.93504e-12 2.48466e-139      0 0.0504183      0 1.4202e-168 1.8008e-74 
0.0103649      0 0.0104065      0 1.85324e-238 1.94378e-06 4.61979e-14 9.56832e-167      0 2.68007e-160      0 2.84698e-198 0.00652908 
0.0126585      0 0.011376      0 6.54938e-96 1.35303e-06 1.0663e-06 7.43628e-190      0 0.0428382      0 2.5334e-231 1.29885e-65 
3.94305e-22      0 0.000999254      0      0 2.29374e-06 2.87587e-05 9.66051e-168      0 1.85536e-278      0 1.40456e-285 0.0329937 
0.050112      0 0.00735167      0      0 8.38701e-07 0.0405025 2.84595e-192      0 9.4207e-297      0 1.43359e-174 7.14567e-32 
2.06185e-09      0 0.00441361      0      0 8.07306e-07 1.30307e-12 4.43723e-217      0 6.85952e-292      0 3.11401e-194 4.36995e-77 
0.00748895      0 0.00210051      0      0 1.93314e-06 4.80686e-11 9.44286e-231      0 1.70116e-295      0 2.96782e-169 1.34497e-89 
1.27619e-35      0 0.00994845      0      0 3.96717e-07 7.62635e-23 3.88544e-245      0 5.01861e-291      0      0 2.77067e-90 
0.00713706      0 0.00705289      0 3.8615e-303 2.7134e-06 4.74741e-47 1.53804e-272      0 2.96997e-293      0 5.52828e-294 0.00604759 
3.33654e-64      0 0.00948145      0      0 7.57232e-07 1.99625e-70 8.32605e-291      0 8.25839e-312      0 9.02184e-189 1.00144e-240 
0.0138286      0 0.00385451      0      0 4.24778e-07 4.90241e-91      0      0 4.4541e-310      0 1.06737e-293 2.97459e-236 
3.7443e-38      0 0.0101936      0      0 2.13691e-06 7.06527e-110      0      0 7.72447e-303      0 3.02482e-183 2.50889e-187 
0.00788819      0 0.00132816      0      0 4.82385e-07 3.69346e-137      0      0      0      0 2.25487e-207 4.99995e-234 
1.15798e-08      0 0.00668142      0      0 2.34083e-06 2.60169e-150      0      0 5.82076e-296      0      0      0 
4.13279e-74      0 0.00718998      0      0 2.27151e-06 8.56027e-151      0      0      0      0      0 5.45447e-286 
0.0153501      0 0.000662751      0      0 2.61794e-07 3.44698e-165      0      0      0      0      0 4.53278e-213 
1.13643e-52      0 0.00886812      0      0 2.99543e-06 4.48034e-179      0      0      0      0      0 1.52907e-149 
0.0153955      0 0.0105199      0      0 2.08429e-06 1.62815e-206      0      0      0      0      0 1.29623e-88 
8.42629e-32      0 0.00826365      0      0 9.0002e-07 1.68033e-209      0      0      0      0      0      0 
3.80218e-30      0 0.00537768      0      0 8.57037e-07 2.28299e-265      0      0      0      0      0      0 
4.68956e-25      0 0.00649848      0      0 1.63334e-06 3.75628e-261      0      0      0      0      0      0 
0.0142792      0 0.00406908      0      0 1.86923e-06 3.08154e-293      0      0      0      0      0      0 
2.64178e-25      0 0.00161122      0      0 6.34498e-07 1.08793e-320      0      0      0      0      0      0 
3.52063e-207      0 0.00318693      0      0 1.97891e-06      0      0      0      0      0      0      0 
4.17337e-314      0 0.00689925      0      0 1.4536e-06      0      0      0      0      0      0      0 
     0      0 0.00484465      0      0 4.27985e-07      0      0      0      0      0      0      0 
7.59622e-296      0 0.00933484      0      0 5.38523e-07      0      0      0      0      0      0      0 
3.64437e-283      0 0.00758777      0      0 7.33047e-07      0      0      0      0      0      0      0 
     0      0 0.00656241      0      0 9.9492e-07      0      0      0      0      0      0      0 
7.14998e-205      0 0.00420239      0      0 2.65055e-06      0      0      0      0      0      0      0 
2.14914e-240      0 0.00505682      0      0 1.10071e-06      0      0      0      0      0      0      0 
3.33545e-203      0 0.00308178      0      0 1.94624e-06      0      0      0      0      0      0      0 
3.04955e-226      0 0.0104238      0      0 2.13086e-06      0      0      0      0      0      0      0 
5.36166e-203      0 0.000866254      0      0 1.15516e-06      0      0      0      0      0      0      0 
3.91163e-87      0 0.00461496      0      0 3.4302e-06      0      0      0      0      0      0      0 
0.00751195      0 0.000874923      0      0 2.46577e-06      0      0      0      0      0      0      0 
1.44986e-272      0 0.00911866      0      0 2.09651e-06      0      0      0      0      0      0      0 
     0      0 0.0094333      0      0 1.22785e-06      0      0      0      0      0      0      0 
     0      0 0.00244403      0      0 6.72448e-07      0      0      0      0      0      0      0 
     0      0 0.00518042      0      0 7.69041e-07      0      0      0      0      0      0      0 
     0      0 0.0070086      0      0 2.12387e-07      0      0      0      0      0      0      0 
5.39648e-230      0 0.00449141      0      0 2.73821e-06      0      0      0      0      0      0      0 
2.41442e-259      0 0.00100693      0      0 6.09025e-07      0      0      0      0      0      0      0 
2.71203e-201      0 0.00767922      0      0 7.06489e-07      0      0      0      0      0      0      0 
9.49672e-122      0 0.00850963      0      0 2.34877e-07      0      0      0      0      0      0      0 
6.21529e-48      0 0.00740215      0      0 2.74987e-06      0      0      0      0      0      0      0 
0.00751247      0 0.00742669      0      0 7.47599e-07      0      0      0      0      0      0      0 
2.40646e-224      0 0.00352868      0      0 7.96022e-07      0      0      0      0      0      0      0 
     0      0 0.00721517      0      0 2.5535e-06      0      0      0      0      0      0      0 
     0      0 0.00876454      0      0 2.49663e-06      0      0      0      0      0      0      0 
     0      0 0.00934086      0      0 8.02008e-07      0      0      0      0      0      0      0 
     0      0 0.00823249      0      0 1.39889e-06      0      0      0      0      0      0      0 
     0      0 0.00485436      0      0 2.05791e-06      0      0      0      0      0      0      0 
     0      0 0.00817306      0      0 1.73539e-06      0      0      0      0      0      0      0 
     0      0 0.00283259      0      0 3.35706e-06      0      0      0      0      0      0      0 
     0      0 0.00069608      0      0 3.13735e-06      0      0      0      0      0      0      0 
     0      0 0.0101622      0      0 2.55945e-06      0      0      0      0      0      0      0 
     0      0 0.00480677      0      0 3.22236e-07      0      0      0      0      0      0      0 

==============================
P(At|At-1,Dt-1 = 0): 
     0 0.88204      0 0.192895 2.82155e-60 6.72773e-112 0.0408908 0.439941 1.03232e-59 4.51296e-52 1.05318e-108 4.01197e-167 1.7333e-25 
0.100308      0      0 0.807105 0.132256 6.32309e-169 3.75875e-87 6.08325e-236      0 0.171991 9.54446e-294 1.47826e-234 1.07148e-84 
     0      0      0      0      0      1 4.77171e-08 5.74754e-189      0      0      0      0 0.740793 
0.00765626 0.0999429      0      0 0.867727      0      0 1.86317e-266      0 0.399205      0      0      0 
4.92507e-112 0.018017      0 3.52222e-206      0      0      0 9.64292e-35 1.7633e-163 2.84062e-26 0.878028 6.59089e-277 5.45362e-225 
     0      0 0.242418      0      0      0 5.54528e-14 1.92809e-145      0      0      0      0 0.259207 
0.570863 6.8338e-293      0      0 6.54858e-119 7.98465e-127      0 6.2205e-23 0.0833358 2.59282e-08      0 3.481e-175 2.9872e-34 
0.209953 7.49963e-110 5.65359e-208 1.9912e-214 2.70168e-146 1.96057e-115 2.93352e-34      0 6.52944e-168 0.125878 1.45628e-318 8.85527e-176 7.34916e-42 
0.0525904      0      0      0 1.45409e-162      0      0 2.47317e-167      0 0.214403      0 6.44485e-192      0 
8.2533e-53 1.41133e-69      0 2.3711e-109 1.67673e-05      0 5.47707e-145 2.67885e-13 0.916664      0 0.121972 1.64726e-219 5.64281e-140 
6.77325e-173 2.96889e-117      0 1.0737e-187      0      0      0 1.20623e-203 4.46083e-295 2.10938e-176      0      1      0 
0.0075129      0      0      0      0      0      0      0 2.12993e-291 3.18063e-211      0      0      0 
0.051116      0 0.757582      0 3.11792e-294 7.64013e-19 0.959109 0.560059 3.66242e-270 0.0885229      0 4.0818e-303      0 

================================
P(Ot|At = ): 
       0        0        0        0        0        0        0        0        0        0        0 0.149701        0 
0.000742171 0.00177741        0        0 1.80211e-75        0        0 2.59995e-177        0 2.3949e-107  0.98829 1.59599e-54        0 
0.000938037 0.976401        0 1.5972e-35 3.79528e-91        0 1.1465e-35 4.13765e-130        0 1.88991e-43 0.0117096        0        0 
0.121969 0.0120313        0 0.00412956  0.25209 1.82634e-252 0.0651892 0.025194 0.0128777 0.0917217 1.36894e-23 0.0538922 6.70284e-56 
0.257887 0.00161885 1.24147e-115 1.08124e-61 0.167879 3.37732e-87 0.230154 0.237866 7.83748e-106 0.101983 1.49983e-32  0.19012 0.00992213 
0.307155 0.00149425        0 3.71691e-26 0.289226        0 0.00351447 0.107203 0.0532579 0.409433 3.78685e-26 0.312874 4.57153e-150 
0.310994 0.00667679        0 0.00548411 0.290806        0 0.00782126 0.0598843 0.0454379 0.396862 6.44152e-19 0.293413 4.09334e-62 
5.1003e-216        0        0        0        0        0        0        0 0.888427 2.43971e-200        0        0        0 
0.000314999        0 6.59476e-23        0        0 0.0203495 0.338101 0.219884 8.79549e-291 4.75782e-269        0        0 0.548636 
5.4153e-66        0 0.00666919        0        0 0.093864  0.35522 0.349969        0 1.21798e-227        0        0 0.441442 
       0        0 0.993331        0        0 0.885786 1.78521e-255        0        0        0        0        0 1.67412e-69 
1.43626e-110 2.77577e-51        0 0.990386 1.96129e-105        0        0        0        0 1.3167e-161        0        0        0 
================================
