==============================
P(D0): 
({x0}, type:0, size: 25, possibNZ: 0, (0.04936, 0.05421, 0.06701, 0.006794, 0.04789, 0.009303, 0.02162, 0.02828, 0.001762, 0.0424, 0.03431, 0.02362, 0.000534, 0.04712, 0.02398, 0.06727, 0.05593, 0.0299, 0.03923, 0.06653, 0.06405, 0.03686, 0.06287, 0.05214, 0.06704))

P(A0): 
({x1}, type:0, size: 50, possibNZ: 0, (0.03337, 0.001726, 0.004616, 0.01283, 0.02409, 0.005375, 0.02679, 0.02919, 0.01595, 0.01179, 0.03932, 0.01659, 0.02983, 0.01432, 0.03579, 0.003944, 0.01507, 0.02215, 0.005829, 0.04271, 0.01807, 0.04296, 0.02818, 0.02037, 0.01113, 0.007871, 0.02605, 0.007055, 0.01777, 0.02823, 0.03099, 0.01981, 0.01217, 0.002966, 0.02296, 0.02459, 0.03577, 0.02691, 0.02244, 0.02398, 0.02007, 0.012, 0.03667, 0.02091, 0.02846, 0.02639, 0.006013, 0.011, 0.01454, 0.002427))
==============================
P(Dt|At,Dt-1 = 0): 
0.07657 0.04826 0.05478 0.02703 0.04068 0.03597 0.0125 0.02935 0.01304 0.005833 0.06605 0.0008112 0.07524 0.02641 0.04066 0.05345 0.01682 0.01181 0.02091 0.02974 0.03867 0.06948 0.02774 0.004454 0.05404 0.00899 0.04045 0.02982 0.03719 0.02657  0.076 0.0307 0.01427 0.02707 0.006304  0.038 0.0209 0.02988 0.05085 0.0362 0.06967 0.07339 0.03079 0.02702 0.05264 0.04624 0.09668 0.0502 0.02318 0.06527 
0.05211 0.0378 0.05625 0.03229 0.02916 0.07311 0.05865 0.06861 0.03845 0.03206 0.04851 0.03547 0.07725 0.06767 0.07291 0.01311 0.04561 0.004418 0.05052 0.06892 0.04843 0.01611 0.02641 0.02058 0.0593 0.07723 0.03382 0.05544 0.04597 0.03082 0.0514 0.03786 0.07357 0.07273 0.07355 0.06618 0.05551 0.01608 0.03825 0.01282 0.007072 0.03872 0.03796 0.06255 0.02721 0.07202 0.00394 0.03545 0.02662 0.03728 
0.04251 0.03569 0.04969 0.05632 0.06373 0.05628 0.02779 0.05762 0.001902  0.057 0.05671 0.03706 0.02326 0.08798 0.05108 0.05755 0.06295 0.06595 0.008038 0.04975 0.02786 0.05091 0.0672 0.01991 0.06602 0.03372 0.004474  0.063 0.01362 0.03914 0.004655 0.03126 0.02604 0.04606 0.04853 0.01568 0.009748 0.07427 0.06871 0.0163 0.07413 0.006795 0.03885 0.01343 0.07139 0.00469 0.01789 0.04234 0.00429 0.04897 
0.04286 0.0681 0.04245 0.01974 0.0573 0.05292 0.03721 0.06718 0.05824 0.04206 0.0662 0.005922 0.06104 0.04034 0.07098 0.0675 0.04637 0.06038 0.03716 0.0688 0.009784 0.04363 0.08436 0.05296 0.05024 0.04315 0.04642 0.0615 0.04069 0.04941 0.03418 0.06599 0.004675 0.06516 0.02169 0.01079 0.0615 0.004873 0.02633 0.03399 0.05474 0.05659 0.06265 0.01667 0.01448 0.06811 0.01746 0.02953 0.05437 0.04789 
0.01819 0.03307 0.009916 0.02557 0.04767 0.01297 0.01397 0.01925 0.04747 0.01107 0.01436 0.04034 0.03247 0.01897 0.003025 0.03791 0.04133 0.05276 0.004725 0.05399 0.05717 0.03659 0.008757 0.04003 0.02366 0.03756 0.07078 0.0496 0.08633 0.009108 0.03799 0.06963  0.017 0.0367 0.03876 0.00265 0.05691 0.07427 0.05874 0.03736 0.01449 0.007575 0.03354 0.06557 0.0107 0.001014 0.07987 0.01087 0.01929 0.06732 
0.04204 0.0493 0.001303 0.05718 0.06227 0.01115 0.04955 0.07219 0.03951 0.01472 0.05203 0.007176 0.06489 0.05886 0.03658 0.02515 0.07623 0.04645 0.0402 0.04378 0.05888 0.04769 0.08307 0.02031 0.02766 0.02252 0.07798 0.03819 0.002221 0.02469 0.0768 0.0518 0.06098 0.02067 0.05426 0.06204 0.04923 0.08081 0.06597 0.07425 0.05021 0.004672 0.04739 0.0336 0.05725 0.02522 0.003493 0.04514 0.05827   0.05 
0.02673 0.03033 0.04467 0.04279 0.08002 0.02691 0.05733 0.001887 0.009903 0.07156 0.01548 0.06015 0.00177 0.01438 0.07494 0.06717 0.03554 0.002754 0.04135 0.008185 0.02389 0.06545 0.07646  0.045 0.03395 0.05991 0.04279 0.06984 0.0001029 0.06383 0.04591 0.02938 0.06083 0.01284 0.06157 0.06284 0.02805 0.009981 0.0127 0.04933 0.08163 0.08212 0.04947 0.07291 0.06899 0.01877 0.05039 0.03352 0.01991 0.05193 
0.08849 0.03887 0.03146 0.07923 0.02255 0.001143 0.01035 0.06064 0.02036 0.05854 0.05151 0.02741 0.007046 0.0628 0.02541 0.04317 0.06167 0.0488 0.06289 0.05813 0.05386 0.01178 0.04891 0.02618 0.06875 0.003722 0.06379 0.05459 0.04767  0.038 0.002952 0.06678 0.05255 0.02465 0.03961 0.05171 0.0626 0.01631 0.01911 0.07346 0.02738 0.01944 0.0411 0.06069 0.06584 0.08368 0.07676 0.05038 0.02641 0.01975 
0.03463 0.03386 0.07137 0.02955 0.0162 0.04299 0.002355 0.01197 0.07193 0.05895 0.05307 0.03767 0.02012 0.05164 0.02832 0.03041 0.03373 0.08195 0.03439 0.04537 0.04572 0.01657 0.01273 0.04449 0.05164 0.04162 0.003098 0.05299 0.07062 0.02048 0.06456 0.01363 0.01197 0.02491 0.006709 0.05477 0.01309 0.001391 0.01252 0.05894 0.0368 0.06753 0.03159 0.06423 0.05496 0.007911 0.07879 0.02894 0.05566 0.0609 
0.06128 0.01263 0.009042 0.05011 0.02313 0.02934 0.04176 0.00567 0.03853 0.04153 0.03226 0.03921 0.02326 0.02541 0.04189 0.05028 0.06334 0.07086 0.04928 0.02608 0.05946 0.05579 0.06297 0.06341 0.05936 0.01324 0.01125 0.009216 0.02181 0.04458 0.02708 0.008083 0.06235 0.03704 0.05211 0.003336 0.01534 0.02679 0.06454 0.06907 0.04133 0.01178 0.05392 0.02135 0.03095 0.06162 0.03149 0.01614 0.03097 0.008587 
0.03196 0.01358 0.04297 0.07117 0.01269 0.07468 0.05131 0.06622 0.03707 0.0523 0.06282 0.03934 0.02324 0.003056 0.02542 0.01675 0.0332 0.03348 0.07338 0.04611 0.05164 0.01929 0.008339 0.01835 0.05006 0.06604 0.002342 0.04313 0.08219 0.07733 0.02496 0.01114 0.001709 0.002808 0.02363 0.07398 0.06947 0.000691 0.04686 0.001887 0.004513 0.06552 0.03325 0.03011 0.003779 0.0688 0.02025 0.0004267 0.03273 0.02739 
 0.088 0.001769 0.01906 0.04308 0.01406 0.05862 0.05544 0.04197 0.02124 0.03158 0.05605 0.03115 0.02713 0.02191 0.01589 0.05489 0.02861 0.0693 0.05433 0.0351 0.02482 0.05119 0.04565 0.01476 0.004284 0.06165 0.06638 0.01589 0.05187 0.01306 0.04186 0.02515 0.01009 0.0378 0.07382 0.04739 0.03131 0.07147 0.02372 0.07111 0.04534 0.04467 0.01866 0.07242 0.0686 0.02941 0.05152 0.01122 0.04429 0.05406 
0.02015 0.03979 0.01369 0.01008 0.0684 0.009032 0.05067 0.04018 0.02388 0.05361 0.0141 0.08242 0.0579 0.05872 0.0536 0.03109 0.07244 0.07779 0.04867 0.0463 0.03126 0.0414 0.001592 0.0811 0.004851 0.01234 0.02654 0.002529 0.07538 0.04571 0.04674 0.06253 0.0858 0.004733  0.042 0.01104 0.04299 0.08253 0.03316 0.01835 0.03673 0.01959 0.06055 0.03459 0.01113 0.08206 0.003024 0.04526 0.01811 0.05838 
0.002286 0.04529 0.07212 0.06551 0.01936 0.02559 0.03677 0.01096 0.06899 0.05018 0.03113 0.05356 0.02615 0.02257 0.05425 0.04992 0.004106 0.06922 0.003276 0.04743 0.03999 0.06357 0.01065 0.06001 0.01548 0.06836 0.0743 0.07326 0.0003925 0.05623 0.0515 0.0506 0.02307 0.08301 0.0109 0.06072 0.05447 0.0746 0.0341 0.01231 0.01519 0.03402 0.01563 0.02041 0.01004 0.06724 0.04407 0.01324 0.05331 0.03558 
0.0416 0.04665 0.009606 0.03576 0.00572 0.0483 0.03255 0.005177 0.06072 0.004081 0.005534 0.004945 0.0744 0.04179 0.002528 0.03706 0.03949 0.02752 0.04494 0.06566 0.04789 0.04361 0.00857 0.05352 0.03892 0.02347 0.0755 0.0277 0.05833 0.05551 0.04441 0.01817 0.08606 0.08355 0.07089 0.04875 0.04997 0.02491 0.02608 0.07338 0.009477 0.01359 0.02607 0.05717 0.0511 0.03955 0.05984 0.03606 0.06483 0.06986 
0.01403 0.003598 0.06237 0.03468 0.01713 0.03792 0.06816 0.01612 0.06187 0.05976 0.01252 0.01491 0.05061 0.07266 0.04931 0.03833 0.06601 0.05615 0.03701 0.005492 0.05654 0.05933 0.01259 0.05326 0.006656 0.05816 0.07691 0.0704 0.02328 0.06978 0.001912  0.054 0.04581 0.0506 0.004442 0.0457 0.03204 0.05847 0.02989 0.0354 0.01113 0.03667 0.02706 0.04309 0.06757 0.03521 0.007256 0.07772 0.04884 0.04649 
0.002801 0.06924 0.02642 0.01176 0.07848 0.01431 0.02427 0.02666 0.06902  0.022 0.0424 0.03155 0.01703 0.02784 0.05528   0.06 0.03624 0.00939 0.01372 0.04796 0.0435 0.0544 0.02807 0.03505 0.04421 0.04052 0.03702 0.03106 0.0654 0.002548 0.03513 0.0587 0.03957 0.06822 0.02428 0.04013 0.04445 0.00494 0.06192 0.006215 0.07795 0.03549 0.03435 0.03938 0.05323 0.0009353 0.0701 0.06974 0.06059 0.006676 
0.04608 0.05578 0.00827 0.0179 0.02569 0.01662 0.03984 0.0442 0.0568 0.008334 0.02374 0.04173 0.07854 0.01646 0.005934 0.01464 0.04434 0.07065 0.06727 0.04579 0.03858 0.02062 0.06978 0.0708 0.04897 0.0597 0.01575 0.01208 0.03041 0.004853 0.01775 0.04118 0.02225 0.02576 0.01771 0.0658 0.01207 0.06913 0.02183 0.06582 0.04499 0.02611 0.06572 0.02689 0.0401 0.03261 0.08964 0.08316 0.04626 0.04863 
0.09306 0.05059 0.0277 0.03061 0.04445 0.01406 0.04172 0.06452 0.05299 0.06695 0.05987 0.0739 0.04771 0.05004 0.07403 0.04138 0.03809 0.04883 0.01152 0.03184 0.0599 0.05464 0.08483 0.005133 0.02708 0.01598 0.01129 0.01919 0.01335 0.04221 0.05569 0.01202 0.07831 0.008262 0.06723 0.02709 0.04683 0.03166 0.04896 0.00201 0.007392 0.07831 0.06241 0.0003496 0.01039 0.003833 0.005018 0.0722 0.04183 0.04251 
0.01937 0.06149 0.06719 0.05083 0.08408  0.078 0.02573 0.07337 0.000872 0.04405 0.05389 0.02347 0.01172 0.01971 0.05948 0.01478 0.01014 0.02333 0.03456 0.01531 0.004877 0.0143 0.03199 0.03544 0.05009 0.06523 0.03924 0.02294 0.03235 0.02922 0.05197 0.01817 0.03514 0.07716 0.0676 0.06954 0.01789 0.06395 0.05506 0.06793 0.06787 0.02047 0.05206 0.02193 0.04531 0.07194 0.00724 0.01696 0.06015 0.02601 
0.01235 0.03387 0.02801 0.05604 0.04459 0.04032 0.07131 0.04227 0.02797 0.04729 0.0005453 0.04775 0.02709 0.01744 0.04276 0.05167 0.02038 0.008114 0.07157 0.04734 0.01208 0.06168 0.07933 0.0535 0.03213 0.06823 0.0053 0.01427 0.001144 0.04292 0.03369 0.01479 0.008193 0.03097 0.0669 0.02455 0.03722 0.0302 0.06691 0.06152 0.03909 0.08298 0.01981 0.06556 0.04485 0.005171 0.03806 0.0275 0.04942 0.001348 
0.01462 0.01834 0.07247 0.02805 0.04856 0.07886 0.0367 0.0691 0.06982 0.008797 0.05579 0.08188 0.02923 0.02783 0.06864 0.04936 0.03633 0.01921 0.04462 0.004139 0.04656 0.04284 0.05579 0.06421 0.0635 0.01254 0.07075 0.008565 0.0007992 0.0563 0.07141 0.05968 0.02991 0.05862 0.01823 0.05405 0.04088 0.02005 0.03669 0.0295 0.07463 0.004675 0.02731 0.02442 0.06062 0.01478 0.01873 0.07109 0.01026 0.06518 
0.01669 0.05347 0.05854 0.05759 0.01908 0.0181 0.06509 0.06213 0.03808 0.01793 0.01155 0.07701 0.04739 0.05834 0.004767 0.04573 0.01536 0.01178 0.01899 0.05313 0.03283 0.03081 0.007498 0.05268 0.00115 0.05592 0.01331 0.06939 0.03484 0.02716 0.04618 0.07434 0.07007 0.03181 0.02786 0.000393 0.05209 0.06215 0.02766 0.05013 0.01601 0.0718 0.03559 0.07301 0.06451 0.08442 0.00649 0.005681 0.05503 0.01544 
0.05718 0.06997 0.05007 0.01746 0.03171 0.07848 0.03631 0.0111 0.02805 0.07514 0.04238 0.04468 0.05751 0.0334 0.02221 0.03153 0.05269 0.01605 0.05797 0.05108 0.05582 0.02451 0.04557 0.03813 0.05636 0.05016 0.03275 0.03228 0.07953 0.0784 0.02004 0.02748 0.07472 0.01461 0.03891 0.02668 0.02391 0.0001096 0.05799 0.0261 0.03573 0.04873 0.05526 0.05183 0.008675 0.0292 0.03357 0.06722 0.06375 0.006321 
0.05442 0.04866 0.0706 0.04966 0.04328 0.06431 0.05269 0.03169 0.04329 0.06467 0.07154 0.06049 0.03801 0.07377 0.0201 0.01715 0.01898 0.01305 0.0687 0.004563 0.02998 0.0038 0.01115 0.02672 0.06161 3.615e-05 0.05775 0.07312 0.08452 0.05215 0.03525 0.06694 0.005053 0.05426 0.04251 0.0362 0.07151 0.0705 0.01147 0.01661 0.05652 0.04878 0.03902 0.0007955 0.005692 0.04559 0.08844 0.05998 0.03163 0.03825 

==============================
P(At|At-1,Dt-1 = 0): 
     0 0.01436 0.03597 0.03818 0.009527 0.01946 0.02717 0.008973 0.01832 0.02445 0.00705 0.0241 0.03755 0.004936 0.009023 0.01168 0.0006223 0.03853 0.03097 0.03825 0.01824 0.03513 0.004652 0.02379 0.01175 0.0009866 0.006953 0.01429 0.02647 0.04254 0.03204 0.03028 0.005317 0.03478 0.0125 0.01691 0.02268 0.03469 0.01859 0.001383 0.02559 0.02144 0.0153 0.01268 0.00931 0.02938 0.01145 0.008547 0.03096 0.02026 
0.00657      0 0.007602 0.04197 0.009692 0.02547 0.02191 0.01628 0.03573 0.005732 0.005471 0.03294 0.01709 0.02967 0.01248 0.03569 0.0118 0.03688 0.03536 0.0009684 0.01065 0.01713 0.004435 0.03628 0.01195 0.0241 0.0223 0.00298 0.01181 0.01411 0.005062 0.0272 0.009594 0.03143 0.03013 0.01902 0.004986 0.02288 0.02113 0.01507 0.003461 0.03289 0.02703 0.02423 0.03612 0.03736 0.001542 0.03894 0.01482 0.02384 
0.03156 0.03796      0 0.01694 0.04344  0.032 0.005567 0.001413 0.01439 0.0146 0.03217 0.03084 0.01334 0.009784 0.007376 0.01534 0.03685 0.01552 0.04161 0.02369 0.008914 0.009448 0.004706 0.02188 0.008713 0.0137 0.001418 0.01632 0.0221   0.02 0.0006825 0.03162 0.02114 0.02354 0.00519 0.01315 0.02278 0.02226 0.02012 0.007104 0.009231 0.02505 0.00301 0.01592 0.008403 0.02059 0.01724 0.02062 0.006952 0.02499 
0.03463 0.003604 0.01431      0 0.03074 0.007902 0.01816 0.03965 0.02755 0.005789 0.04027 0.03343 0.02221 0.002804 0.01207 0.0004798 0.03235 0.02973 0.01617 0.03543 0.01398 0.001693 0.02324 0.01892 0.005511 0.0221 0.03338 0.02952 0.01398 0.02355 0.01459 0.02304 0.01935 0.01098 0.003179 0.01793 0.01899 0.03032 0.02482 0.001389 0.01287 0.02937 0.005186 0.02226 0.001416 0.01712 0.006565 0.03987 0.02006 0.0167 
0.03037 0.02991 0.007252 0.008796      0 0.03492 0.04202 0.01928 0.0223 0.01396 0.006809 0.003497 0.03354 0.01436 0.005349 0.005309 0.003786 0.01597 0.02482 0.02331 0.01542 0.004746 0.03483 0.002634 0.03779 0.01692 0.02439 0.01146 0.01165 0.0346 0.03257 0.02295 0.03704 0.03742 0.03296 0.02632 0.01083 0.009662 0.0307 0.0349 0.0164 0.005738 0.007367 0.01838 0.03461 0.03236 0.008381 0.02378 0.02578 0.0007191 
0.001712 0.01491 0.00737 0.01595 0.02254      0 0.0161 0.03319 0.002853 0.01891 0.02086 0.03128 0.03084 0.01714 0.02536 0.02513 0.001583 0.01866 0.02981 0.0287 0.01763 0.01936 0.02096 0.02418 0.02682 0.02649 0.01663 0.02759 0.01579 0.01821 0.02514 0.0003621 0.0296 0.03417 0.03286 0.03028 0.03952 0.0233 0.02228 0.0387 0.004269 0.04202 0.01244 0.02706 0.00497 0.02767 0.02677 0.006553 0.01369 0.01923 
0.0072 0.00352 0.03201 0.04085 0.007119 0.03844      0 0.004488 0.01279 0.02221 0.0008212 0.01841 0.02592 0.02011 0.03055 0.02192 0.03466 0.009727 0.008102 0.02871 0.02223 0.02729 0.01485 0.01496 0.03172 0.02659 0.02639 0.003766 0.04177 0.04018 0.01073 0.02107 0.009221  0.038 0.008529 0.02729 0.008555 0.002613 0.01286 0.02315 0.02869 0.03579 0.03412 0.03552 0.0313 0.01372 0.02612 0.03813 0.04031 0.01084 
0.02954 0.03887 0.0277 0.01941 0.04035 0.04046 0.002059      0 0.02089 0.02235 0.004309 0.02846 0.03774 0.02935 0.02043 0.01004 0.02112 0.02448 0.04494 0.01519 0.03927 0.01258 0.0003191 0.009478 0.02113 0.01443 0.01501 0.006494 0.0319 0.005328 0.005335 0.03195 0.003366 0.0362 0.01846 0.03508 0.01004 0.00192 0.01713 0.01472 0.03342 0.001474 0.02853 0.01175 0.0302 0.03528 0.02141 0.03284 0.03571 0.02516 
0.0115 0.02687 0.0221 0.01667 0.04078 0.02128 0.007605 0.04084      0 0.03143 0.03201 0.02608 0.008372 0.03735 0.02264 0.01577 0.03212 0.0005968 0.0001247 0.00618 0.005053 0.0005008 0.03189 0.02785 0.03237 0.04027 0.04098 0.03477 0.01889 0.03853 0.03403 0.0169 0.03049 0.03123 0.02002 0.01299 0.0382 0.03033 0.01442 0.0364 0.02831 0.003064 0.03928 0.02065 0.0183 0.02553 0.01948 0.03384 0.03822 0.02873 
0.03159 0.03289 0.02545 0.02099 0.03038 0.01409 0.02974 0.003867 0.04213      0 0.04437 0.03085 0.03489 0.02801 0.04408 0.006929 0.01195 0.01713 0.008934 0.00631 0.007779 0.02534 0.03472 0.03213 0.01034 0.01403 0.02893 0.02963 0.03582 0.02877 0.02934 0.01266 0.02669 0.02483 0.02321 0.02472 0.02985 0.03107 0.01139 0.02541 0.02984 0.003591 0.03034 0.02598 0.01524 0.00234 0.0007805 0.01056 0.03845 0.01366 
0.004697 0.0382 0.01074 0.003742 0.001244 0.008253 0.0126 0.01577 0.02687 0.01985      0 0.02826 0.03398 0.03226 0.009154 0.0303 0.01983 0.01607 0.02137 0.01853 0.02027 0.007393 0.0353   0.02 0.02742 0.02825 0.008065 0.02927 0.02123 0.01906 0.02318 0.003186 0.03513 0.03054 0.02083 0.03287 0.02055 0.03433 0.01867 0.01874 0.02951 0.01367 0.00168 0.03137 0.008481 0.03453 0.03497 0.005995 0.0009343 0.03201 
0.03393 0.02505 0.01279 0.02113 0.04415 0.003357 0.0179 0.02165 0.0326 0.01973 0.04513      0 0.03382 0.03392 0.03875 0.03151 0.007448 0.006023 0.02541 0.001403 0.01349 0.02025 0.03284 0.01647 0.03354 0.001102 0.03399 0.03297 0.02337 0.006058 0.009273 0.03348 0.01528 0.01218 0.01932 0.02551 0.01828 0.03142 0.004398 0.03547 0.0004955 0.006898 0.0392 0.02738 0.03459 0.006926 0.01275 0.03462 0.01868 0.02664 
0.008218 0.001131 0.03498 0.0341 0.02977 0.006943 0.02258 0.0001661 0.01093 0.02769 0.02347 0.00527      0 0.001906 0.01384 0.01901 0.0005003 0.03102 0.0116 0.0291 0.04027 0.03607 0.006485 0.03412 0.003435 0.03628 0.0124 0.03419 0.03145 0.0008134 0.03105 0.01664 0.009685 0.02946 0.03342 0.02823 0.01239 0.004471 0.006156 0.007147 0.02338 0.002256 0.03916 0.02983 0.0232 0.01761 0.02573  0.039 0.02865 0.02017 
0.00192 0.01967 0.002421 0.006622 0.004148 0.02685 0.03264 0.03977 0.008409 0.02104 0.03688 0.02651 0.01187      0 0.02977 0.003402 0.03609 0.01362 0.0454 0.03012 0.03792 0.0182 0.02001 0.003043 0.03806 0.01411 0.02143 0.03497 0.01154 0.01615 0.009142 0.03343 0.02808 0.03682 0.0005796 0.02044 0.02865 0.005425 0.03662 0.03189 0.02788 0.04187 0.003743 0.03308 0.03831 0.01363 0.03212 0.01553 0.03567 0.02526 
0.02112 0.00729 0.01378 0.01342  0.013 0.03218 0.01007 0.01895 0.01009 0.03556 0.03145 0.03361 0.01959 0.01633      0 0.02456 0.02036 0.01606 0.02038 0.01805 0.04275 0.03379 0.0178 0.01343 0.02762 0.03873 0.02561 0.01519 0.01636 0.0007644 0.02937 0.01972 0.01539 0.0018 0.007539 0.002498 0.03648 0.02846 0.02403 0.03636 0.0002407 0.02967 0.005682 0.01062 0.03141 0.01805 0.03655 0.02364 0.005159 0.03152 
0.03221 0.02438 0.03861 0.04354 0.03535 0.02062 0.02646 0.04127 0.02195 0.03722 0.01765 0.03144 0.03515 0.02282 0.002836      0 0.00383 0.04147 0.002523 0.01149 0.008398 0.01643 0.03078 0.001209 0.002977 0.01036 0.0001947 0.01087 0.03191 0.02082 0.01442 0.01695 0.02047 0.01399 0.02119 0.02128 0.01786 0.0182 0.004279 0.03152 0.02089 0.03031 0.01517 0.007011 0.03363 0.0008721 0.0318 0.01765 0.01345 0.005751 
0.02948 0.01502 0.005336 0.01751 0.009029 0.01135 0.03037 0.009786 0.02616 0.02348 0.003191 0.006762 0.02028 0.0005147 0.02237 0.01991      0 0.02612 0.03178 0.005702 0.0354 0.03456 0.01312 0.001678 0.03716 0.003269 0.03177 0.02889 0.0209 0.005814 0.002948 0.0005288 0.006025 0.009737 0.02695 0.007379 0.03111 0.02772 0.02684 0.03238 0.03355 0.01001 0.005556 0.01345 0.02565 0.00631  0.015 0.004299 0.01153 0.0139 
0.03289 0.02512 0.03099 0.02934 0.001149 0.02637 0.009257 0.01542 0.004223 0.02849 0.03046 0.005266 0.0258 0.03182 0.02954 0.01891 0.02854      0 0.01085 0.01978 0.02654 0.01446 0.03217 0.02337 0.03793 0.01193 0.008704 0.03548 0.02817 0.03731 0.03218 0.01002 0.0368 0.002887 0.01914 0.01918 0.02282 0.02129 0.02049 0.02429 0.002309 0.0335 0.02083 0.03562 0.02821 0.02925 0.03208 0.03479 0.009243 0.01333 
0.01462 0.03362 0.002728 0.03412 0.006071 0.03564 0.02069 0.01103 0.01718 0.01676 0.02087 0.01627 0.004269 0.01967 0.01783 0.0397 0.02029 0.009741      0 0.01463 0.01016 0.005156 0.02191 0.01861 0.01532 0.01275 0.008359 0.0105 0.03819 0.04228 0.02833 0.02988 0.02147 0.01832 0.03482 0.03521 0.004239 0.02684 0.03639 0.03588 0.01529 0.03406 0.02971 0.01463 0.04104 0.01959 0.001554 0.01091 0.02245 0.03091 
  0.02 0.02981 0.03884 0.02713 0.01608 0.00841 0.03747 0.0005561 0.04106 0.0003411 0.007066 0.0316 0.02303 0.01344 0.01213 0.02849 0.0354 0.04049 0.01168      0 0.03422 0.01672 0.02749 0.02049 0.02274 0.02619 0.03257 0.01395 0.01416 0.008662 0.03208 0.007683 0.004939 0.002885 0.03585 0.004377 0.01628 0.03293 0.03921 0.001096 0.02083 0.007208 0.02591 0.01964 0.0006048 0.02637 0.008123 0.0203 0.01899 0.003449 
0.02354 0.0149 0.02678 0.007867 0.03178 0.03339 0.04228 0.002954 0.02751 0.02083 0.00341 0.006606 0.01062 0.02124 0.02813 0.01867 0.01506 0.006072 0.003977 0.005585      0 0.01518 0.02605 0.01027 0.0322 0.02449 0.01106 0.01027 0.01252 0.03258 0.02192 0.02405 0.02015 0.03692 0.02903 0.03585 0.0135 0.02323 0.01386 0.009226 0.03317 0.01628 0.004491 0.01595 0.00959 0.02597 0.02702 0.01254 0.01069 0.02602 
0.005627 0.0273 0.00423 0.0008625 0.004406 0.02284 0.03327 0.01588 0.0331 0.008423 0.03616 0.02323 0.004378 0.03226 0.0193 0.0007553 0.006106 0.01681 0.02589 0.0299 0.005603      0 0.03466 0.02476 0.003016 0.02914 0.03404 0.0178 0.02618 0.002455 0.03394 0.02595 0.009011 0.01842 0.02644 0.03185 0.01041 0.02576 0.04054 0.03764 0.0371 0.01592 0.0152 0.01108 0.01377 0.02958 0.02461 0.004406 0.03781 0.01474 
0.03068 0.00209 0.0164 0.008742 0.02301 0.0216 0.006887 0.0235 0.003382 0.007189 0.008368 0.01563 0.03315 0.02709 0.01686 0.02047 0.03227 0.02231 0.01214 0.02486 0.02464 0.03814      0 0.02287 0.0341 0.006044 0.04087 0.0361 0.007728 0.02272 0.02165 0.003631 0.03264 0.02156 0.005686 0.002086 0.01872 0.008788 0.03121 0.02551 0.02161 0.03402 0.004087 0.02788 0.01029 0.01328 0.03421 0.02575 0.03916 0.02006 
0.01448 0.03195 0.02336 0.02429 0.006082 0.02363 0.02652 0.009909 0.02032 0.0374 0.01013 0.02783 0.0254  0.033 0.002318 0.02771 0.006243 0.004233 0.001461 0.03637 0.005523 0.01197 0.01638      0 0.007148 0.01465 0.0162 0.003825 0.008984 0.005246 0.01476 0.02766 0.03491 0.03968 0.03087 0.02998 0.02313 0.003377 0.003826 0.0203 0.0188 0.01537 0.03377 0.02819 0.0194 0.007886 0.01812 0.0002404 0.008719 0.02525 
0.02852 0.02878 0.02589 0.01373 0.02889 0.01354 0.01381 0.0248 0.002813 0.0292 0.02698 0.02121 0.005472 0.03807 0.02337 0.002969 0.03256 0.02435 0.02921 0.02876 0.009416 0.03628 0.02723 0.02245      0 0.02624 0.03687 0.02032 0.03415 0.02838 0.009531 0.03652 0.0222 0.03262 0.001874 0.01015 0.03432 0.02712 0.01546 0.02478 0.02051 0.02371 0.04145 0.01807 0.007135 0.02507 0.03578 0.01043 0.006545 0.02965 
0.006516 0.001414 0.01105 0.008921 0.02506 0.01745 0.02536 0.03751 0.01838 0.009625 0.02996 0.01472 0.02962 0.02448 0.02872 0.003256 0.03215 0.004381 0.02742 0.004709 0.02021 0.03113 0.03461 0.0164 0.03314      0 0.02175 0.01156 0.004604 0.007184 0.02853 0.02833 0.01294 0.02142 0.02342 0.0006729 0.001152 0.02473 0.01807 0.01981 0.03773 0.0174 0.02649 0.01389 0.03938 0.02456 0.005291 0.04365 0.01843 0.02975 
0.03513 0.01991 0.03032 0.02208 0.02783 0.03837 0.03166 0.02733 0.02309 0.004162 0.01034 0.01607 0.01477 0.01784 0.04382 0.02478 0.01847 0.02498 0.008719 0.03488 0.02116 0.03649 0.009116 0.02654 0.02004 0.01985      0 0.0057 0.02868 0.002724 0.03198 0.007727 0.03773 0.01305 0.01607 0.01312 0.02949 0.02456 0.04195 0.02436 0.002711 0.04129 0.01266 0.03235 0.01507 0.03544 0.008103 0.03283 0.0103 0.03175 
0.03059 0.03683 0.01531 0.02693 0.03708 0.03676 0.03648 0.02115 0.03625 0.03919 0.02102 0.03257 0.01195 0.02998 0.03455 0.01641 0.02951 0.02005 0.03139 0.002642 0.008358 0.02411 0.0326 0.03592 0.02049 0.02908 0.01715      0 0.008253 0.02467 0.03284 0.006547 0.02585 0.03424 0.0004843 0.02341 0.009296 0.007956 0.0332 0.004423 0.006506 0.02976 0.03543 0.006223 0.003567 0.0228 0.0352 0.003913 0.01075 0.02952 
0.0293 0.009841 0.03167 0.03571 0.02408 0.03914 0.002602 0.02705 0.01658 0.02603 0.03338 0.0317 0.03269 0.0103 0.04098 0.01664 0.03223 0.03423 0.01417 5.396e-05 0.00519 0.01432 0.01191 0.0195 0.01446 0.003947 0.0007747 0.01219      0 0.006376 0.005743 0.03407 0.006788 0.002494 0.005383 0.01339 0.03137 0.03213 0.02363 0.009424  0.031 0.0322 0.03886 0.01435 0.04024 0.02042 0.01298 0.003035 0.04005 0.01383 
0.01443 0.03655 0.03043 0.02721 0.004657 0.02392 0.02569 0.03187 0.03507 0.01842 0.0008581 0.02104 0.03474 0.01621 0.02085 0.02146 0.01524 0.02406 0.01946 0.01229 0.02919 0.01593 0.00646 0.02845 0.0364 0.002425 0.03694 0.02091 0.02286      0 0.006206 0.01009 0.008951 0.008384 0.02247 0.01899 0.02724 0.01637 0.02693 0.0006956 0.0289 0.006112 0.002742 0.02378 0.01072 0.02254 0.007865 0.03486 0.0226 0.02494 
0.002441 0.006029 0.03867 0.01793 0.03127 0.007905 0.01756 0.01381 0.01093 0.002644 0.02624 0.03055 0.01034 0.03173 0.02672 0.002973 0.02135 0.008831 0.01741 0.01588 0.04278 0.02801 0.01546 0.03617 0.02759 0.03474 0.01537 0.006932 0.01064 0.008885      0 0.007086 0.02795 0.01161 0.03395 0.03696 0.006531 0.01975 0.003854 0.03295 0.02862 0.03539 0.03027 0.007442 0.00204 0.01093 0.01068 0.0001968 0.03427 0.01344 
0.02172 0.009121 0.004007 0.02083 0.03772 0.02871 0.01751 0.02301 0.002142 0.01998 0.02581 0.01122 0.03244 0.02895 0.02881 0.02266 0.01972 0.01807 0.02851 0.01145 0.02839 0.02465 0.02708 0.02322 0.03904 0.003822 0.0004853 0.008077 0.03045 7.96e-06 0.02175      0 0.02108 0.02994 0.02322 0.02659 0.01004 0.02228 0.02855 0.01963 0.02746 0.01341 0.03333 0.01766 0.004028 0.0178 0.02147 0.009447 0.01317 0.02129 
0.03525 0.03317 0.01308 0.000323 0.01733 0.01516 0.01578 0.03197 0.03865 0.02168 0.000458 0.02682 0.002515  0.027 0.01108 0.03301 0.01114 0.01815 0.0358  0.026 0.009782 0.02233 0.03263 0.009968 0.03819 0.008688 0.02054 0.02125 0.0136 0.03577 0.0188 0.03413      0 0.0233 0.03345 0.03238 0.03918 0.02405 0.00131 0.02043 0.01454 0.02306 0.003266 0.02866 0.01836 0.02293 0.002918 0.01202 0.009514 0.006268 
0.01553 0.03105 2.503e-05 0.0193 3.32e-06 0.007645 0.01026 0.006359 0.02997 0.01227 0.02129 0.01223 0.02408 0.01487 0.006025 0.01177 0.03514 0.03653 0.02714 0.01043 0.03577 0.03171 0.01787  0.022 0.003654 0.03339 0.01817 0.03415 0.001594 0.03988 0.02225 0.007112 0.02115      0 0.02693 0.01578  0.031 0.002517 0.02374 0.009015 0.00136 0.002775 0.01942 0.03089 0.02552 0.02854 0.02765 0.03092 0.02936 0.005568 
0.00564 0.02777 0.0204 0.007089 0.0007505 0.01754 0.02147 0.03843 0.02891 0.01421 0.01582 0.01083 0.03336 0.007264 0.01173 0.02559 0.01537 0.03132 0.02973 0.0395 0.0161 0.005698 0.01334 0.0232 0.0146 0.0287 0.03493 0.02631 0.03438 0.01946 0.03407 0.02652 0.03701 0.01049      0 0.01719 0.03406 0.03429 0.04216 0.007269 0.03598 0.01142 0.02853 0.02649 0.006503 0.01317 0.02534 0.03542 0.005566 0.03067 
0.03154 0.03364 0.03967 0.02074 0.01196 0.03398 0.04137 0.03091 0.03215 0.02939 0.01635 0.02811 0.004432 0.01794 0.01075 0.005477 0.03467 0.01663 0.0269 0.02696 0.03013 0.01037 0.02747 0.03323 0.02089 0.01979 0.02052 0.03328 0.001919 0.01616 0.02797 0.02857 0.0269 0.006926 0.01314      0 0.01485 0.00216 0.01129 0.03674 4.515e-05 0.01517 0.003497 0.01353 0.01889 0.03526 0.02644 0.02898 0.02381 0.03159 
0.005822 0.005144 0.0009849 0.03609 0.04345 0.01066 0.01937 0.03814 0.001304 0.03144 0.02053 0.01823 0.03498 0.03296 0.01158 0.03356 0.01844 0.00698 0.007263 0.02673 0.02787 0.01458 0.006756 0.02246 0.003176 0.03779 0.004598 0.02793 0.0126 0.01611 0.03142 0.01018 0.03668 0.009776 0.03369 0.003395      0 0.009851 0.01399 0.03767 0.0368 0.002291 0.03917 0.02057  0.023 0.005352 0.02393 0.02063 0.0277 0.03019 
6.174e-05 0.006407 0.02048 0.02419 0.01847 0.02821 0.04129 0.02556 0.02622 0.02356 0.01815 0.01263 0.02296 0.006107 0.009493 0.03275 0.0156 0.02272 0.001923 0.03162 0.001094 0.004012 0.01698 0.03442 0.02776 0.0172 0.03243 0.01671 0.01287 0.01271 0.01924 0.01104 0.03414 0.003718 0.01483 0.01783 0.01734      0 0.04249 0.02216 0.01379 0.01892 0.005046 0.01158 0.03562 0.01321 0.01468 0.03354 0.03802 0.009668 
0.03074 0.008003 0.01705 0.001828 0.00691 0.007508 0.001843 0.02626 0.02185 0.01161 0.02954 0.0222 0.001711 0.0008383 0.03653 0.02991 0.02665 0.0008493 0.006253 0.00278 0.01286 0.02878 0.02069 0.009328 0.01367 0.02772 0.03831 0.004458 0.02271 0.03688 0.01076 0.03596 0.02202 0.03491 0.0005851 0.03443 0.02627 0.02861      0 0.02489 0.009074 0.02397 0.02923 0.03763 0.009925 0.02079 0.02114 0.02591 0.03197 0.02972 
0.03464 0.02112 0.03389 0.01237 0.01405 0.01833 0.02335 0.01502 0.02414 0.02657 0.03327 0.006739 0.001318 0.03276 0.02152 0.03643 0.03203 0.005046 0.0129 0.009745 0.03913 0.01269 0.03052 0.00723 0.004425 0.04035 0.03507 0.0353 0.00509 0.0431 0.01527 0.007983 0.02707 0.03592 0.0032 0.01655 0.02728 0.006151 0.009335      0 0.01464 0.04138 0.03352 0.01704 0.01503 0.03567 0.01236 0.03262 0.00591 0.01702 
0.02566 0.03482 0.02944 0.002331 0.007636 0.004065 0.03703 0.03718 0.02452 0.0157 0.01129 0.02542 0.004817 0.01429 0.003694 0.01794 0.007275 0.02659 0.03454 0.02043 0.02844 0.02318 0.02391 0.01619 0.03712 0.01271 0.006352 0.02242 0.03368 0.009464 0.00915 0.01424 0.03202 0.02824 0.02567 0.0115 0.03806 0.0009119 0.02419 0.01165      0 0.00385 0.02161 0.01092 0.01874 0.02552 0.007468 0.02705 0.03067 0.02759 
0.02563 0.02333 0.00172 0.01554 0.01724 0.01277 0.01267 0.01108 0.008878 0.02144 0.03263 0.009131 0.03285 0.008959 0.002613 0.02805 0.03303 0.02033 0.01894 0.03468 0.01305 0.03472 0.006887  0.032 0.008171 0.03051 0.003332 0.01244 0.02128 0.02941 0.00491 0.02498 0.02612 0.009655 0.0327 0.009037 0.02034 0.03298 0.01498 0.03591 0.01774      0 0.02322 0.02604 0.03698 0.008254 0.03408 0.01253 0.01647 0.008753 
0.01956 0.01293 0.03132 0.006205 0.03061 0.03054 0.002662 0.004392 0.03497 0.02533 0.009182 0.008271 0.01989 0.03286 0.03002 0.02687 0.02351 0.04171 0.006647 0.03996 0.0251 0.01121 0.03324 0.01271 0.0003864 0.03165 0.02575 0.01101 0.009655 0.01946 0.02639  0.014 0.006166 0.02515 0.03018 0.0348 0.0178 0.01358 0.00186 0.0007994 0.02302 0.00986      0 0.01814 0.01169 0.02462 0.01792 0.005389 0.01464 0.03023 
0.02141 0.02721 0.007498 0.01591 0.03372 0.01627 0.02512 0.01364 0.01346 0.02702 0.02061 0.01814 0.007143 0.00423 0.005504 0.01617 0.01686 0.02763 0.0335 0.02443 0.01601 0.02887 0.02132 0.003922 0.03423 0.007815 0.003973 0.01895 0.0352 0.01823 0.02095 0.02556 0.005329 0.01272 0.01764 0.01268 0.003873 0.004622 0.03842 0.006707 0.02179 0.002736 0.03997      0 0.01331 0.02556 0.02221 0.02104 0.03635 0.01667 
0.003772 0.002995 0.02442 0.008936 0.00622 0.0186 0.008067 0.02205 0.01871 0.02572 0.0308 0.02812 0.003164 0.01026 0.02307 0.03614 0.02493 0.04077 0.03055 0.0009286 0.007305 0.01855 0.02328 0.0279 0.02674 0.02393 0.00137 0.03175 0.004804 0.03739 0.007492 0.03649 0.01312 0.01846 0.009995 0.03216 0.01799 0.02887 0.01059 0.02163 0.02526 0.0215 0.00232 0.01116      0 0.002598 0.02732 0.02212 0.01849 0.01544 
0.02449 0.0114 0.02456 0.01288 0.01145 0.0003858 0.01251 0.007598 0.007776 0.00821 0.009192 0.0147 0.0105 0.03262 0.02864 0.03423 0.004516 0.03693  0.029 0.03628 0.00179 0.01615 0.01337 0.03269 0.006767 0.002573 0.01326 0.03554 0.04232 0.02219 0.01615 0.02502 0.03085 0.006675 0.01689 0.03442 0.03282 0.03002 0.001468 0.004197 0.03563 0.009971 0.01219 0.02923 0.02381      0 0.03123 0.009985 0.006746 0.008637 
0.02936 0.02352 0.03471 0.03314  0.045 0.00732 0.009956 0.02271 0.01118 0.03744 0.03646 0.02178 0.00382 0.01235 0.01051 0.00933 0.02715 0.02954 0.02477 0.03154 0.04244 0.03222 0.01168 0.006881 0.006962 0.02876 0.02643 0.03189 0.03211 0.01011 0.02734 0.02609 0.0001883 0.009279 0.02556 0.01249 0.01659 0.02689 0.005842 0.001558 0.0217 0.04201 0.04084  0.027 0.0335 0.01893      0 0.02547 0.01392   0.02 
0.02803 0.006872 0.03521 0.03492 0.03244 0.00353 0.02668 0.0123 0.003101 0.01876 0.003049 0.006258 0.03383 0.02844 0.04454 0.02243 0.003925 0.003495 0.0115 0.02037 0.02527 0.02042 0.001143 0.02457 0.0353 0.02815 0.02394 0.02045 0.02196 0.03145 0.02016 0.009259 0.009023 0.001759 0.02774 0.01004 0.0241 0.03112 0.01065 0.01286 0.03912 0.02583 0.01203 0.02267 0.02363 0.0227 0.03705      0 0.002037 0.03064 
0.003566 0.008372 0.006274 0.04395 0.01971 0.0278 0.001598 0.04051 0.03169 0.0181 0.001436 0.02284 0.03284 0.02751 0.03472 0.01988 0.02163 0.01852 0.003372 0.03023 0.02671 0.01854 0.01561 0.01882 0.003191 0.005649 0.02755 0.01958 0.02018 0.01909 0.03143 0.03264 0.001209 0.01218 0.03605 0.01947 0.003482 0.02441 0.01618 0.0367 0.01572 0.02041 0.003211 0.01118 0.03569 0.002726 0.02779 0.002297      0 0.01404 
0.03256 0.03538 0.03013 0.03876 0.006628 0.01845 0.01899 0.01474 0.01653 0.01887 0.04698 0.01031 0.01095 0.0114 0.01798 0.03765 0.02811 2.189e-05 0.01767 0.02448 0.0121 0.03351 0.02923 0.03144 0.002831 0.0376 0.03248 0.01978 0.01154 0.01837 0.02587 0.02905 0.02569 0.01934 0.02617 0.02216 0.004712 0.02279 0.03991 0.02809 0.01322 0.0341 0.01491 0.003365 0.01955 0.02338 0.02872 0.01234 0.006616      0 

================================
P(Ot|At = ): 
 0.02409  0.04872 0.005651  0.03617  0.01041  0.03364 0.009362  0.01098  0.01477  0.02651  0.03605  0.04323   0.0233  0.03958  0.05765  0.04763  0.03446  0.03031  0.01975  0.03622 0.009885  0.03521  0.01334  0.03691  0.01284 0.001128 0.002897  0.02078 0.0007371  0.03063  0.04461  0.02229  0.04627  0.03218  0.01165  0.04743  0.01269  0.04914  0.03738  0.03252  0.03333  0.04462  0.04011  0.01508  0.04085  0.03333  0.01469 0.003948 0.005278 0.005771 
 0.02944 0.006059   0.0218  0.00225  0.01706 0.001527  0.03646  0.02397  0.01128  0.01569  0.02729 0.001495  0.01137  0.03899  0.03328  0.03979  0.04322  0.01966  0.03192 0.005424 0.009457  0.03976  0.02399  0.04387  0.02386  0.01046  0.01776  0.03638  0.02553 0.006837  0.02335  0.01021  0.03037 0.0005474  0.02124 6.408e-05  0.01822  0.02052  0.02498  0.04251 0.001836  0.04814  0.02596  0.03745  0.01514  0.02991  0.01138   0.0113 0.008187  0.01535 
 0.04981 0.004021   0.0151  0.01171  0.00765  0.03956  0.03377  0.03948  0.01022  0.01432    0.038 0.0003289  0.01912  0.01755  0.01371  0.03816   0.0171 0.005524   0.0344 0.006654  0.01007  0.01508  0.01274 0.004144  0.04149  0.03324 0.006854  0.03832  0.02096 0.007636   0.0374 0.005265  0.02525  0.02522  0.01437  0.03024 0.002859  0.03106  0.01031  0.03291  0.03455  0.02159  0.01714  0.01539 0.006052 0.003204  0.03859  0.01594  0.02838   0.0235 
0.003899  0.02425  0.03228  0.04259  0.01789  0.03117  0.03339  0.03586  0.04093 0.0006983  0.04396 0.004993   0.0364  0.04054  0.01792 0.007085 0.005652  0.01282  0.02079  0.02881 0.005749   0.0206  0.01417  0.02481  0.03338  0.03972  0.04485 0.008354  0.05158  0.04208  0.04657 0.004233  0.03143  0.01849  0.01745  0.01672 0.009719  0.04628  0.01205 0.0004591  0.01335  0.01223  0.04304 0.0009985  0.02434  0.03607 0.003387  0.03965  0.02119 0.005842 
 0.00429  0.04925 0.004171  0.02428  0.03563 0.003942 0.006246  0.03923  0.01959  0.01865  0.03672  0.01772  0.04088  0.01418  0.01756  0.04111 0.007389 0.002583  0.02756   0.0253  0.03044  0.03724  0.02652 0.0008277  0.02489  0.03243  0.01587  0.01891  0.05174 0.009637   0.0331   0.0489  0.04969  0.01432  0.03569  0.01808  0.03983   0.0316  0.03935   0.0144  0.01199  0.03082  0.03784  0.04073 0.009829  0.01457  0.03858 0.004557  0.01693  0.02413 
 0.01097  0.03208 0.004154  0.01932  0.00145  0.01471  0.01227  0.02097   0.0333  0.04172  0.01283  0.05227  0.01801  0.01023 0.006253  0.03155  0.04038 0.001059  0.03049  0.03124  0.04662  0.04364  0.03639 0.009705  0.03657  0.01276  0.05064  0.04135  0.01536  0.04688  0.05173  0.02171 0.0006696  0.02249  0.03739  0.03851  0.02914 0.007682  0.02264  0.02605  0.03562   0.0293 0.001814  0.04867  0.04175  0.01657   0.0373  0.03386  0.01096  0.01813 
 0.03563  0.05385  0.04052  0.02185  0.02711 0.006097   0.0296  0.02076  0.01806  0.01498  0.04512 0.005418 0.0009598  0.00209  0.02362  0.05247  0.02265  0.02864 0.007362  0.04494  0.04715  0.02055 0.009345   0.0183 0.004739   0.0352  0.04574  0.01809  0.02632  0.01777 0.009116  0.01251   0.0149  0.04625  0.03046  0.02702  0.03461  0.01159  0.03563  0.02942  0.02066 0.0004929  0.04131  0.04805  0.01949 0.005637  0.02083  0.01294   0.0394  0.01621 
 0.01782  0.03168  0.03738  0.02882  0.01055  0.01054  0.02414  0.02262  0.03109  0.01358  0.04111  0.05532 0.008488  0.02076  0.04582 0.0008276  0.00933  0.04391  0.01198  0.01762  0.04281 0.007457  0.01601  0.03552  0.02244  0.01011  0.01537  0.02699  0.04371 0.0002217  0.03293  0.03593 0.004011  0.04426 0.003379  0.03686 0.006633  0.04693  0.03991  0.02546  0.01037  0.02627  0.03923  0.02971  0.02244  0.01195   0.0344 0.005514  0.03713  0.02474 
0.005731  0.01748   0.0195  0.02433  0.04439  0.04279  0.02375  0.03459  0.02929 0.006148  0.02806 0.008779  0.01531  0.03918  0.02592  0.04415  0.01178  0.03378  0.02237  0.02106  0.03586  0.03738 0.009099  0.03128  0.03578  0.02426  0.04166  0.01498  0.02986  0.04175  0.03589  0.01902  0.03547  0.03779  0.01228  0.02295  0.04654  0.02463  0.03091 0.001017  0.03743  0.02543  0.03592  0.02841 0.003724  0.01827   0.0339  0.03826  0.04296  0.03674 
 0.03117  0.04468  0.04979   0.0101  0.02504  0.04279  0.03661  0.03418  0.04017  0.02772 0.007211  0.04102  0.02223  0.03849  0.01508 0.007492  0.03273  0.00224  0.00914  0.03918  0.03674  0.01076  0.01861  0.04795  0.04329  0.01463 0.005761  0.01265  0.02659  0.04137 0.008784  0.02896  0.03328  0.04478 0.007221  0.01645  0.03171  0.02427  0.02172  0.02552  0.03214  0.04515   0.0259  0.01764  0.04438  0.04539 0.007699  0.03505 0.007773  0.03636 
 0.02385  0.02646  0.03055  0.04326  0.00758  0.03556  0.02026 0.005229  0.03238  0.02449  0.03553  0.01294   0.0164  0.02564  0.03484  0.05011   0.0357  0.04045  0.02008  0.01459   0.0407 0.001401  0.02078  0.01899 0.004862  0.02983  0.04313   0.0165 0.001362  0.02638 0.007816   0.0383 0.004948  0.01572  0.04144 0.008672  0.04211  0.02671  0.01816 0.0008839 0.004019 0.008601  0.01009   0.0428  0.02209  0.01545  0.04297  0.03511  0.04166  0.03393 
  0.0395   0.0347  0.01827  0.02933  0.04014  0.04068  0.03182  0.01029  0.01399  0.04147  0.02791   0.0197  0.02418 0.006907 0.003894  0.01816   0.0226 0.002361  0.03568  0.02936   0.0129  0.03458  0.03212 0.006018  0.01459  0.03105  0.03875  0.02898 0.0006756  0.02322 0.007468  0.03504  0.03545   0.0409  0.04148  0.03056  0.01154  0.04491  0.02177  0.03913  0.03923  0.02923  0.03445  0.04043 0.007913  0.02591  0.03926 0.004347 0.004778 0.006457 
 0.03657  0.01172  0.03843  0.01924  0.03633  0.03007  0.03231  0.01367  0.03898 0.009492  0.03601  0.03066   0.0177  0.03628 0.006682  0.03204    0.043  0.03817  0.02985  0.04102  0.01565   0.0153 0.006455  0.04258 0.006041  0.02548  0.05325  0.02039  0.03486 0.004147 0.004857  0.04665 0.005744  0.01729  0.03462  0.03068  0.02909  0.02416  0.02503  0.03574  0.00461 0.0002947 0.008485  0.01353  0.00272  0.03579  0.02682  0.03259  0.02693  0.02649 
 0.05283 0.002328  0.03632 0.004915  0.01661  0.02838  0.02614  0.02976  0.01273  0.03734 0.003004 0.000238   0.0076  0.01398  0.02355  0.00357  0.02894  0.01446  0.01174 0.004294  0.04666 0.004304  0.03737  0.03873  0.02407  0.03102  0.02209  0.03041  0.04419  0.01853  0.04809  0.03743  0.03356 0.008556  0.02157  0.03254  0.02006 0.003651  0.03637   0.0224  0.02084  0.03961  0.02015  0.02331   0.0372   0.0256 0.0009652  0.02124 0.008721 0.007566 
 0.03087 0.005073  0.02616  0.01941  0.03004  0.02189  0.02406  0.02773  0.04033  0.01723  0.01969 0.002758  0.01463  0.01929  0.05967  0.04214  0.01045  0.04117 0.0007764  0.02889  0.01601  0.01086  0.04047  0.04172  0.03668  0.04004 0.009911  0.02207  0.04435  0.02555  0.04474 0.008604 0.009103  0.01174  0.01857   0.0277  0.01823  0.03825  0.02267  0.03665 0.004108   0.0287 0.007932 0.003281 0.0005317  0.01339 0.008106  0.00432  0.03245  0.01993 
0.005269  0.03343  0.00551 0.003904  0.02955  0.04371  0.01197  0.01332  0.04333  0.03462  0.04238  0.05367  0.02762  0.05106 0.005515  0.01466  0.03822   0.0245  0.02771  0.03894  0.04086 0.002702  0.03984  0.04045  0.03211  0.02174   0.0108   0.0177  0.03916  0.04737  0.01872  0.02466  0.01634   0.0269  0.00586  0.03791  0.04243  0.02415 0.009044  0.02755 0.003427  0.01386 0.002732 0.0005543 0.009106  0.02244  0.01332  0.02681  0.00748   0.0019 
 0.02388   0.0352 0.005479 0.009892  0.02944  0.03191  0.03878  0.01467  0.02037 0.009715  0.04172 0.004235  0.04263 0.0001785  0.05676 0.001777 0.007898  0.02246  0.02986 0.002635  0.04091  0.03738  0.01661  0.04809  0.02993  0.01174  0.02647   0.0172  0.01197   0.0214 0.004827  0.01467  0.01802  0.02172 0.004593  0.02265  0.03986 0.008437  0.02155   0.0152  0.02218  0.01131  0.03587  0.04122  0.03278  0.03093  0.02422  0.03764  0.04703  0.03628 
 0.01724  0.02272  0.01024  0.04861  0.02881  0.01674  0.03704  0.01343  0.03738  0.03966  0.04475  0.03615  0.05241  0.02225  0.03151  0.04339  0.04286  0.02121  0.01779  0.01494   0.0215  0.02095  0.03284  0.01586 0.009131  0.03057  0.02025  0.04393   0.0271  0.03962  0.01742  0.04248  0.04498  0.03386 0.009742  0.01215  0.02574  0.01469 0.001576  0.01733  0.03654 0.004739 0.003541 0.004764  0.02313  0.04422  0.03147 0.006673  0.03865  0.02301 
 0.04059   0.0385  0.03559  0.04146 0.001418 0.003506  0.02611  0.01899  0.01468  0.02007  0.01598  0.02071  0.03601  0.04039  0.01597  0.04105  0.03611  0.01594  0.03931 0.002702  0.04506 0.003115  0.03529  0.01205  0.02041   0.0372   0.0195 0.007462  0.02671  0.04373 0.003537  0.03267  0.01171  0.03816  0.04737 0.002251  0.03772  0.01373 0.001363 0.007958 0.002434  0.02604  0.02959  0.02475  0.03799   0.0422 0.001554  0.03976  0.04742  0.03966 
 0.01097  0.01193  0.03474 0.006389  0.01872  0.03228 0.007061  0.03546 0.003655  0.04013 0.004453  0.05557  0.01045  0.01755  0.01869  0.00696  0.04283  0.01853   0.0214   0.0132  0.00775   0.0456  0.03207 0.009257  0.04598  0.04322 0.005862  0.02195  0.03231   0.0405 0.004616  0.03383  0.04319   0.0367  0.03997  0.05315 0.004525  0.01461  0.02606  0.01741  0.03499 0.006739  0.04921  0.04098 0.007698  0.03944  0.01632  0.04447  0.04274  0.03147 
0.008739 0.004257   0.0428   0.0496  0.04563  0.02264 0.007182  0.03883  0.04375  0.01612  0.02363  0.04036 0.007323 0.0005059  0.03797 0.006474  0.01048  0.01829  0.02132  0.01491 0.0004684  0.01426  0.01637 0.001048 0.006506  0.03879  0.03098  0.04437  0.02612  0.02391  0.03791 0.005721  0.03023  0.01644  0.04378 0.003008  0.01621  0.04706 0.009164  0.04098  0.01955  0.03757 0.005639  0.03204  0.03895  0.03561  0.02553 0.004385 0.000666  0.01691 
 0.01264  0.01305  0.03118  0.03096  0.03189  0.02302  0.01306  0.02297  0.01191  0.03116 0.004484  0.01662  0.03034  0.04665 0.009025    0.018  0.02035   0.0278  0.04033  0.02354  0.04052 0.009746  0.01451  0.01301  0.02695  0.01724 0.002703  0.04259  0.01627  0.03745  0.02153  0.03004  0.03115 0.006743  0.05139  0.01727  0.02551  0.02044  0.02684 0.002123  0.01358 0.002271  0.02934  0.03043  0.01378 0.006181  0.01498  0.01779   0.0165   0.0264 
 0.01168 0.008816   0.0398  0.03473  0.04502  0.03589  0.02544  0.03846  0.02692  0.02642  0.04141  0.02393 0.005486  0.04738 0.007518  0.02064  0.03047 0.004381  0.01394  0.03595  0.01663  0.02878  0.04111    0.013 0.002296 0.003045  0.03098 0.0006133   0.0016 0.0006486  0.02727  0.01785  0.03526 0.007131   0.0386 0.003691  0.02099  0.02087 0.004484  0.04577  0.03275 0.0006055 0.006844  0.03316  0.02688  0.03074  0.01122  0.03528  0.01484  0.02616 
 0.02209  0.03973  0.03168  0.01246  0.04283  0.03678  0.01138   0.0339  0.04049  0.03673 0.005097  0.00954  0.04399 0.004259 0.007291  0.01415  0.04647  0.01844  0.01235  0.01964 0.006094  0.03711  0.03381  0.04479 0.009419  0.02612 0.002285 0.0009132 0.002393    0.017  0.01417  0.01996 0.008881  0.01674 0.002671 0.005593 0.004646  0.02329  0.01052 0.0008357  0.03767  0.04039 0.005764  0.04069  0.04481   0.0277  0.02515  0.01352 0.005876  0.03853 
0.0001844  0.05533 0.005843  0.04799  0.03425  0.04173  0.01218  0.01103  0.01144 0.007397  0.03047  0.04552   0.0434  0.03948 0.002097 0.001899 0.002387  0.04205  0.03821  0.02558  0.02707  0.03143 0.002963  0.02366   0.0245  0.02955  0.02293  0.02007  0.02572  0.01045  0.03795 0.009452  0.02418  0.02288 0.001056  0.05666   0.0289  0.01564  0.03696  0.02321  0.02584  0.04087  0.04163  0.02151  0.03961  0.02006  0.03596  0.04017   0.0434  0.04171 
 0.03583   0.0218  0.01164  0.02737  0.02139  0.02144  0.03579  0.01374   0.0154 0.007477  0.01603 0.002196  0.04118 0.0009633 0.003747  0.02024  0.01337   0.0235  0.03757 0.006133  0.01031  0.01006  0.02797  0.04882  0.02042  0.01193  0.03516 0.002415 0.002779  0.03072  0.04555  0.04091  0.01907  0.02294  0.04174  0.03134  0.03042  0.04307  0.04038  0.01817   0.0389 0.008543   0.0464 0.002661  0.03325  0.03368  0.04151 0.007012  0.04996  0.02471 
 0.03086 0.001116  0.01586 0.0004504  0.03933 0.007943  0.03931 0.006819  0.03376  0.02533  0.01503  0.05956  0.04062 0.004267  0.04857  0.02967 0.007437  0.04287  0.03649  0.03247  0.03164   0.0317  0.03342 0.001352  0.04475   0.0281  0.05633  0.03933  0.04495  0.01616 0.009262  0.04656 0.006227  0.01986  0.03535  0.05057   0.0274  0.02781 0.005061  0.03267  0.02012  0.03859  0.01503  0.01084  0.03097  0.04466  0.03723  0.04359  0.02711  0.01462 
 0.05114  0.03487  0.01581  0.04982  0.04135  0.00787  0.03421  0.03931  0.02288   0.0257  0.04064  0.03073     0.04  0.01463  0.04549  0.01547  0.04285  0.00753  0.02608  0.02089  0.02011 0.004872  0.03134  0.04344  0.02925  0.03441  0.00102  0.03777   0.0173 0.009758  0.02075  0.04445  0.01408 0.004022  0.04763   0.0365   0.0205  0.02765 0.007747  0.02652  0.03599  0.01505   0.0293  0.04326  0.03683  0.00287   0.0404  0.02505  0.02817  0.03783 
 0.02971 0.009809  0.04648  0.04518 0.008991  0.02634  0.01992  0.01674  0.01555  0.03925   0.0271  0.04044   0.0134  0.03576  0.05635 0.001145 0.005169  0.01377  0.04367  0.04218   0.0202  0.03246  0.02106  0.02302  0.01833  0.02866  0.01883  0.02205  0.02191   0.0421   0.0211  0.02958  0.03958  0.03553  0.04339  0.04526  0.03201 0.004011  0.04096  0.04227  0.02167  0.04561 0.001027  0.02771  0.03709  0.01273  0.02564  0.03857  0.02739  0.04114 
0.008652  0.03262 0.002941  0.03323  0.01708  0.04295  0.03516  0.03526  0.01565  0.02684  0.02289  0.03285  0.04304  0.01689  0.01212  0.01473 0.003376  0.03927  0.01112  0.04715  0.03444  0.03791  0.03197 0.007593  0.00283  0.02869  0.03967  0.02996 0.0001492  0.03502   0.0274  0.02089  0.03228  0.02345  0.02989   0.0054 0.009007  0.01765   0.0393  0.02709   0.0326  0.04313   0.0158 0.009461  0.01613  0.02636  0.04221  0.03809  0.01664  0.03197 
 0.01023  0.02937  0.03532 0.004581  0.02737  0.04087   0.0285  0.03748  0.03383  0.02251   0.0303   0.0267   0.0226 0.002189  0.01944  0.03312  0.03001  0.03692  0.03326  0.01203   0.0445  0.04515  0.02378  0.03181  0.02616  0.01286  0.01993  0.01174   0.0212  0.01612 0.009167 0.000411  0.01773  0.04304  0.03962  0.02408  0.04278  0.01669  0.04344  0.03364  0.03469  0.01003   0.0471 0.003833 0.001004  0.03595 0.001835  0.01794  0.02818  0.03954 
 0.05534  0.01902  0.02531  0.03295 0.008934  0.02441  0.03828  0.03205  0.00463  0.01363  0.01215  0.02423  0.04608  0.03529  0.01447  0.01263  0.02166  0.04331  0.01368  0.03724  0.03108  0.03877  0.03256  0.01716  0.02535  0.03499  0.02046  0.03104   0.0359  0.04616  0.02179 0.002425  0.01857   0.0256  0.04426   0.0577  0.04658  0.04205  0.03063   0.0241  0.03267  0.02641  0.03075 0.009315  0.02564  0.01063  0.03219  0.01206 0.009152  0.02898 
 0.04404  0.03963  0.02601 0.003757  0.02251  0.01273   0.0104  0.01405 0.003503  0.01628 0.004962  0.01383 0.007667  0.03026 0.0008023 0.009781  0.01868 0.009945 0.0009387  0.04775  0.01599   0.0412  0.02631 0.004944  0.04318   0.0129   0.0473  0.01222  0.02212  0.02879 0.0002403  0.02561  0.02518  0.01038  0.02035 0.001714  0.04455  0.01518  0.03229  0.03081  0.03106  0.03575  0.03013  0.04737  0.01095  0.02308   0.0283  0.03548  0.02724  0.04031 
 0.02274  0.01942  0.02277  0.01539  0.00886 0.009939   0.0371 0.002822  0.04206  0.03712  0.01716  0.01974  0.05044 0.009415 0.006811  0.04114  0.03772  0.01672  0.01217  0.03381  0.03482  0.02667  0.03383  0.01741   0.0354  0.04262  0.01372  0.03946   0.0115   0.0211  0.04799  0.02376  0.01932  0.03183  0.00618 0.007567  0.01512  0.01667  0.04126 0.009248  0.03514   0.0392  0.04493   0.0186  0.01676 0.009915 0.008842  0.03821  0.01202 0.005991 
  0.0125  0.03009  0.04213   0.0321  0.02859  0.03379  0.03034  0.03108  0.03987  0.02344  0.02468  0.03914 0.008106   0.0279   0.0406  0.04462 0.002842   0.0325  0.04399  0.02942  0.01048  0.04298  0.02295  0.03241  0.02877  0.01868 0.003782  0.02006   0.0453 0.009998  0.02263 0.0006292  0.03864  0.01305  0.02291 0.001873 0.003688  0.03994  0.03169  0.02262 0.001256  0.04162  0.04323   0.0359  0.01948  0.04521  0.03152  0.01235  0.02304  0.02229 
  0.0217  0.02596  0.02389 0.001478  0.03776 0.009616  0.02646  0.02422  0.01627  0.02525 0.007286  0.04409 0.002117  0.05013  0.02258  0.03477 0.003103  0.04372  0.01681  0.02328  0.01539 0.004554  0.01048 0.007272  0.04121  0.01983  0.05638  0.04129  0.04412 0.009222  0.03861  0.02268  0.02603  0.03999  0.01132  0.01329 0.0006157  0.03003  0.02104 0.004717  0.03908  0.02305 0.007485 0.006005  0.02927   0.0138  0.03962  0.03427  0.01243  0.02077 
 0.02397 0.0007227   0.0368 0.008143  0.03169  0.01961 0.009014  0.02298 0.004285  0.03349 0.005941 0.001591  0.02053  0.05023  0.05383  0.01179  0.04422  0.02031  0.04402 0.006156 0.007965 0.004304  0.03766  0.03569  0.00488  0.01577 0.003528  0.04208  0.01662 0.0005265 0.005258  0.00129 0.003078  0.01287 0.006183 0.008071  0.03377 0.004922  0.02603  0.04525  0.03494  0.04232 0.002749     0.03  0.03904  0.03189 0.003225  0.02826  0.04367  0.01973 
0.004071 0.007264  0.02034   0.0374 0.002903  0.01548  0.03291  0.02785  0.01614  0.02954   0.0411  0.02146  0.01532 0.005021  0.03016  0.03079  0.02687  0.02863  0.01162  0.02329 0.009314  0.03283  0.03597  0.02427  0.02679  0.01226 0.003594  0.04109  0.01976  0.04133 0.004401  0.03787  0.05212  0.02974 0.003485  0.04498  0.04249  0.03727  0.03152  0.01748  0.02577  0.03106  0.04547  0.01164  0.04017  0.01724  0.04192  0.01864 0.002588  0.03198 
 0.04493  0.03861 0.005859  0.02732  0.03323  0.01855   0.0174  0.02549   0.0303  0.04446  0.01272  0.02258  0.01802  0.04072  0.00981  0.05078  0.04619  0.03229  0.02885  0.03368  0.04144 0.005972  0.02477  0.02296  0.01458  0.04227  0.03142   0.0238  0.01222  0.01369  0.04103  0.02127 0.003846  0.02408  0.02572 0.002786  0.02977  0.01731 0.004917  0.04077  0.02811  0.01081  0.02175  0.03831  0.04372  0.01795  0.02786  0.03004 0.009833  0.02143 
0.004749  0.02214  0.01971   0.0101    0.032  0.03555  0.01565  0.03018  0.04021  0.03088   0.0157  0.00719  0.03492  0.02252  0.02028  0.01715 0.008776  0.03731  0.03181   0.0206 0.008417  0.02963 0.002213  0.02793  0.04513  0.01399  0.05874  0.02872  0.04841  0.01961   0.0484  0.04736   0.0209  0.03315  0.01958  0.01243  0.01279  0.01352  0.03598  0.04658  0.03775 0.006862  0.00763  0.01512  0.04111  0.01767  0.01406  0.02096  0.04564 0.006694 
 0.04981  0.01223  0.02621  0.04714 0.002576 0.001349  0.01915  0.02955  0.02465  0.02671  0.01343   0.0105  0.01971  0.02041  0.03717 0.006909  0.04428  0.04068  0.03182  0.01726  0.01036  0.04574  0.02088  0.03135  0.02021  0.01145 0.002855 0.005012 0.008553  0.03498  0.01202  0.02793  0.03927  0.02266 0.008544  0.05764 0.008998  0.01193   0.0213  0.01461  0.01719 0.007096  0.01169  0.01438 0.005395  0.02581  0.02502  0.03436  0.03962  0.02886 
================================
