100
10
2	5	8	11	14	17	20	23	26	28
3	0	1	3	4	3	3	4	1	4
10
2	5	8	11	14	17	20	23	26	28
1	2	3	2	3	0	2	2	3	2
10
2	5	8	11	14	17	20	23	26	28
3	2	0	3	2	4	2	0	0	2
10
2	5	8	11	14	17	20	23	26	28
2	2	3	0	3	1	3	1	2	4
10
2	5	8	11	14	17	20	23	26	28
2	3	0	3	2	0	2	2	3	2
10
2	5	8	11	14	17	20	23	26	28
4	3	3	3	3	3	2	4	3	2
10
2	5	8	11	14	17	20	23	26	28
3	1	3	3	2	0	3	2	3	1
10
2	5	8	11	14	17	20	23	26	28
1	4	0	0	2	2	2	4	1	0
10
2	5	8	11	14	17	20	23	26	28
3	0	2	2	4	3	2	2	3	4
10
2	5	8	11	14	17	20	23	26	28
0	4	1	1	2	4	2	2	3	0
10
2	5	8	11	14	17	20	23	26	28
4	2	2	1	4	1	1	4	4	1
10
2	5	8	11	14	17	20	23	26	28
2	3	3	0	4	0	0	3	3	2
10
2	5	8	11	14	17	20	23	26	28
2	1	2	1	2	1	3	0	0	1
10
2	5	8	11	14	17	20	23	26	28
0	2	1	2	1	0	0	3	3	3
10
2	5	8	11	14	17	20	23	26	28
0	2	3	0	0	3	4	2	2	4
10
2	5	8	11	14	17	20	23	26	28
3	1	3	2	4	4	2	2	1	0
10
2	5	8	11	14	17	20	23	26	28
1	0	3	3	2	4	1	3	2	3
10
2	5	8	11	14	17	20	23	26	28
3	1	2	3	4	1	2	1	3	3
10
2	5	8	11	14	17	20	23	26	28
3	2	2	3	0	0	2	0	3	2
10
2	5	8	11	14	17	20	23	26	28
0	0	1	4	1	1	2	2	0	4
10
2	5	8	11	14	17	20	23	26	28
3	3	3	2	3	2	4	3	3	0
10
2	5	8	11	14	17	20	23	26	28
4	2	2	2	4	3	2	3	4	3
10
2	5	8	11	14	17	20	23	26	28
4	4	2	3	4	0	4	2	0	3
10
2	5	8	11	14	17	20	23	26	28
2	1	4	2	1	0	2	3	0	1
10
2	5	8	11	14	17	20	23	26	28
3	2	3	3	0	2	4	3	2	2
10
2	5	8	11	14	17	20	23	26	28
3	2	2	1	0	1	0	1	4	4
10
2	5	8	11	14	17	20	23	26	28
3	3	0	1	1	2	1	2	0	4
10
2	5	8	11	14	17	20	23	26	28
1	2	2	4	4	0	4	3	1	0
10
2	5	8	11	14	17	20	23	26	28
2	2	4	3	0	0	0	2	3	0
10
2	5	8	11	14	17	20	23	26	28
3	4	0	4	2	0	1	0	2	2
10
2	5	8	11	14	17	20	23	26	28
0	2	0	0	1	2	2	2	4	4
10
2	5	8	11	14	17	20	23	26	28
3	2	3	1	3	2	3	4	4	0
10
2	5	8	11	14	17	20	23	26	28
3	4	2	4	4	2	0	4	2	3
10
2	5	8	11	14	17	20	23	26	28
4	2	4	2	0	1	2	4	2	2
10
2	5	8	11	14	17	20	23	26	28
3	2	3	2	3	4	3	4	2	4
10
2	5	8	11	14	17	20	23	26	28
4	1	0	1	2	1	0	3	2	4
10
2	5	8	11	14	17	20	23	26	28
2	4	4	0	0	2	4	0	4	3
10
2	5	8	11	14	17	20	23	26	28
2	4	2	2	2	4	3	4	4	3
10
2	5	8	11	14	17	20	23	26	28
1	1	2	3	3	0	0	0	1	2
10
2	5	8	11	14	17	20	23	26	28
2	2	1	1	1	4	2	3	4	0
10
2	5	8	11	14	17	20	23	26	28
2	4	2	1	0	0	0	4	2	2
10
2	5	8	11	14	17	20	23	26	28
2	2	2	4	4	4	2	2	4	4
10
2	5	8	11	14	17	20	23	26	28
1	3	0	4	3	1	1	2	2	2
10
2	5	8	11	14	17	20	23	26	28
3	1	1	1	1	4	4	3	4	3
10
2	5	8	11	14	17	20	23	26	28
0	0	3	1	3	3	0	2	2	2
10
2	5	8	11	14	17	20	23	26	28
1	2	1	1	0	1	2	4	2	0
10
2	5	8	11	14	17	20	23	26	28
2	1	0	1	3	1	2	2	0	1
10
2	5	8	11	14	17	20	23	26	28
4	3	1	3	0	0	1	3	1	2
10
2	5	8	11	14	17	20	23	26	28
2	1	1	2	3	2	4	0	3	4
10
2	5	8	11	14	17	20	23	26	28
1	3	4	3	2	3	3	0	3	1
10
2	5	8	11	14	17	20	23	26	28
3	2	2	1	1	3	0	2	2	1
10
2	5	8	11	14	17	20	23	26	28
2	3	4	4	4	4	2	4	1	0
10
2	5	8	11	14	17	20	23	26	28
4	2	2	0	4	4	0	0	0	3
10
2	5	8	11	14	17	20	23	26	28
1	2	1	2	2	2	1	2	1	2
10
2	5	8	11	14	17	20	23	26	28
2	3	4	1	1	3	2	1	3	0
10
2	5	8	11	14	17	20	23	26	28
2	3	0	1	2	3	2	3	0	0
10
2	5	8	11	14	17	20	23	26	28
1	4	0	3	3	3	0	4	1	4
10
2	5	8	11	14	17	20	23	26	28
3	2	4	0	2	3	3	3	1	1
10
2	5	8	11	14	17	20	23	26	28
4	4	2	2	4	3	1	3	3	2
10
2	5	8	11	14	17	20	23	26	28
1	3	3	4	3	0	0	1	4	4
10
2	5	8	11	14	17	20	23	26	28
2	4	2	4	0	2	4	1	0	3
10
2	5	8	11	14	17	20	23	26	28
2	2	2	0	1	0	0	4	3	1
10
2	5	8	11	14	17	20	23	26	28
1	2	4	3	0	3	1	3	2	0
10
2	5	8	11	14	17	20	23	26	28
2	2	2	3	3	3	2	1	0	1
10
2	5	8	11	14	17	20	23	26	28
3	3	3	4	2	0	0	2	0	2
10
2	5	8	11	14	17	20	23	26	28
3	1	2	2	4	1	1	2	1	4
10
2	5	8	11	14	17	20	23	26	28
3	0	4	2	3	2	0	3	3	2
10
2	5	8	11	14	17	20	23	26	28
2	2	1	1	2	4	2	3	4	3
10
2	5	8	11	14	17	20	23	26	28
1	0	4	0	4	1	3	3	2	1
10
2	5	8	11	14	17	20	23	26	28
1	2	2	3	1	0	0	3	0	2
10
2	5	8	11	14	17	20	23	26	28
1	1	1	3	2	2	1	4	2	2
10
2	5	8	11	14	17	20	23	26	28
0	3	2	3	2	2	3	3	2	0
10
2	5	8	11	14	17	20	23	26	28
3	1	1	4	4	4	2	3	4	3
10
2	5	8	11	14	17	20	23	26	28
2	2	3	4	1	1	2	2	2	4
10
2	5	8	11	14	17	20	23	26	28
0	2	2	0	1	2	4	4	2	2
10
2	5	8	11	14	17	20	23	26	28
2	3	4	2	3	2	3	2	3	3
10
2	5	8	11	14	17	20	23	26	28
1	2	0	1	1	2	1	3	3	4
10
2	5	8	11	14	17	20	23	26	28
3	2	0	1	2	0	4	4	3	1
10
2	5	8	11	14	17	20	23	26	28
2	0	4	4	0	2	3	0	3	3
10
2	5	8	11	14	17	20	23	26	28
4	3	4	3	2	4	4	3	2	1
10
2	5	8	11	14	17	20	23	26	28
4	2	1	4	2	3	3	4	3	2
10
2	5	8	11	14	17	20	23	26	28
1	4	1	3	0	3	0	4	4	3
10
2	5	8	11	14	17	20	23	26	28
4	3	2	4	3	2	3	0	3	2
10
2	5	8	11	14	17	20	23	26	28
2	2	3	2	1	3	0	2	0	2
10
2	5	8	11	14	17	20	23	26	28
3	3	0	3	2	4	3	2	3	4
10
2	5	8	11	14	17	20	23	26	28
1	2	0	2	3	4	2	1	2	2
10
2	5	8	11	14	17	20	23	26	28
3	4	2	3	3	2	4	2	3	0
10
2	5	8	11	14	17	20	23	26	28
3	4	4	3	2	4	3	4	4	2
10
2	5	8	11	14	17	20	23	26	28
1	0	3	3	1	2	3	2	0	0
10
2	5	8	11	14	17	20	23	26	28
3	3	3	3	3	3	2	0	2	0
10
2	5	8	11	14	17	20	23	26	28
3	2	0	0	4	1	1	0	1	4
10
2	5	8	11	14	17	20	23	26	28
4	1	4	3	3	4	2	3	3	2
10
2	5	8	11	14	17	20	23	26	28
4	4	2	1	0	2	2	3	2	3
10
2	5	8	11	14	17	20	23	26	28
4	1	3	1	2	2	2	2	4	4
10
2	5	8	11	14	17	20	23	26	28
4	2	1	3	3	3	0	1	4	2
10
2	5	8	11	14	17	20	23	26	28
1	0	4	4	3	0	4	2	3	0
10
2	5	8	11	14	17	20	23	26	28
4	2	1	2	2	1	3	2	3	3
10
2	5	8	11	14	17	20	23	26	28
3	3	4	2	3	3	3	3	4	1
10
2	5	8	11	14	17	20	23	26	28
3	3	2	2	1	2	2	2	4	3
10
2	5	8	11	14	17	20	23	26	28
2	4	4	3	3	3	2	2	3	2
