==============================
P(D0): 
({x0}, type:0, size: 100, possibNZ: 0, (0.00555, 0.01459, 0.0158, 0.001646, 0.004499, 0.004141, 0.01267, 0.01472, 0.01694, 0.0003837, 0.004104, 0.009525, 0.007683, 0.006911, 0.001296, 0.01546, 0.008176, 0.01369, 0.01119, 0.001045, 0.006244, 0.0196, 0.01891, 0.007676, 0.01254, 0.01142, 0.01686, 0.01945, 0.001533, 0.01803, 0.01142, 0.003946, 0.004496, 0.01433, 0.01212, 0.0119, 0.01966, 0.01181, 0.002026, 0.003383, 0.002073, 0.002969, 0.01364, 0.01299, 0.007562, 0.003307, 0.007909, 0.01624, 0.008118, 0.01533, 0.005994, 0.01299, 0.01797, 0.004257, 0.009753, 0.002294, 0.002688, 0.0013, 0.00161, 0.01273, 0.008352, 0.01297, 0.01739, 0.0155, 0.01982, 0.01587, 0.019, 0.01501, 0.00515, 0.0146, 0.01408, 0.0157, 0.01517, 0.006465, 0.01036, 0.0157, 0.01163, 0.01937, 0.003484, 0.01842, 0.01527, 0.005811, 0.01274, 0.009397, 0.002628, 0.01115, 0.01969, 0.008977, 0.012, 0.002253, 0.004058, 0.003309, 0.0007488, 0.005538, 0.004673, 0.00728, 0.002728, 0.02028, 0.01043, 0.007875))

P(A0): 
({x1}, type:0, size: 10, possibNZ: 0, (0.06935, 0.08845, 0.04826, 0.152, 0.1505, 0.1475, 0.1019, 0.111, 0.05108, 0.07994))
==============================
P(Dt|At,Dt-1 = 0): 
0.007046 0.0146 0.0164 0.001368 0.01296 0.009518 0.000982 0.01976 0.0009614 0.01027 
0.01383 0.0158 0.00977 0.01374 0.0006462 0.01751 0.001163 0.006304 0.00369 0.009158 
0.003069 0.008994 0.01169 0.01814 0.01884 0.01546 0.001489 0.01153 0.01139 0.01033 
0.005367 0.01618 0.0008881 0.00212 0.00962 0.0003627 0.0003263 0.01233 0.01933 0.006646 
0.01242 0.006183 0.01117 0.01268 0.01065 0.01529 0.02027 0.01817 0.01708 0.006559 
0.00553 0.003803 0.01253 0.002843 0.01569 0.0136 0.0153 0.007984 0.003008 0.0195 
0.006198 0.009156 0.009855 0.01351 0.006885 0.01721 0.01566 0.01397 0.001447 0.009348 
0.002992 0.000578 0.00118 0.01218 0.01282 0.01152 0.0006935 0.004122 0.01499 0.01474 
0.007464 0.01533 0.01019 0.0008511 0.006694 0.01242 0.002448 0.001267 0.01075 0.01322 
0.01725 0.004894 0.001052 0.01553 0.006371 0.002205 0.00544 0.01255 0.01104 0.0157 
0.01709 0.01255 0.01669 0.0192 0.01323 0.004239 0.0186 0.01387 0.006987 0.005378 
0.007579 0.0147 0.01177 0.008501 0.008881 0.0007215 0.02024 0.005983 0.00721 0.005602 
0.01301 0.01263 0.01367 0.00671 0.002107 0.008818 0.0207 0.01152 0.02026 0.01415 
0.004856 0.01205 0.01281 0.00095 0.004836 0.006478 0.00722 0.006375 0.01004 0.003643 
0.01829 0.004396 0.01233 0.004383 0.0199 0.005699 0.006085 0.01632 0.01668 0.01645 
0.01203 0.008842 0.01887 0.01131 0.01431 0.009848 0.003898 0.007368 0.004129 0.003348 
0.003985 0.01734 0.003501 0.01171 0.0135 0.003604 0.01547 0.01409 0.001893 0.01881 
0.002111 0.004465 0.009396 0.004915 0.006678 0.01852 0.01495 0.01277 0.004614 0.01426 
0.01089 0.003873 0.01667 0.01274 0.0004059 0.01865 0.003932 0.01945 0.01246 0.002649 
0.005282 0.005046 0.009832 0.00117 0.01168 0.01173 0.009034 0.004048 0.01475 0.01683 
0.00137 0.01437 0.01508 0.01831 0.0007441 1.604e-05 0.0009492 0.01206 0.02093 0.01838 
0.003051 0.006138 0.003559 0.001801 0.005421 0.01791 0.01365 0.001687 0.000897 0.01113 
0.0009534 0.01117 0.01368 0.006501 0.003904 0.01355 0.01626 0.01098 0.003647 0.00787 
0.01311 0.003408 0.01809 0.01267 0.009201 0.001465 0.01796 0.01706 0.009765 0.008714 
0.01505 0.00162 0.003218 0.009808 0.01574 0.01977 0.01635 0.0008205 0.007258 0.01385 
0.01554 0.005721 0.00847 0.01033 0.01286 0.006238 0.009025 0.00664 0.002004 0.005131 
0.005103 0.004276 0.000828 0.007379 0.006444 0.01605 0.007241 0.0143 0.01806 0.000563 
0.01725 0.01684 0.004466 0.01497 0.00598 0.009154 0.001153 0.01734 0.008905 0.01871 
0.01171 0.01735 0.01318 0.005499 0.001602 0.01165 0.01706 0.0101 0.01461 0.01966 
0.0002773 0.0005904 0.01724 0.01264 0.003521 0.009474 0.002208 0.02005 0.01263 0.01538 
0.006624 0.01099 0.00682 0.01795 0.01477 0.01096 0.0001265 0.008641 6.958e-05 0.01952 
0.01028 0.0008115 0.0005392 0.006436 0.001832 0.003478 0.005726 0.00539 0.01452 0.009621 
0.01209 0.007869 0.01791 0.01583 0.0188 0.01165 0.01963 0.009534 0.007067 0.002525 
0.008601 0.00966 0.00932 0.01533 0.008799 0.003071 0.01404 0.003243 0.005927 0.009163 
0.01562 0.01556 0.01801 0.00242 0.001633 0.008836 0.008029 0.003203 0.01026 0.01465 
0.002788 0.01158 0.006489 0.003063 0.01172 0.01066 0.01784 0.00541 0.01389 0.01329 
0.01877 0.004727 0.01367 0.008078 0.01703 0.009163 0.01405 0.01526 0.01787 0.01725 
0.01605 0.01676 0.0003452 0.01338 0.007113 0.01655 0.01266 0.01228 0.01251 0.01496 
0.006548 0.01421 0.01014 0.0128 0.01597 0.01976 0.009148 0.01949 0.0005528 0.01218 
0.01186 0.01042 0.006565 0.01324 0.01451 0.01929 0.02001 0.01559 0.01769 0.005423 
0.005848 0.01662 0.00665 0.0001827 0.0121 0.0148 0.01713 0.01155 0.006086 0.006638 
0.001718 0.006817 0.01886 0.002503 0.00772 0.003967 0.0002186 0.009076 0.01834 0.01649 
0.01004 0.006255 0.01485 0.01487 0.008065 0.0007207 0.002948 0.005787 0.01535 0.007615 
0.01589 0.01146 0.006607 0.01639 0.008771 0.003741 0.01005 0.01517 0.01346 0.001585 
0.01471 0.001609 0.01252 0.01454 0.008663 0.01146 0.01209 0.001902 0.008624 0.01708 
0.01825 0.006954 0.008221 0.01838 0.004483 0.01246 0.0061 0.002153 0.001461 0.008591 
0.006422 0.00347 0.01141 0.0179 0.01017 0.007236 0.009137 0.01482 0.02226 0.003396 
0.007504 0.01501 0.01898 0.004342 0.0008165 0.01263 0.008291 0.007148 0.01473 8.478e-05 
0.002896 0.01339 0.01218 0.009922 0.01157 0.01768 0.002858 0.01171 0.005108 0.01288 
0.006425 0.0125 0.002979 0.01533 0.001006 0.005029 0.01983 0.006025 0.002056 0.007295 
0.01066 0.01693 0.01658 0.01017 0.01786 0.005681 0.007496 0.01439 0.005371 0.007421 
0.0106 0.0152 0.01437 0.01202 0.01761 0.002488 0.01742 0.007267 0.02012 0.008709 
0.003089 0.01016 0.002153 0.01087 0.006927 0.01049 0.0008605 0.01448 0.004844 0.01018 
0.002254 0.0002878 0.003192 0.01423 0.01995 0.01628 0.008823 0.02007 0.01069 0.005922 
0.007674 0.001754 0.005876 0.001234 0.01955 0.005947 0.001575 0.001687 0.02026 0.009439 
0.01601 0.009534 0.00838 0.009592 0.02025 0.01563 0.006533 0.009439 0.004319 0.0001233 
0.003562 0.01764 0.01045 0.004475 0.00323 0.008669 0.01969 0.001891 0.009984 0.003383 
0.009642 0.01561 0.005443 0.006567 5.976e-05 0.01092 0.01779 0.01462 0.01377 0.00599 
0.002432 0.01732 0.01638 0.01074 0.005082 0.01956 0.003613 0.01839 0.01324 0.01469 
0.01665 0.01803 0.01569 0.01448 0.007091 0.01368 0.01116 0.001742 0.01484 0.01146 
0.01476 0.006899 0.005416 0.008025 0.004778 0.01924 0.006139 0.01048 0.005966 0.01384 
0.01087 0.005943 0.01218 0.009881 0.01548 0.001904 0.0188 0.01114 0.009447 0.01588 
0.007501 0.01451 0.002009 0.00251 0.004627 0.01782 0.001694 0.01381 0.01781 0.01681 
0.009437 0.00393 0.01326 0.004182 0.009183 0.001159 0.01639 0.006041 0.02078 0.002323 
0.01708 0.01776 0.006873 0.0057 0.005313 0.002446 0.003631 0.01213 0.01047 0.01297 
0.01743 0.01723 0.01325 0.008758 0.007081 0.01251 0.01499 0.004002 0.006827 0.01486 
0.009596 0.006773 0.005842 0.004677 0.01849 0.007342 0.00483 0.01324 0.009792 0.01385 
0.01019 0.006388 0.01346 0.005124 0.0002601 0.006339 0.004312 0.01408 0.006839 0.01194 
0.01752 0.01283 0.007791 0.01735 0.002708 0.01578 0.0045 0.009267 0.006129 0.0007551 
0.01114 0.01327 0.007752 0.01141 0.007947 0.005985 0.02033 0.003178 0.003092 0.003851 
0.01494 0.01482 0.004095 0.01827 0.01721 0.01205 0.007949 0.008503 0.003712 0.006525 
0.01273  0.011 0.01433 0.01203 0.004367 0.009164 0.01323 0.01202 0.01101 0.01268 
0.009043 0.0018 0.01621 0.00488 0.01915 0.005804 0.0009694 0.006498 0.00193 0.00429 
0.004231 0.01036 0.01833 0.001996 0.01986 0.01651 0.004831 0.01675 0.02066 0.001518 
0.0116 0.000798 0.01017 0.01063 0.007685 0.01132 0.01821 0.002473 0.003309 0.01935 
0.003548 0.01403 0.003821 0.008616 0.02017 0.001399 0.009579 0.005064 0.003577 0.00408 
0.003803 0.01222 0.01193 0.01346 0.0025 0.005283 6.378e-05 0.0189  0.016 0.0194 
0.0166 0.0111 0.003921 0.01478 0.01558 0.00339 0.009679 0.01321 0.01504 0.01204 
0.002419 0.004204 0.008119 0.007775 0.01186 0.01111 0.01716 0.01518 0.00799 0.004893 
0.01243 0.01322 0.01688 0.01104 0.01272 0.004009 0.01815 0.01635 0.002016 0.01022 
0.00842 0.01342 0.008489 0.004002 0.01003 0.009767 0.006268 0.0009763 0.0001838 0.01407 
0.01179 0.006375 0.01831 0.01837 0.004514 0.01447 0.004913 0.00836 0.008308 0.005128 
0.0142 0.0006066 0.007381 0.009981 0.002952 0.01894 0.01731 0.01463 0.01757 0.002263 
0.005839 0.01562 0.01381 0.005377 0.01301 0.01512 0.009113 0.002803 0.009969 0.01085 
0.0008273 0.01427 0.01165 0.00446 0.01643 0.001588 0.01056 0.01275 0.00222 0.004319 
0.01609 0.009439 0.001996 0.01855 0.01371 0.01861 0.003861 0.004976 0.01796 0.00616 
0.007111 0.01309 0.008159 0.01342 0.009658 0.01933 0.003154 0.01693 0.0147 0.0192 
0.01273 0.01465 0.0183 0.01378 0.01934 0.01204 0.01888 0.01687 0.01008 0.006101 
0.01725 0.006124 0.001099 0.01279 0.01211 0.01899 0.02067 0.009134 0.01189 0.01867 
0.005277 0.01692 0.007598 0.01516 0.004643 0.006559 0.008121 0.007958 0.01174 0.008101 
0.01921 0.01068 0.004761 0.0113  0.014 0.01788 0.01721 0.01939 0.01403 0.0002039 
0.01606 0.005332 0.004507 0.009795 0.006566 7.253e-06 0.01986 0.0001649 0.01441 0.006118 
0.01524 0.004942 0.007066 0.0171 0.01534 0.009587 0.01861 0.008032 0.004275 0.003063 
0.01264 0.01649 0.01828 0.007649 0.02044 0.002925 0.01751 0.009833 0.01787 0.01962 
0.01047 0.00678 0.009942 0.004723 0.005524 0.006249 0.01422 0.01246 0.004381 0.008884 
0.007445 0.002778 0.01589 0.005482 0.01908 0.0034 0.003577 0.001411 0.009167 0.01076 
0.01583 0.01753 0.00693 0.01761 0.01426 0.01176 0.004945 0.002877 0.005253 0.005176 
0.01146 0.01205 0.009075 0.01368 0.001951 0.01305 0.009041 0.01319 0.006067 0.01741 
0.01505 0.01819 0.01882 0.0166 0.005035 0.006922 0.0005218 0.004401 0.0001932 0.002034 
0.01902 0.00359 0.002631 0.007371 0.01914 0.001065 0.005593 0.002402 0.02069 0.01625 

==============================
P(At|At-1,Dt-1 = 0): 
     0 0.1455 0.003193 0.08601 0.08732 0.1508 0.006756 0.2138 0.01128 0.02091 
0.07564      0 0.02874 0.1686 0.09343 0.1443 0.02472 0.1849 0.2475 0.1293 
0.08276 0.2651      0 0.07202 0.05302 0.01985 0.1212 0.05607 0.02309 0.1039 
0.1921 0.08643 0.1359      0 0.02836 0.1592 0.04801 0.08764 0.06572 0.2313 
0.1028 0.2196 0.1207 0.1044      0 0.07346 0.01097 0.08867 0.2659 0.1508 
0.1263 0.07856 0.1266 0.1576 0.09996      0 0.2517 0.0653 0.2154 0.2293 
0.0009972 0.004103 0.08147 0.05308 0.1509 0.1441      0 0.08236 0.002344 0.1292 
0.1219 0.02594 0.1629 0.1236 0.2791 0.05917 0.2631      0 0.1119 0.003937 
0.1612 0.09056 0.1752 0.1122 0.007938 0.1052 0.05587 0.1103      0 0.001398 
0.1363 0.08418 0.1653 0.1223 0.1999  0.144 0.2176  0.111 0.0569      0 

================================
P(Ot|At = ): 
 0.06911   0.1858   0.1078  0.05129   0.1129  0.08462  0.02397  0.05112  0.04207  0.08912 
  0.1489  0.05934  0.06417 0.003965  0.04971     0.14   0.0422   0.0787   0.1291  0.06338 
 0.08543   0.1101   0.1042  0.03007  0.06916    0.108   0.0335   0.1306   0.1344   0.1412 
  0.1409   0.1579   0.1454    0.147   0.1031   0.0263   0.1243   0.0366  0.08256  0.05204 
 0.05708  0.06614   0.1206    0.112   0.1147  0.07322  0.06026   0.1173   0.1518   0.1504 
 0.06474  0.01924  0.06748   0.1462   0.0544   0.0907   0.1462  0.02467  0.01674  0.03157 
 0.09674  0.08922  0.09823  0.04626  0.01333   0.1231    0.101   0.1239  0.02252   0.1575 
  0.1475 0.005874   0.0429    0.153   0.0366  0.08502  0.04265  0.03939   0.1423   0.1689 
 0.02152   0.1364   0.1249  0.03565   0.1092   0.1416    0.127   0.1196 0.003091  0.03486 
0.006822  0.02254  0.05897   0.1646   0.1292   0.0183 0.009079   0.1136   0.1207 0.009185 
 0.06489  0.04033  0.01351  0.07075  0.07836  0.04156   0.1059  0.02664   0.1354      0.1 
 0.09638   0.1071  0.05191   0.0392   0.1294  0.06756   0.1838   0.1378  0.01927 0.001736 
================================
