==============================
P(D0): 
({x0}, type:0, size: 10, possibNZ: 0, (2.00293e-24, 0.0539071, 0.0340404, 0.398423, 0.196454, 1.06682e-05, 0.282554, 1.05077e-07, 0.0346105, 6.25622e-58))

P(A0): 
({x1}, type:0, size: 4, possibNZ: 0, (8.17407e-20, 1.31261e-09, 3.40518e-13, 1))
==============================
P(Dt|At,Dt-1 = 0): 
0.00139006 0.285503 0.0130881 2.73855e-11 
0.287772 0.103037 0.472733 2.1509e-10 
5.49716e-05 0.539079 0.00119947 1.17651e-12 
0.00155696 0.0137533 0.0191327 4.55715e-11 
0.253466 0.0468156 0.206651 0.0037608 
0.00365759 0.00487825 0.0369275 0.15133 
0.00232862 0.00171418 0.0296841 0.310311 
0.351138 0.00271336 0.194325 0.173857 
0.0986358 0.00249526 0.0262586 0.00129406 
1.13917e-10 1.12627e-05 5.12774e-08 0.359447 

==============================
P(At|At-1,Dt-1 = 0): 
1.05206e-10 8.40653e-10 2.74656e-09 0.818906 
0.00157477 0.00719067 0.00105491 2.86597e-05 
1.60094e-06 3.25678e-06 6.27243e-05 0.181064 
0.998424 0.992806 0.998882 1.13416e-06 

================================
P(Ot|At = ): 
       0        0        0        0 
       0        0        0        0 
0.314654 0.981553 0.396092        1 
       0        0        0        0 
0.166074 0.00985023  0.18263 6.55819e-12 
0.519272 0.00859685 0.421278 1.31824e-07 
       0        0        0        0 
================================
