A0 = 
0.3073
0.0791
0.0000
0.0000
0.2722
0.0000
0.0153
0.1019
0.0000
0.0000
0.0000
0.2242
=============================================== 
D = 
0.0000
0.0000
0.0679
0.0000
0.0258
0.0327
0.0000
0.0593
0.0564
0.0000
0.0315
0.0000
0.0445
0.0682
0.0000
0.0000
0.0473
0.0000
0.0190
0.0000
0.0000
0.0516
0.0000
0.0000
0.0000
0.0400
0.0694
0.0000
0.0215
0.0355
0.0000
0.0000
0.0203
0.0053
0.0000
0.0000
0.0079
0.0000
0.0054
0.0000
0.0000
0.0000
0.0000
0.0000
0.0711
0.0428
0.0000
0.0000
0.0000
0.0000
0.0000
0.0000
0.0563
0.0614
0.0000
0.0000
0.0000
0.0000
0.0590
0.0000
=============================================== 
A = 
0.0000	0.0000	0.0000	0.0853	0.3481	0.0963	0.0000	0.0000	0.2182	0.0530	0.2029	0.0000
0.2482	0.0000	0.0739	0.2668	0.1147	0.1365	0.0000	0.0000	0.0000	0.2318	0.0000	0.4025
0.0000	0.0000	0.0000	0.1106	0.0000	0.2459	0.4760	0.0918	0.0000	0.0000	0.1815	0.0000
0.2781	0.0000	0.0000	0.0000	0.0000	0.0000	0.0000	0.0000	0.2807	0.1070	0.0453	0.0000
0.1275	0.0000	0.0000	0.2031	0.0000	0.0000	0.0000	0.2228	0.1101	0.3174	0.0808	0.0000
0.0000	0.0000	0.0000	0.1797	0.0000	0.0000	0.0000	0.0054	0.0000	0.0000	0.0000	0.0000
0.0000	0.0000	0.3096	0.0000	0.0000	0.2138	0.0000	0.2638	0.0000	0.0000	0.2011	0.2615
0.0000	0.5625	0.0000	0.1160	0.0000	0.0000	0.5240	0.0000	0.1879	0.2908	0.0773	0.0000
0.2793	0.0000	0.0378	0.0000	0.0227	0.0000	0.0000	0.0000	0.0000	0.0000	0.1823	0.3360
0.0000	0.0000	0.2324	0.0000	0.2006	0.0000	0.0000	0.0000	0.1446	0.0000	0.0000	0.0000
0.0669	0.0787	0.2609	0.0385	0.0000	0.0000	0.0000	0.1949	0.0010	0.0000	0.0000	0.0000
0.0000	0.3589	0.0854	0.0000	0.3138	0.3074	0.0000	0.2212	0.0575	0.0000	0.0288	0.0000
=============================================== 
D = 
0.0480	0.0000	0.0654	0.0000	0.0000	0.0948	0.0000	0.0000	0.0192	0.0000	0.0000	0.0000
0.0000	0.0587	0.0000	0.0000	0.0492	0.0000	0.0095	0.0331	0.0000	0.0400	0.0717	0.0000
0.0588	0.0208	0.0000	0.0046	0.0409	0.0000	0.0000	0.0181	0.0000	0.0000	0.0577	0.0727
0.0000	0.0625	0.0000	0.0000	0.0442	0.0000	0.0734	0.0000	0.0791	0.0000	0.0000	0.0762
0.0000	0.0000	0.0268	0.0000	0.0000	0.0000	0.0000	0.0000	0.0273	0.0151	0.0000	0.0642
0.0000	0.0000	0.0000	0.0674	0.0064	0.0000	0.0000	0.0305	0.0583	0.0000	0.0000	0.0820
0.0000	0.0691	0.0000	0.0000	0.0000	0.0000	0.0042	0.0000	0.0407	0.0000	0.0807	0.0000
0.0000	0.0000	0.0000	0.0000	0.0000	0.0000	0.0000	0.0000	0.0915	0.0000	0.0877	0.0000
0.0038	0.0000	0.0780	0.0628	0.0000	0.0000	0.0000	0.0000	0.0000	0.0615	0.0000	0.0000
0.0127	0.0000	0.0000	0.0000	0.0000	0.0000	0.0000	0.0241	0.0000	0.0487	0.0000	0.0000
0.0617	0.0605	0.0000	0.0000	0.0000	0.0000	0.0451	0.0000	0.0000	0.0792	0.0000	0.0818
0.0619	0.0272	0.0032	0.0000	0.0106	0.0000	0.0000	0.0000	0.0000	0.0587	0.0803	0.0691
0.0000	0.0000	0.0000	0.0293	0.0440	0.0052	0.0000	0.0645	0.0000	0.0084	0.0000	0.0000
0.0598	0.0000	0.0000	0.0000	0.0255	0.0000	0.0000	0.0000	0.0000	0.0000	0.0000	0.0000
0.0000	0.0000	0.0000	0.0117	0.0000	0.0353	0.0816	0.0580	0.0000	0.0000	0.0000	0.0207
0.0110	0.0000	0.0000	0.0000	0.0600	0.0000	0.0700	0.0000	0.0731	0.0000	0.0000	0.0000
0.0135	0.0000	0.0000	0.0000	0.0000	0.0218	0.0000	0.0481	0.0000	0.0091	0.0523	0.0000
0.0000	0.0000	0.0000	0.0593	0.0106	0.0000	0.0339	0.0000	0.0000	0.0000	0.0000	0.0000
0.0510	0.0000	0.0000	0.0000	0.0000	0.0000	0.0000	0.0676	0.0000	0.0131	0.0000	0.0791
0.0000	0.0744	0.0000	0.0000	0.0000	0.0212	0.0627	0.0000	0.0000	0.0000	0.0000	0.0000
0.0189	0.0000	0.0643	0.0204	0.0000	0.0553	0.0000	0.0000	0.0000	0.0000	0.0000	0.0812
0.0392	0.0332	0.0000	0.0566	0.0000	0.0000	0.0000	0.0246	0.0000	0.0097	0.0000	0.0000
0.0000	0.0000	0.0668	0.0821	0.0000	0.0000	0.0000	0.0000	0.0776	0.0000	0.0000	0.0000
0.0092	0.0921	0.0000	0.0575	0.0343	0.0491	0.0000	0.0000	0.0000	0.0313	0.0870	0.0000
0.0000	0.0336	0.0000	0.0000	0.0000	0.0329	0.0509	0.0000	0.0000	0.0000	0.0000	0.0000
0.0000	0.0000	0.0000	0.0000	0.0421	0.0508	0.0000	0.0643	0.0881	0.0000	0.0000	0.0875
0.0000	0.0000	0.0732	0.0000	0.0082	0.0000	0.0075	0.0624	0.0000	0.0000	0.0000	0.0000
0.0221	0.0000	0.0000	0.0000	0.0000	0.0000	0.0823	0.0000	0.0000	0.0000	0.0597	0.0000
0.0000	0.0000	0.0000	0.0044	0.0000	0.0000	0.0000	0.0000	0.0000	0.0000	0.0000	0.0231
0.0093	0.0000	0.0000	0.0361	0.0590	0.0105	0.0000	0.0000	0.0858	0.0000	0.0000	0.0000
0.0591	0.0000	0.0270	0.0031	0.0313	0.0660	0.0000	0.0000	0.0671	0.0000	0.0000	0.0000
0.0211	0.0000	0.0065	0.0000	0.0000	0.0000	0.0000	0.0663	0.0000	0.0676	0.0000	0.0400
0.0000	0.0000	0.0778	0.0000	0.0000	0.0000	0.0000	0.0000	0.0000	0.0000	0.0000	0.0469
0.0000	0.0000	0.0000	0.0000	0.0000	0.0000	0.0000	0.0385	0.0000	0.0457	0.0000	0.0000
0.0000	0.0000	0.0250	0.0111	0.0410	0.0000	0.0557	0.0175	0.0792	0.0094	0.0000	0.0000
0.0000	0.0000	0.0000	0.0765	0.0000	0.0439	0.0272	0.0000	0.0000	0.0614	0.0000	0.0000
0.0167	0.0000	0.0534	0.0199	0.0000	0.0064	0.0752	0.0086	0.0000	0.0000	0.0000	0.0000
0.0000	0.0000	0.0551	0.0000	0.0420	0.0000	0.0000	0.0122	0.0009	0.0000	0.0778	0.0000
0.0444	0.0477	0.0000	0.0000	0.0450	0.0103	0.0000	0.0612	0.0391	0.0083	0.0000	0.0000
0.0062	0.0000	0.0000	0.0000	0.0000	0.0000	0.0000	0.0079	0.0000	0.0000	0.0000	0.0000
0.0391	0.0000	0.0204	0.0367	0.0544	0.0371	0.0000	0.0203	0.0000	0.0667	0.0000	0.0000
0.0000	0.0277	0.0000	0.0567	0.0000	0.0651	0.0512	0.0000	0.0000	0.0256	0.0150	0.0140
0.0000	0.0000	0.0000	0.0000	0.0566	0.0536	0.0210	0.0000	0.0000	0.0637	0.0000	0.0000
0.0000	0.0914	0.0000	0.0140	0.0095	0.0755	0.0598	0.0000	0.0000	0.0000	0.0665	0.0200
0.0519	0.0822	0.0000	0.0808	0.0444	0.0000	0.0000	0.0000	0.0000	0.0000	0.0000	0.0000
0.0157	0.0000	0.0047	0.0000	0.0025	0.0000	0.0000	0.0000	0.0663	0.0000	0.0000	0.0000
0.0154	0.0000	0.0148	0.0038	0.0543	0.0000	0.0000	0.0625	0.0000	0.0000	0.0000	0.0000
0.0000	0.0000	0.0000	0.0000	0.0000	0.0000	0.0208	0.0556	0.0000	0.0000	0.0291	0.0362
0.0000	0.0000	0.0335	0.0000	0.0000	0.0000	0.0000	0.0050	0.0000	0.0000	0.0080	0.0530
0.0237	0.0000	0.0424	0.0000	0.0416	0.0749	0.0000	0.0000	0.0587	0.0277	0.0000	0.0000
0.0470	0.0000	0.0707	0.0000	0.0000	0.0662	0.0000	0.0000	0.0000	0.0000	0.0000	0.0000
0.0557	0.0000	0.0973	0.0745	0.0215	0.0000	0.0000	0.0493	0.0000	0.0738	0.0708	0.0000
0.0631	0.0669	0.0000	0.0000	0.0000	0.0000	0.0248	0.0000	0.0000	0.0000	0.0000	0.0000
0.0438	0.1333	0.0000	0.0000	0.0141	0.0000	0.0000	0.0309	0.0000	0.0132	0.0258	0.0000
0.0000	0.0000	0.0400	0.0295	0.0624	0.0000	0.0411	0.0000	0.0000	0.0000	0.0000	0.0000
0.0000	0.0000	0.0535	0.0000	0.0000	0.0000	0.0000	0.0373	0.0000	0.0660	0.0832	0.0126
0.0000	0.0000	0.0000	0.0000	0.0000	0.0698	0.0702	0.0212	0.0248	0.0380	0.0000	0.0398
0.0000	0.0000	0.0000	0.0000	0.0000	0.0541	0.0000	0.0000	0.0000	0.0357	0.0000	0.0000
0.0161	0.0189	0.0000	0.0231	0.0000	0.0000	0.0317	0.0000	0.0233	0.0014	0.0466	0.0000
0.0000	0.0000	0.0000	0.0784	0.0441	0.0000	0.0000	0.0107	0.0000	0.0211	0.0000	0.0000
=============================================== 
O = 
0.0000	0.1221	0.2400	0.0000	0.2860	0.0807	0.0000	0.0000	0.0000	0.0000	0.0000	0.1193
0.0000	0.0000	0.1992	0.0000	0.1246	0.0000	0.0000	0.0000	0.2058	0.3592	0.0000	0.0000
0.0000	0.0000	0.1269	0.0000	0.0000	0.1154	0.0964	0.1967	0.1666	0.0000	0.0000	0.3290
0.0000	0.0000	0.0858	0.1908	0.0000	0.0000	0.0954	0.0275	0.2281	0.0000	0.3701	0.0000
0.0000	0.1498	0.0000	0.3993	0.0000	0.2130	0.0000	0.0000	0.1133	0.0000	0.2218	0.0000
0.0000	0.0000	0.0000	0.0000	0.0000	0.0000	0.1089	0.0886	0.0000	0.0000	0.3382	0.4316
0.0000	0.0622	0.1966	0.0000	0.0000	0.0000	0.2114	0.3901	0.1464	0.0000	0.0000	0.0000
0.0000	0.0000	0.1515	0.3174	0.0000	0.0845	0.0000	0.0035	0.0623	0.0000	0.0000	0.0000
0.0000	0.1777	0.0000	0.0925	0.0000	0.0000	0.2304	0.0000	0.0000	0.0000	0.0700	0.1201
0.0000	0.1597	0.0000	0.0000	0.2048	0.2586	0.0000	0.2726	0.0000	0.6408	0.0000	0.0000
1.0000	0.0000	0.0000	0.0000	0.1524	0.2479	0.1114	0.0210	0.0000	0.0000	0.0000	0.0000
0.0000	0.3286	0.0000	0.0000	0.2322	0.0000	0.1461	0.0000	0.0776	0.0000	0.0000	0.0000
