A0 = 
0.0000
0.4299
0.0023
0.1589
0.0000
0.4090
0.0000
=============================================== 
D = 
0.0000
0.2371
0.0000
0.3023
0.1777
0.0000
0.0000
0.2829
0.0000
0.0000
=============================================== 
A = 
0.0000	0.0000	0.0000	0.4732	0.0000	0.0000	0.0000
0.0000	0.0000	0.1414	0.0000	0.0000	0.0000	0.0515
0.9613	0.5105	0.0000	0.0000	0.0000	1.0000	0.3462
0.0000	0.0000	0.3953	0.0000	0.0000	0.0000	0.0326
0.0000	0.3136	0.2270	0.2923	0.0000	0.0000	0.0000
0.0387	0.0000	0.2362	0.0491	1.0000	0.0000	0.5697
0.0000	0.1759	0.0000	0.1853	0.0000	0.0000	0.0000
=============================================== 
D = 
0.0000	0.0000	0.2600	0.0000	0.4782	0.3134	0.3688
0.3322	0.0000	0.1370	0.0000	0.0000	0.0000	0.1869
0.0000	0.4168	0.2554	0.4462	0.0000	0.3243	0.0000
0.0000	0.0000	0.1539	0.0000	0.1280	0.0000	0.0000
0.0000	0.0000	0.0000	0.0000	0.3096	0.2155	0.1534
0.0000	0.0000	0.0000	0.0000	0.0000	0.0000	0.0000
0.6678	0.1640	0.1689	0.0000	0.0000	0.0000	0.2909
0.0000	0.2471	0.0000	0.0000	0.0842	0.1469	0.0000
0.0000	0.0000	0.0000	0.5538	0.0000	0.0000	0.0000
0.0000	0.1721	0.0249	0.0000	0.0000	0.0000	0.0000
=============================================== 
O = 
0.0000	0.2398	0.0324	0.0000	0.2221	0.0000	0.0000
0.0026	0.1700	0.0000	0.3117	0.0000	0.3409	0.0000
0.0000	0.0000	0.3026	0.0000	0.0000	0.0000	0.0000
0.0000	0.0000	0.3590	0.0942	0.2054	0.0000	0.1282
0.0000	0.0000	0.0000	0.3287	0.0000	0.0932	0.0000
0.0000	0.0000	0.2838	0.0000	0.0000	0.0000	0.2498
0.1870	0.0000	0.0000	0.2655	0.2022	0.1103	0.0000
0.4084	0.0000	0.0000	0.0000	0.0000	0.0000	0.6220
0.4020	0.5902	0.0222	0.0000	0.2182	0.0000	0.0000
0.0000	0.0000	0.0000	0.0000	0.1521	0.4556	0.0000
