A0 = 
0.3056
0.0000
0.2217
0.0000
0.0000
0.1726
0.3001
=============================================== 
D = 
0.0623
0.0000
0.3911
0.0000
0.0000
0.0000
0.1042
0.0000
0.4424
0.0000
=============================================== 
A = 
0.0000	0.0000	0.0000	0.5764	0.0000	0.3986	0.0000
0.0259	0.0000	0.0000	0.2272	0.0000	0.0000	0.0000
0.3804	0.0000	0.0000	0.0859	0.3494	0.0000	0.0000
0.0000	0.0000	0.2381	0.0000	0.2991	0.0000	0.9215
0.0000	0.0000	0.0000	0.0000	0.0000	0.0000	0.0785
0.0855	1.0000	0.0000	0.0000	0.1494	0.0000	0.0000
0.5083	0.0000	0.7619	0.1104	0.2021	0.6014	0.0000
=============================================== 
D = 
0.0000	0.0000	0.0000	0.1264	0.3481	0.0000	0.1519
0.2183	0.2571	0.8874	0.4356	0.0000	0.0000	0.0000
0.0000	0.0000	0.0000	0.0000	0.0000	0.0000	0.3586
0.0000	0.0735	0.0000	0.0000	0.4650	0.5906	0.0000
0.3232	0.3644	0.0000	0.0000	0.1869	0.3649	0.0000
0.0000	0.0598	0.1126	0.0000	0.0000	0.0000	0.3062
0.3606	0.2452	0.0000	0.0000	0.0000	0.0000	0.1832
0.0980	0.0000	0.0000	0.0000	0.0000	0.0000	0.0000
0.0000	0.0000	0.0000	0.2550	0.0000	0.0000	0.0000
0.0000	0.0000	0.0000	0.1831	0.0000	0.0446	0.0000
=============================================== 
O = 
0.0000	0.0000	0.0000	0.3343	0.0000	0.1974	0.0000
0.0000	0.0000	0.0000	0.0000	0.0000	0.1261	0.2962
0.0000	0.0000	0.0000	0.2417	0.0000	0.0000	0.0000
0.0000	0.0000	0.5222	0.0000	0.0000	0.0872	0.0000
0.0000	0.4144	0.0480	0.1497	0.0000	0.1978	0.0000
0.3370	0.4336	0.0000	0.0000	0.0000	0.0000	0.2292
0.1541	0.0000	0.0370	0.0000	0.0000	0.0000	0.0160
0.5088	0.0127	0.1827	0.0000	0.0000	0.0000	0.0000
0.0000	0.1394	0.1270	0.0000	1.0000	0.1943	0.2532
0.0000	0.0000	0.0831	0.2744	0.0000	0.1972	0.2053
