A0 = 
0.7659
0.0000
0.0000
0.0000
0.0000
0.0000
0.2341
=============================================== 
D = 
0.0000
0.1012
0.0000
0.0000
0.0000
0.2282
0.0228
0.3213
0.0000
0.3266
=============================================== 
A = 
0.0000	0.0000	0.0000	0.0000	0.2875	0.0000	0.1240
0.0000	0.0000	0.0000	0.0000	0.1458	0.0000	0.4474
0.0000	0.1768	0.0000	0.7548	0.3390	0.5924	0.4286
0.4275	0.0000	0.6874	0.0000	0.0000	0.0000	0.0000
0.3395	0.4669	0.0000	0.0000	0.0000	0.3903	0.0000
0.2330	0.3563	0.0000	0.0000	0.0000	0.0000	0.0000
0.0000	0.0000	0.3126	0.2452	0.2277	0.0174	0.0000
=============================================== 
D = 
0.2569	0.0000	0.0000	0.0000	0.0000	0.0000	0.0000
0.0000	0.4435	0.3873	0.0000	0.0000	0.0000	0.0000
0.2924	0.0700	0.0000	0.0000	0.2481	0.3014	0.0000
0.0663	0.0000	0.0394	0.3298	0.0000	0.0407	0.0000
0.1744	0.0000	0.5732	0.5154	0.0000	0.4002	0.5169
0.0000	0.4865	0.0000	0.0000	0.7021	0.0000	0.0000
0.2100	0.0000	0.0000	0.0000	0.0000	0.0265	0.0000
0.0000	0.0000	0.0000	0.0000	0.0498	0.0000	0.3028
0.0000	0.0000	0.0000	0.1547	0.0000	0.2312	0.1803
0.0000	0.0000	0.0000	0.0000	0.0000	0.0000	0.0000
=============================================== 
O = 
0.0000	0.0000	0.0466	0.3854	0.2822	0.0000	0.3467
0.0000	0.0711	0.0749	0.0000	0.0006	0.2364	0.0000
0.0000	0.2936	0.3416	0.1678	0.0000	0.0000	0.0000
0.1353	0.0000	0.0000	0.0000	0.0000	0.0000	0.6533
0.0000	0.0000	0.0000	0.3661	0.2330	0.4429	0.0000
0.3922	0.0000	0.0000	0.0000	0.0000	0.0000	0.0000
0.0000	0.0431	0.0000	0.0806	0.1471	0.3207	0.0000
0.4725	0.0000	0.0030	0.0000	0.0000	0.0000	0.0000
0.0000	0.3369	0.3961	0.0000	0.0177	0.0000	0.0000
0.0000	0.2553	0.1379	0.0000	0.3194	0.0000	0.0000
