A0 = 
0.0769
0.2481
0.2896
0.0000
0.0000
0.0000
0.3853
=============================================== 
D = 
0.2084
0.0000
0.0000
0.0000
0.2823
0.0000
0.0732
0.4361
0.0000
0.0000
=============================================== 
A = 
0.0000	0.3766	0.4973	0.0000	0.4857	0.4627	0.0000
0.0000	0.0000	0.5027	0.0000	0.5143	0.5027	0.1766
0.0000	0.0000	0.0000	0.0000	0.0000	0.0000	0.3903
0.0000	0.0000	0.0000	0.0000	0.0000	0.0000	0.0000
0.4277	0.0000	0.0000	0.0000	0.0000	0.0347	0.3644
0.0996	0.6234	0.0000	0.0000	0.0000	0.0000	0.0687
0.4727	0.0000	0.0000	1.0000	0.0000	0.0000	0.0000
=============================================== 
D = 
0.2928	0.0000	0.0000	0.0000	0.0000	0.2059	0.0000
0.1346	0.5237	0.0000	0.0000	0.0000	0.0000	0.2662
0.0083	0.0000	0.0000	0.0000	0.0000	0.0000	0.1583
0.1336	0.0000	0.0000	0.4326	0.0000	0.1175	0.2772
0.0000	0.0000	0.0000	0.0000	0.5133	0.2233	0.0927
0.0000	0.4763	0.0000	0.0000	0.2499	0.0363	0.0000
0.0000	0.0000	0.8447	0.0000	0.1961	0.0000	0.0000
0.1475	0.0000	0.1553	0.2621	0.0407	0.3669	0.0000
0.0000	0.0000	0.0000	0.3001	0.0000	0.0468	0.0000
0.2833	0.0000	0.0000	0.0051	0.0000	0.0033	0.2056
=============================================== 
O = 
0.0000	0.0000	0.2598	0.3609	0.0000	0.0000	0.0000
0.4873	0.2802	0.0000	0.0000	0.0000	0.0381	0.0000
0.0000	0.1407	0.0000	0.0000	0.2753	0.0000	0.0000
0.1219	0.2217	0.0000	0.5250	0.0000	0.2195	0.0000
0.0000	0.0000	0.2439	0.0000	0.2521	0.1693	0.5321
0.3907	0.0788	0.0598	0.0000	0.2176	0.0292	0.0000
0.0000	0.0000	0.0000	0.0000	0.0000	0.0000	0.0000
0.0000	0.0000	0.0000	0.0000	0.0000	0.1735	0.4679
0.0000	0.2786	0.4365	0.0000	0.0000	0.0783	0.0000
0.0000	0.0000	0.0000	0.1142	0.2550	0.2921	0.0000
