A0 = 
0.0000
0.2434
0.0000
0.0813
0.0000
0.0000
0.6752
=============================================== 
D = 
0.0000
0.4446
0.0000
0.0000
0.0000
0.0000
0.1036
0.0000
0.3540
0.0978
=============================================== 
A = 
0.0000	0.0935	0.0000	0.2769	0.0000	0.0000	0.0000
0.4087	0.0000	0.0000	0.0000	1.0000	0.1059	0.0000
0.0000	0.4433	0.0000	0.0000	0.0000	0.0000	0.0000
0.0000	0.0000	0.0000	0.0000	0.0000	0.0000	0.8085
0.2379	0.4632	1.0000	0.2285	0.0000	0.5034	0.0000
0.1169	0.0000	0.0000	0.0000	0.0000	0.0000	0.1915
0.2365	0.0000	0.0000	0.4947	0.0000	0.3908	0.0000
=============================================== 
D = 
0.0416	0.0000	0.4358	0.2242	0.0000	0.3389	0.0000
0.0000	0.5699	0.2445	0.0000	0.0000	0.0000	0.0000
0.0000	0.0000	0.0000	0.0000	0.3453	0.0000	0.0000
0.2895	0.4301	0.0000	0.0000	0.0000	0.4490	0.1321
0.1432	0.0000	0.0862	0.0000	0.0000	0.0000	0.0000
0.0000	0.0000	0.0000	0.1367	0.2321	0.0000	0.0000
0.2693	0.0000	0.0000	0.0000	0.0208	0.0000	0.0000
0.1572	0.0000	0.0000	0.3351	0.2183	0.2122	0.0000
0.0993	0.0000	0.0366	0.0000	0.0000	0.0000	0.4208
0.0000	0.0000	0.1968	0.3040	0.1835	0.0000	0.4471
=============================================== 
O = 
0.0000	0.0000	0.0000	0.1719	0.0943	0.1124	0.5306
0.0000	0.0000	0.0997	0.0030	0.1702	0.1979	0.0000
0.0000	0.0000	0.0000	0.0000	0.0000	0.0000	0.2626
0.1478	1.0000	0.0000	0.2396	0.1757	0.0000	0.0000
0.0000	0.0000	0.0000	0.0000	0.3198	0.1225	0.0000
0.0000	0.0000	0.0000	0.0618	0.0000	0.0000	0.0000
0.0000	0.0000	0.3640	0.0000	0.1360	0.0000	0.0000
0.3242	0.0000	0.0000	0.2880	0.1039	0.0802	0.2068
0.5280	0.0000	0.0000	0.0000	0.0000	0.4391	0.0000
0.0000	0.0000	0.5363	0.2356	0.0000	0.0479	0.0000
