A0 = 
0.0000
0.0000
0.0000
0.0000
0.1414
0.0000
0.5348
0.0000
0.0000
0.3238
0.0000
0.0000
=============================================== 
D = 
0.0287
0.0000
0.0144
0.0662
0.0000
0.0506
0.0665
0.0000
0.0000
0.0000
0.0257
0.0000
0.0084
0.0000
0.0000
0.0000
0.0520
0.0076
0.0000
0.0692
0.0000
0.0000
0.0000
0.0000
0.0635
0.0019
0.0187
0.0000
0.0000
0.0000
0.0000
0.0000
0.0000
0.0000
0.0000
0.0605
0.0405
0.0000
0.0440
0.0315
0.0546
0.0000
0.0408
0.0000
0.0000
0.0000
0.0263
0.0748
0.0000
0.0000
0.0310
0.0000
0.0000
0.0000
0.0000
0.0866
0.0359
0.0000
0.0000
0.0000
=============================================== 
A = 
0.0000	0.0000	0.0000	0.0000	0.3156	0.0766	0.1806	0.1943	0.0000	0.0000	0.0000	0.0000
0.0000	0.0000	0.2581	0.0000	0.2263	0.0000	0.2219	0.0000	0.0000	0.0000	0.0077	0.3302
0.0000	0.0000	0.0000	0.0000	0.0000	0.0920	0.1823	0.0000	0.1148	0.0633	0.1227	0.0000
0.0000	0.0451	0.0000	0.0000	0.1886	0.0000	0.0547	0.1613	0.0378	0.1211	0.1412	0.0000
0.2563	0.2538	0.0000	0.1537	0.0000	0.0000	0.1392	0.0621	0.1445	0.2184	0.3378	0.0000
0.0000	0.0000	0.0247	0.0000	0.0000	0.0000	0.0000	0.0000	0.0000	0.0000	0.0000	0.0000
0.0000	0.1852	0.2208	0.2251	0.2695	0.2253	0.0000	0.0323	0.0000	0.4443	0.0000	0.3387
0.1418	0.0000	0.0000	0.2798	0.0000	0.0383	0.0000	0.0000	0.0000	0.0000	0.0000	0.0000
0.1695	0.2683	0.2645	0.0000	0.0000	0.0000	0.0866	0.2376	0.0000	0.1529	0.0000	0.0000
0.0000	0.0000	0.1050	0.0000	0.0000	0.1507	0.0000	0.1327	0.2053	0.0000	0.0000	0.0000
0.0254	0.0000	0.1269	0.3415	0.0000	0.2645	0.1347	0.0000	0.4289	0.0000	0.0000	0.3310
0.4071	0.2477	0.0000	0.0000	0.0000	0.1527	0.0000	0.1797	0.0686	0.0000	0.3905	0.0000
=============================================== 
D = 
0.0000	0.0000	0.0000	0.0821	0.0314	0.0000	0.0266	0.0000	0.0000	0.0253	0.0000	0.0000
0.0285	0.0000	0.0000	0.0000	0.0591	0.0000	0.0637	0.0000	0.0540	0.0880	0.0761	0.0000
0.0818	0.0333	0.0000	0.0000	0.0000	0.0000	0.0000	0.0448	0.0050	0.0000	0.0232	0.0857
0.0000	0.0480	0.0000	0.0000	0.0000	0.0000	0.0287	0.0407	0.0265	0.0000	0.0000	0.0465
0.0000	0.0000	0.0000	0.0000	0.0000	0.0000	0.0158	0.0420	0.0661	0.0000	0.0068	0.0000
0.0311	0.0037	0.0000	0.0000	0.0000	0.0980	0.0806	0.0790	0.0478	0.0000	0.0000	0.0893
0.0000	0.0418	0.0000	0.0723	0.0039	0.0000	0.0000	0.0022	0.0148	0.0000	0.0440	0.0000
0.0000	0.0540	0.0000	0.0718	0.0000	0.0096	0.0000	0.0000	0.0000	0.0000	0.0647	0.0864
0.0000	0.0376	0.0049	0.0000	0.0000	0.0000	0.0000	0.0831	0.0000	0.0156	0.0605	0.0000
0.0257	0.0000	0.0603	0.0000	0.0655	0.0000	0.0146	0.0000	0.0628	0.0000	0.0656	0.0000
0.0000	0.0523	0.0000	0.0000	0.0000	0.0000	0.0000	0.0000	0.0000	0.0000	0.0000	0.0620
0.0780	0.0000	0.0000	0.0323	0.0000	0.0000	0.0445	0.0204	0.0000	0.0000	0.0000	0.0000
0.0000	0.0558	0.0000	0.0000	0.0000	0.1037	0.0000	0.0000	0.0525	0.0126	0.0072	0.0087
0.0000	0.0000	0.0000	0.0161	0.0000	0.0000	0.0443	0.0299	0.0465	0.0722	0.0000	0.0309
0.0000	0.0000	0.0755	0.0000	0.0000	0.0000	0.0000	0.0000	0.0000	0.0000	0.0192	0.0000
0.0514	0.0000	0.0791	0.0147	0.0378	0.0848	0.0231	0.0757	0.0418	0.0953	0.0000	0.0000
0.0743	0.0000	0.0000	0.0628	0.0662	0.0000	0.0000	0.0000	0.0000	0.0318	0.0550	0.0000
0.0000	0.0324	0.0684	0.0000	0.0421	0.0491	0.0000	0.0057	0.0361	0.0000	0.0392	0.0000
0.0433	0.0354	0.0000	0.0000	0.0000	0.0000	0.0000	0.0000	0.0000	0.0000	0.0000	0.0392
0.0548	0.0000	0.0000	0.0000	0.0000	0.0859	0.0667	0.0000	0.0000	0.0481	0.0073	0.0752
0.0000	0.0277	0.0344	0.0259	0.0307	0.0000	0.0000	0.0000	0.0000	0.0000	0.0000	0.0479
0.0000	0.0000	0.0261	0.0391	0.0000	0.0034	0.0000	0.0000	0.0100	0.0116	0.0000	0.0000
0.0428	0.0000	0.0867	0.0293	0.0000	0.0000	0.0000	0.0000	0.0000	0.0000	0.0717	0.0283
0.0188	0.0000	0.0000	0.0090	0.0453	0.0000	0.0000	0.0521	0.0000	0.0000	0.0000	0.0562
0.0000	0.0000	0.0000	0.0000	0.0594	0.0000	0.0000	0.0000	0.0000	0.0020	0.0000	0.0000
0.0000	0.0692	0.0000	0.0000	0.0000	0.0000	0.0087	0.0000	0.0000	0.0000	0.0685	0.0221
0.0677	0.0000	0.0000	0.0000	0.0000	0.0733	0.0000	0.0000	0.0000	0.0000	0.0000	0.0000
0.0000	0.0000	0.0000	0.0230	0.0000	0.0000	0.0652	0.0831	0.0000	0.0371	0.0000	0.0000
0.0000	0.0608	0.0000	0.0000	0.0000	0.0000	0.0000	0.0856	0.0658	0.0858	0.0164	0.0000
0.0012	0.0000	0.0085	0.0000	0.0000	0.0858	0.0309	0.0200	0.0085	0.0354	0.0253	0.0000
0.0000	0.0426	0.0010	0.0000	0.0000	0.0000	0.0089	0.0000	0.0401	0.0943	0.0582	0.0324
0.0000	0.0000	0.0000	0.0000	0.0688	0.1129	0.0000	0.0000	0.0000	0.0000	0.0000	0.0000
0.0278	0.0177	0.0000	0.0000	0.0000	0.0000	0.0000	0.0421	0.0535	0.0000	0.0000	0.0000
0.0081	0.0000	0.0000	0.0000	0.0586	0.0000	0.0000	0.0000	0.0000	0.0000	0.0000	0.0000
0.0000	0.0189	0.0119	0.0781	0.0614	0.0151	0.0732	0.0224	0.0000	0.0000	0.0000	0.0104
0.0000	0.0161	0.0000	0.0673	0.0000	0.0000	0.0000	0.0185	0.0634	0.0741	0.0000	0.0000
0.0000	0.0612	0.0000	0.0000	0.0000	0.0000	0.0027	0.0000	0.0000	0.0000	0.0181	0.0000
0.0343	0.0000	0.0380	0.0000	0.0178	0.0000	0.0000	0.0821	0.0064	0.0000	0.0507	0.0000
0.0207	0.0000	0.0104	0.0000	0.0452	0.0000	0.0000	0.0000	0.0000	0.0000	0.0000	0.0000
0.0000	0.0678	0.0689	0.0000	0.0084	0.0000	0.0176	0.0000	0.0234	0.0000	0.0000	0.0081
0.0640	0.0361	0.0155	0.0000	0.0000	0.0000	0.0000	0.0000	0.0000	0.0566	0.0163	0.0000
0.0000	0.0000	0.0000	0.0000	0.0000	0.0000	0.0000	0.0000	0.0112	0.0000	0.0456	0.0000
0.0000	0.0000	0.0000	0.0240	0.0363	0.0239	0.0099	0.0000	0.0000	0.0000	0.0000	0.0285
0.0000	0.0142	0.0782	0.0000	0.0000	0.0000	0.0000	0.0000	0.0000	0.0680	0.0264	0.0000
0.0000	0.0000	0.0610	0.0000	0.0000	0.0458	0.0000	0.0000	0.0000	0.0530	0.0000	0.0000
0.0000	0.0098	0.0000	0.0000	0.0497	0.0000	0.0471	0.0411	0.0000	0.0000	0.0593	0.0101
0.0000	0.0000	0.0000	0.0572	0.0000	0.0000	0.0000	0.0000	0.0044	0.0000	0.0000	0.0000
0.0000	0.0000	0.0000	0.0000	0.0436	0.0000	0.0375	0.0000	0.0259	0.0000	0.0000	0.0000
0.0600	0.0488	0.0734	0.0481	0.0000	0.0542	0.0000	0.0000	0.0000	0.0000	0.0144	0.0154
0.0000	0.0000	0.0000	0.0722	0.0000	0.0510	0.0413	0.0000	0.0000	0.0000	0.0000	0.0000
0.0000	0.0000	0.0000	0.0000	0.0375	0.0000	0.0000	0.0000	0.0401	0.0000	0.0000	0.0000
0.0357	0.0000	0.0733	0.0344	0.0164	0.0000	0.0652	0.0873	0.0145	0.0000	0.0604	0.0363
0.0000	0.0000	0.0000	0.0413	0.0684	0.0000	0.0000	0.0000	0.0000	0.0000	0.0000	0.0000
0.0000	0.0000	0.0000	0.0000	0.0000	0.0000	0.0000	0.0380	0.0000	0.0000	0.0000	0.0000
0.0535	0.0000	0.0370	0.0148	0.0000	0.1033	0.0000	0.0000	0.0642	0.0496	0.0000	0.0212
0.0000	0.0649	0.0000	0.0000	0.0150	0.0000	0.0672	0.0000	0.0000	0.0000	0.0000	0.0437
0.0000	0.0000	0.0778	0.0021	0.0000	0.0000	0.0000	0.0000	0.0000	0.0000	0.0000	0.0000
0.0000	0.0000	0.0000	0.0371	0.0314	0.0000	0.0000	0.0044	0.0669	0.0000	0.0000	0.0000
0.0806	0.0000	0.0000	0.0195	0.0000	0.0000	0.0373	0.0000	0.0476	0.0298	0.0000	0.0865
0.0157	0.0498	0.0096	0.0257	0.0000	0.0000	0.0791	0.0000	0.0000	0.0141	0.0000	0.0292
=============================================== 
O = 
0.0000	0.0320	0.2871	0.1703	0.0000	0.0000	0.1883	0.1602	0.0000	0.0000	0.1680	0.0000
0.0000	0.0000	0.0000	0.0000	0.0000	0.0000	0.0000	0.1854	0.2835	0.0000	0.0000	0.0000
0.0000	0.0000	0.0000	0.1106	0.0000	0.0000	0.0000	0.0000	0.0000	0.0000	0.2050	0.0000
0.0000	0.0000	0.0532	0.1946	0.0000	0.2760	0.2310	0.1403	0.0000	0.1290	0.0000	0.0000
0.0000	0.0000	0.0000	0.2258	0.6104	0.0000	0.1606	0.1634	0.0000	0.0000	0.0000	0.0000
0.1808	0.0000	0.0000	0.1887	0.0890	0.0000	0.0000	0.0685	0.0000	0.4725	0.0000	0.1821
0.0000	0.4336	0.0000	0.0573	0.0000	0.0000	0.0000	0.2138	0.0000	0.0000	0.0000	0.0000
0.1810	0.0000	0.0000	0.0000	0.0000	0.1192	0.0254	0.0000	0.0000	0.0000	0.0000	0.0000
0.2863	0.5018	0.2446	0.0000	0.0000	0.3191	0.0000	0.0000	0.3092	0.0000	0.0000	0.0000
0.0731	0.0000	0.0947	0.0000	0.0000	0.2856	0.2722	0.0686	0.1705	0.3986	0.3154	0.2299
0.0850	0.0000	0.0000	0.0527	0.0000	0.0000	0.0000	0.0000	0.0000	0.0000	0.1518	0.2332
0.1938	0.0326	0.3204	0.0000	0.3006	0.0000	0.1226	0.0000	0.2368	0.0000	0.1598	0.3548
