A0 = 
0.3260
0.0000
0.3162
0.1645
0.1934
0.0000
0.0000
=============================================== 
D = 
0.2418
0.2863
0.0000
0.2536
0.0000
0.0000
0.0000
0.0000
0.0000
0.2184
=============================================== 
A = 
0.0000	0.0000	0.0000	0.0000	0.3925	0.6380	0.7749
0.5944	0.0000	0.0625	0.0000	0.2630	0.0000	0.2251
0.0000	0.0000	0.0000	0.5119	0.0000	0.1483	0.0000
0.4056	0.3155	0.4593	0.0000	0.0000	0.0358	0.0000
0.0000	0.6845	0.0000	0.3870	0.0000	0.1778	0.0000
0.0000	0.0000	0.1896	0.1012	0.0074	0.0000	0.0000
0.0000	0.0000	0.2886	0.0000	0.3371	0.0000	0.0000
=============================================== 
D = 
0.0000	0.0000	0.3657	0.0000	0.0000	0.1742	0.0000
0.0000	0.0000	0.0000	0.3115	0.0000	0.0000	0.6200
0.0000	0.0000	0.1987	0.0000	0.0000	0.0000	0.0000
0.0000	0.2085	0.0000	0.2485	0.0000	0.5394	0.1718
0.0000	0.0000	0.0000	0.0737	0.0000	0.0000	0.0000
0.3273	0.0000	0.4356	0.0000	0.0000	0.0000	0.1610
0.0000	0.2454	0.0000	0.3663	0.0000	0.2863	0.0000
0.4011	0.3287	0.0000	0.0000	0.5834	0.0000	0.0472
0.1776	0.2173	0.0000	0.0000	0.4166	0.0000	0.0000
0.0940	0.0000	0.0000	0.0000	0.0000	0.0000	0.0000
=============================================== 
O = 
0.0000	0.0000	0.0000	0.2100	0.0000	0.0000	0.0415
0.0000	0.0449	0.0000	0.0000	0.0000	0.0000	0.1670
0.0000	0.0000	0.0000	0.0000	0.0000	0.2180	0.2170
0.0000	0.0000	0.2436	0.0768	0.0000	0.1093	0.0000
0.1818	0.2725	0.0000	0.1636	0.0000	0.0000	0.0000
0.5000	0.1234	0.0000	0.0000	0.0000	0.1110	0.0394
0.0000	0.0000	0.0000	0.0000	1.0000	0.1613	0.2245
0.0000	0.0000	0.4628	0.2386	0.0000	0.4004	0.3106
0.3182	0.1570	0.0000	0.1299	0.0000	0.0000	0.0000
0.0000	0.4023	0.2935	0.1811	0.0000	0.0000	0.0000
