A0 = 
0.0000
0.2251
0.1609
0.2276
0.0000
0.3864
0.0000
=============================================== 
D = 
0.0000
0.0000
0.2488
0.0000
0.2614
0.0000
0.2298
0.0985
0.0000
0.1615
=============================================== 
A = 
0.0000	0.0000	0.1896	0.0000	0.4674	0.0000	0.0000
0.4257	0.0000	0.0000	0.0000	0.0000	0.0000	0.0000
0.1420	0.4000	0.0000	0.0000	0.0000	1.0000	0.0000
0.0000	0.0090	0.1756	0.0000	0.0000	0.0000	1.0000
0.0000	0.0000	0.2656	0.4095	0.0000	0.0000	0.0000
0.0000	0.3116	0.3692	0.3219	0.4974	0.0000	0.0000
0.4323	0.2794	0.0000	0.2686	0.0352	0.0000	0.0000
=============================================== 
D = 
0.1605	0.2674	0.0000	0.0000	0.0000	0.0000	0.0000
0.0000	0.1289	0.0000	0.0000	0.0000	0.0000	0.3659
0.1870	0.0000	0.0000	0.0000	0.0000	0.0000	0.2129
0.0000	0.2366	0.4253	0.0802	0.0000	0.0000	0.0000
0.0000	0.0000	0.1582	0.5517	0.0000	0.0000	0.0000
0.2325	0.1410	0.0000	0.0000	0.0000	0.0000	0.0000
0.2762	0.0000	0.0000	0.0484	0.0047	0.0000	0.0000
0.0000	0.0000	0.3816	0.3198	0.7165	0.0000	0.2033
0.1239	0.2261	0.0000	0.0000	0.2788	0.0000	0.2179
0.0199	0.0000	0.0349	0.0000	0.0000	1.0000	0.0000
=============================================== 
O = 
0.0000	0.0000	0.2312	0.0000	0.1676	0.2164	0.8634
0.0000	0.0948	0.0000	0.0075	0.0000	0.1097	0.1366
0.0000	0.0901	0.0608	0.0000	0.0000	0.0000	0.0000
0.4159	0.1784	0.0000	0.3287	0.0000	0.0000	0.0000
0.0000	0.0883	0.7080	0.1038	0.0000	0.2853	0.0000
0.0000	0.0000	0.0000	0.0000	0.1875	0.0000	0.0000
0.0000	0.1996	0.0000	0.5599	0.2145	0.1039	0.0000
0.0000	0.1996	0.0000	0.0000	0.0000	0.0359	0.0000
0.5841	0.1493	0.0000	0.0000	0.0000	0.1031	0.0000
0.0000	0.0000	0.0000	0.0000	0.4304	0.1458	0.0000
