A0 = 
0.0000
0.2928
0.1881
0.2277
0.0000
0.0000
0.2915
=============================================== 
D = 
0.0000
0.0000
0.0225
0.0000
0.0000
0.8347
0.0000
0.0000
0.0000
0.1428
=============================================== 
A = 
0.0000	0.0000	0.0000	0.0000	0.0000	0.0000	0.0000
0.2624	0.0000	0.4140	0.0000	0.5846	0.0000	0.0000
0.0994	0.5560	0.0000	0.0000	0.0000	0.0000	0.5097
0.0000	0.1258	0.0005	0.0000	0.0000	0.0000	0.0000
0.3959	0.1528	0.2389	0.0000	0.0000	0.0000	0.0000
0.2423	0.1655	0.3467	0.3082	0.3179	0.0000	0.4903
0.0000	0.0000	0.0000	0.6918	0.0975	1.0000	0.0000
=============================================== 
D = 
0.0000	0.2183	0.0000	0.2602	0.0000	0.1744	0.0000
0.0000	0.3044	0.0802	0.0405	0.0000	0.0000	0.0000
0.0000	0.0000	0.0000	0.1611	0.0000	0.2966	0.0000
0.0000	0.2324	0.0000	0.0000	0.0000	0.0000	0.0000
0.6795	0.0000	0.0000	0.0000	0.0000	0.0000	0.0000
0.2308	0.0000	0.0000	0.0000	0.4151	0.0000	0.0000
0.0000	0.0000	0.0000	0.2673	0.2726	0.1795	0.5358
0.0897	0.0000	0.1785	0.0000	0.3123	0.1478	0.0296
0.0000	0.2449	0.7413	0.0000	0.0000	0.0000	0.0214
0.0000	0.0000	0.0000	0.2709	0.0000	0.2018	0.4132
=============================================== 
O = 
0.0000	0.1028	0.2356	0.0000	0.0000	0.0008	0.0000
0.3943	0.0000	0.0000	0.2139	0.3645	0.2033	0.0707
0.0000	0.2606	0.0000	0.3151	0.1171	0.4138	0.3635
0.0000	0.3087	0.0000	0.0000	0.0000	0.0000	0.0000
0.0625	0.0000	0.0000	0.0000	0.0000	0.2502	0.1186
0.1857	0.0000	0.0000	0.2395	0.5037	0.0000	0.0000
0.0000	0.0000	0.0000	0.0000	0.0147	0.0000	0.0000
0.3576	0.0000	0.4382	0.2315	0.0000	0.1319	0.4472
0.0000	0.3278	0.3262	0.0000	0.0000	0.0000	0.0000
0.0000	0.0000	0.0000	0.0000	0.0000	0.0000	0.0000
