A0 = 
0.0000
0.3473
0.0486
0.0000
0.2550
0.3490
0.0000
=============================================== 
D = 
0.2468
0.0161
0.0000
0.0000
0.3336
0.0000
0.4035
0.0000
0.0000
0.0000
=============================================== 
A = 
0.0000	0.3142	0.0468	0.0000	0.4094	0.0000	0.0000
0.0000	0.0000	0.0868	0.1933	0.0000	0.3891	1.0000
0.0000	0.0000	0.0000	0.0000	0.0000	0.0000	0.0000
0.3598	0.2418	0.4402	0.0000	0.0000	0.0000	0.0000
0.4476	0.3445	0.0000	0.4904	0.0000	0.6109	0.0000
0.0454	0.0000	0.4263	0.0000	0.5906	0.0000	0.0000
0.1472	0.0996	0.0000	0.3163	0.0000	0.0000	0.0000
=============================================== 
D = 
0.0000	0.1578	0.0000	0.2544	0.0000	0.1684	0.1388
0.0000	0.0000	0.1840	0.0000	0.0000	0.0000	0.0000
0.0000	0.0000	0.3427	0.0512	0.0000	0.2831	0.4600
0.1837	0.0000	0.0000	0.2527	0.0000	0.0000	0.0000
0.0000	0.0000	0.0000	0.0000	0.0000	0.2421	0.0000
0.0000	0.1274	0.0000	0.0481	0.0762	0.0000	0.0000
0.8163	0.1839	0.1965	0.0445	0.0000	0.1207	0.0000
0.0000	0.2640	0.0000	0.1674	0.0000	0.0000	0.0000
0.0000	0.2669	0.0000	0.0000	0.9238	0.1857	0.2928
0.0000	0.0000	0.2768	0.1817	0.0000	0.0000	0.1084
=============================================== 
O = 
0.0000	0.0955	0.3468	0.1796	0.3128	0.0000	0.3599
0.0000	0.2249	0.0000	0.5022	0.0000	0.3941	0.1233
0.0000	0.0000	0.2410	0.0000	0.0000	0.0000	0.0000
0.4052	0.1929	0.0000	0.0000	0.0000	0.0790	0.0000
0.0000	0.0000	0.0000	0.0000	0.0000	0.0000	0.0000
0.0000	0.2855	0.0000	0.0000	0.1270	0.5270	0.5168
0.1725	0.2012	0.2789	0.0000	0.1997	0.0000	0.0000
0.0000	0.0000	0.1333	0.2167	0.1450	0.0000	0.0000
0.0000	0.0000	0.0000	0.1015	0.2156	0.0000	0.0000
0.4223	0.0000	0.0000	0.0000	0.0000	0.0000	0.0000
