A0 = 
0.0000
0.0000
0.0000
0.0894
0.5116
0.1550
0.2440
=============================================== 
D = 
0.0000
0.0000
0.0000
0.0637
0.0000
0.0625
0.0000
0.6098
0.0000
0.2640
=============================================== 
A = 
0.0000	1.0000	0.4547	0.0000	0.0000	0.3615	0.2531
0.2581	0.0000	0.0000	0.0945	0.3374	0.6385	0.0000
0.0000	0.0000	0.0000	0.7821	0.2009	0.0000	0.0000
0.2482	0.0000	0.4163	0.0000	0.0000	0.0000	0.0000
0.0000	0.0000	0.0000	0.1233	0.0000	0.0000	0.7469
0.0000	0.0000	0.0000	0.0000	0.4617	0.0000	0.0000
0.4937	0.0000	0.1290	0.0000	0.0000	0.0000	0.0000
=============================================== 
D = 
0.0428	0.0000	0.0000	0.5674	0.1540	0.0000	0.0000
0.4014	0.0000	0.0000	0.0000	0.3449	0.0787	0.0000
0.0000	0.0000	0.0000	0.0540	0.1954	0.0000	0.0000
0.0000	0.0000	0.0000	0.0000	0.0000	0.3459	0.3730
0.0000	0.2591	0.0000	0.3787	0.0000	0.0000	0.0000
0.0000	0.2507	0.0000	0.0000	0.0000	0.0000	0.0289
0.0195	0.0000	0.6678	0.0000	0.0000	0.0739	0.2972
0.0000	0.4211	0.0000	0.0000	0.0000	0.0000	0.1822
0.5362	0.0691	0.3322	0.0000	0.3057	0.5015	0.0000
0.0000	0.0000	0.0000	0.0000	0.0000	0.0000	0.1187
=============================================== 
O = 
0.0000	0.0000	0.0000	0.0000	0.0000	0.0000	0.0000
0.0000	0.0000	0.0000	0.0276	0.0000	0.2063	0.3573
0.3252	0.0000	0.0000	0.0816	0.0000	0.0043	0.0000
0.0000	0.0000	0.0000	0.3148	0.0000	0.2178	0.0000
0.0799	0.2941	0.0000	0.0000	0.0928	0.0000	0.3004
0.3214	0.3364	0.0000	0.0000	0.0000	0.0000	0.0000
0.0000	0.0000	0.5792	0.0000	0.3312	0.0000	0.0000
0.1381	0.0000	0.0000	0.1271	0.2630	0.0000	0.0000
0.1354	0.3695	0.0000	0.2159	0.3130	0.0000	0.3423
0.0000	0.0000	0.4208	0.2329	0.0000	0.5716	0.0000
