A0 = 
0.3484
0.3022
0.3494
0.0000
0.0000
0.0000
0.0000
=============================================== 
D = 
0.0000
0.0000
0.0000
0.3549
0.0235
0.1883
0.0000
0.0000
0.0000
0.4334
=============================================== 
A = 
0.0000	0.0000	0.4729	0.0991	0.0000	0.0000	0.0000
0.3347	0.0000	0.0000	0.0000	0.1981	0.0000	0.0000
0.0000	0.0000	0.0000	0.0876	0.1455	0.3700	0.0000
0.0000	0.2739	0.0000	0.0000	0.3283	0.0000	0.0000
0.0000	0.1988	0.0000	0.4279	0.0000	0.3404	1.0000
0.6653	0.5273	0.0000	0.0000	0.0000	0.0000	0.0000
0.0000	0.0000	0.5271	0.3855	0.3281	0.2896	0.0000
=============================================== 
D = 
0.0000	0.1267	0.0006	0.0000	0.2981	0.0000	0.0000
0.2256	0.2557	0.0000	0.1658	0.0000	0.0000	0.0000
0.2070	0.0000	0.7650	0.1446	0.0000	0.0000	0.0000
0.0000	0.3018	0.0000	0.1925	0.0000	0.0000	0.0013
0.0000	0.0000	0.0000	0.0000	0.0587	0.0000	0.0000
0.3626	0.2497	0.0000	0.0000	0.0000	1.0000	0.0000
0.0000	0.0000	0.2344	0.0000	0.6433	0.0000	0.4243
0.0000	0.0000	0.0000	0.2430	0.0000	0.0000	0.2547
0.0000	0.0661	0.0000	0.2128	0.0000	0.0000	0.3197
0.2049	0.0000	0.0000	0.0413	0.0000	0.0000	0.0000
=============================================== 
O = 
0.0000	0.4448	0.0000	0.2433	0.0000	0.0000	0.0000
0.0000	0.0000	0.0000	0.0000	0.1727	0.0000	0.0520
0.0000	0.0000	0.0000	0.0008	0.0000	0.4934	0.0000
0.4012	0.0464	0.0000	0.0000	0.3963	0.0000	0.0000
0.0000	0.0000	0.2445	0.0000	0.0000	0.0819	0.2010
0.0307	0.3204	0.0278	0.0000	0.0000	0.0000	0.2003
0.4402	0.0000	0.0000	0.3942	0.0000	0.0000	0.1140
0.0927	0.0000	0.7277	0.0000	0.0000	0.0000	0.2219
0.0353	0.0000	0.0000	0.3617	0.4309	0.2822	0.2108
0.0000	0.1885	0.0000	0.0000	0.0000	0.1425	0.0000
