A0 = 
0.1557
0.1086
0.0000
0.2155
0.0000
0.0000
0.2060
0.0000
0.0000
0.0000
0.1645
0.1497
=============================================== 
D = 
0.0000
0.0000
0.0669
0.0492
0.0212
0.0000
0.0000
0.0000
0.0701
0.0000
0.0012
0.0000
0.0000
0.0000
0.0161
0.0603
0.0000
0.0000
0.0000
0.0566
0.0000
0.0000
0.0220
0.0629
0.0000
0.0000
0.0000
0.0000
0.0000
0.0000
0.0000
0.0000
0.0000
0.0000
0.0000
0.0674
0.0000
0.0000
0.0000
0.0000
0.0000
0.0000
0.0547
0.0000
0.0322
0.0395
0.0636
0.0000
0.0711
0.0000
0.0433
0.0427
0.0000
0.0642
0.0575
0.0000
0.0000
0.0373
0.0000
0.0000
=============================================== 
A = 
0.0000	0.0000	0.2498	0.0000	0.0000	0.0000	0.1757	0.0000	0.0000	0.0161	0.1618	0.2046
0.0000	0.0000	0.0000	0.0000	0.0000	0.0000	0.0000	0.0000	0.4084	0.1325	0.2523	0.0000
0.1666	0.0000	0.0000	0.2405	0.2551	0.0000	0.0379	0.0000	0.0000	0.4653	0.0000	0.0000
0.0000	0.0000	0.0000	0.0000	0.0000	0.0000	0.4277	0.2141	0.0000	0.0000	0.0000	0.0916
0.0000	0.1975	0.0000	0.0002	0.0000	0.4059	0.0000	0.2725	0.0000	0.0000	0.0284	0.2054
0.0000	0.2397	0.2550	0.2423	0.2836	0.0000	0.0000	0.1145	0.1494	0.0000	0.4206	0.0000
0.0000	0.0681	0.0000	0.0000	0.0000	0.0769	0.0000	0.0556	0.0000	0.0000	0.0000	0.0000
0.3789	0.0000	0.0000	0.2345	0.0000	0.0908	0.0000	0.0000	0.0921	0.0000	0.0000	0.0000
0.0000	0.1186	0.1427	0.0947	0.2725	0.4264	0.0000	0.3433	0.0000	0.0000	0.1369	0.4932
0.4545	0.2842	0.0000	0.0000	0.1889	0.0000	0.0000	0.0000	0.0000	0.0000	0.0000	0.0000
0.0000	0.0000	0.2395	0.0457	0.0000	0.0000	0.3587	0.0000	0.3500	0.3862	0.0000	0.0052
0.0000	0.0918	0.1130	0.1420	0.0000	0.0000	0.0000	0.0000	0.0000	0.0000	0.0000	0.0000
=============================================== 
D = 
0.0000	0.0288	0.0000	0.0000	0.0726	0.0171	0.0269	0.0000	0.0000	0.0000	0.0000	0.0117
0.0000	0.0000	0.0791	0.0000	0.0000	0.0000	0.0000	0.0334	0.0000	0.0000	0.0000	0.0000
0.0000	0.0440	0.0013	0.0000	0.0352	0.0509	0.0069	0.0249	0.0429	0.0923	0.0000	0.0000
0.0645	0.0000	0.0000	0.0698	0.0462	0.0520	0.0342	0.0000	0.0420	0.0293	0.0926	0.0000
0.0005	0.0000	0.0000	0.0000	0.0000	0.0424	0.0449	0.0000	0.0000	0.0907	0.0120	0.0000
0.0000	0.0000	0.0068	0.0000	0.0419	0.0547	0.0000	0.0474	0.0000	0.1024	0.0032	0.0000
0.0412	0.0283	0.0000	0.0101	0.0095	0.0022	0.0000	0.0312	0.0000	0.0000	0.0000	0.0000
0.0649	0.0000	0.0000	0.0000	0.0000	0.0544	0.0000	0.0465	0.0000	0.0000	0.0374	0.0016
0.0515	0.0000	0.0609	0.0000	0.0030	0.0448	0.0000	0.0000	0.0000	0.1030	0.0000	0.0056
0.0000	0.0000	0.0000	0.0000	0.0000	0.0297	0.0000	0.0000	0.0000	0.1262	0.0000	0.0000
0.0000	0.0000	0.0000	0.0280	0.0000	0.0429	0.0000	0.0000	0.0000	0.0000	0.0000	0.0184
0.0333	0.0000	0.0049	0.0000	0.0000	0.0000	0.0000	0.0000	0.0000	0.0000	0.0000	0.0030
0.0326	0.0231	0.0057	0.0504	0.0000	0.0193	0.0000	0.0000	0.0870	0.0230	0.0000	0.0021
0.0518	0.0324	0.0000	0.0000	0.0355	0.0000	0.0000	0.0000	0.0274	0.0473	0.0791	0.0755
0.0000	0.0190	0.0000	0.0000	0.0000	0.0000	0.0000	0.0000	0.0000	0.0000	0.0000	0.0597
0.0179	0.0000	0.0000	0.0000	0.0325	0.0059	0.0000	0.0232	0.1072	0.0000	0.0000	0.0000
0.0000	0.0327	0.0809	0.0000	0.0000	0.0383	0.0000	0.0000	0.0781	0.0000	0.0522	0.0000
0.0255	0.0356	0.0000	0.0653	0.0000	0.0000	0.0000	0.0000	0.0755	0.0149	0.0000	0.0000
0.0000	0.0000	0.0324	0.0000	0.0000	0.0518	0.0000	0.0000	0.0305	0.0000	0.0000	0.0000
0.0000	0.0343	0.0000	0.0000	0.0235	0.0077	0.0000	0.0000	0.0711	0.0000	0.0000	0.0000
0.0464	0.0729	0.0684	0.0230	0.0000	0.0371	0.0000	0.0000	0.0000	0.0000	0.0000	0.0121
0.0000	0.0004	0.0369	0.0643	0.0000	0.0095	0.0368	0.0745	0.0000	0.0000	0.0911	0.0733
0.0000	0.0699	0.0297	0.0000	0.0645	0.0000	0.0319	0.0000	0.0000	0.1003	0.0000	0.0479
0.0041	0.0000	0.0534	0.0546	0.0000	0.0000	0.0000	0.0742	0.0077	0.0000	0.0205	0.0641
0.0447	0.0000	0.0497	0.0107	0.0715	0.0000	0.0000	0.0000	0.0000	0.0000	0.0000	0.0851
0.0000	0.0000	0.0266	0.0039	0.0709	0.0262	0.0000	0.0000	0.0000	0.0000	0.0000	0.0000
0.0000	0.0169	0.0273	0.0672	0.0000	0.0594	0.0106	0.0749	0.0000	0.0000	0.0577	0.0687
0.0000	0.0000	0.0000	0.0675	0.0000	0.0000	0.0000	0.0000	0.0000	0.0000	0.0000	0.0067
0.0000	0.0745	0.0000	0.0000	0.0000	0.0000	0.0000	0.0000	0.0000	0.0000	0.0228	0.0000
0.0000	0.0170	0.0000	0.0000	0.0000	0.0000	0.0130	0.0418	0.0282	0.0000	0.0000	0.0000
0.0557	0.0000	0.0086	0.0000	0.0585	0.0000	0.0000	0.0000	0.0000	0.0000	0.0000	0.0481
0.0000	0.0000	0.0001	0.0384	0.0000	0.0000	0.0000	0.0000	0.0236	0.0000	0.0000	0.0000
0.0391	0.0362	0.0000	0.0495	0.0000	0.0000	0.0291	0.0727	0.0000	0.0873	0.0000	0.0000
0.0000	0.0000	0.0000	0.0000	0.0000	0.0000	0.0000	0.0000	0.0000	0.0000	0.0000	0.0798
0.0279	0.0000	0.0714	0.0000	0.0325	0.0000	0.0000	0.0000	0.0000	0.0000	0.0718	0.0000
0.0000	0.0000	0.0000	0.0000	0.0000	0.0000	0.0010	0.0772	0.0000	0.0095	0.0160	0.0000
0.0000	0.0403	0.0000	0.0561	0.0000	0.0219	0.0000	0.0000	0.0326	0.0193	0.0852	0.0000
0.0000	0.0000	0.0000	0.0000	0.0000	0.0000	0.0000	0.0000	0.0000	0.0000	0.0000	0.0000
0.0000	0.0000	0.0239	0.0000	0.0000	0.0000	0.0405	0.0000	0.0000	0.0000	0.0047	0.0000
0.0000	0.0000	0.0000	0.0000	0.0151	0.0320	0.0281	0.0459	0.0000	0.0000	0.0000	0.0000
0.0000	0.0000	0.0000	0.0585	0.0285	0.0000	0.0000	0.0000	0.0000	0.0000	0.0000	0.0671
0.0477	0.0784	0.0000	0.0015	0.0000	0.0403	0.0631	0.0742	0.0000	0.0000	0.0000	0.0000
0.0464	0.0367	0.0260	0.0000	0.0310	0.0000	0.0469	0.0080	0.0000	0.0000	0.0000	0.0000
0.0000	0.0000	0.0000	0.0344	0.0573	0.0000	0.0000	0.0000	0.0526	0.0000	0.0000	0.0274
0.0000	0.0000	0.0000	0.0279	0.0000	0.0431	0.1063	0.0000	0.0839	0.0000	0.0000	0.0116
0.0078	0.0000	0.0000	0.0000	0.0000	0.0000	0.0000	0.0074	0.0000	0.0000	0.0257	0.0000
0.0033	0.0130	0.0850	0.0000	0.0000	0.0000	0.0000	0.0138	0.0512	0.0919	0.0463	0.0481
0.0504	0.0000	0.0000	0.0696	0.0289	0.0000	0.0772	0.0040	0.0000	0.0000	0.0000	0.0765
0.0000	0.0000	0.0000	0.0639	0.0000	0.0606	0.0000	0.0000	0.0000	0.0487	0.0000	0.0000
0.0229	0.0000	0.0621	0.0442	0.0627	0.0000	0.1117	0.0763	0.0000	0.0000	0.0850	0.0027
0.0000	0.0000	0.0000	0.0062	0.0266	0.0000	0.0000	0.0000	0.0000	0.0139	0.0000	0.0342
0.0000	0.0579	0.0000	0.0000	0.0000	0.0000	0.1034	0.0000	0.0000	0.0000	0.0307	0.0000
0.0603	0.0000	0.0000	0.0000	0.0478	0.0000	0.0000	0.0000	0.0464	0.0000	0.0000	0.0000
0.0553	0.0776	0.0332	0.0349	0.0000	0.0377	0.0483	0.0000	0.0694	0.0000	0.0571	0.0690
0.0000	0.0463	0.0000	0.0000	0.0000	0.0167	0.0550	0.0335	0.0000	0.0000	0.0338	0.0000
0.0000	0.0000	0.0799	0.0000	0.0000	0.0212	0.0000	0.0417	0.0000	0.0000	0.0194	0.0000
0.0332	0.0128	0.0458	0.0000	0.0000	0.0436	0.0000	0.0000	0.0330	0.0000	0.0558	0.0000
0.0563	0.0707	0.0000	0.0000	0.0575	0.0000	0.0000	0.0000	0.0000	0.0000	0.0000	0.0000
0.0146	0.0000	0.0000	0.0000	0.0467	0.0000	0.0844	0.0000	0.0000	0.0000	0.0000	0.0000
0.0002	0.0000	0.0000	0.0000	0.0000	0.0369	0.0000	0.0731	0.0097	0.0000	0.0000	0.0000
=============================================== 
O = 
0.0000	0.3537	0.0000	0.0090	0.0000	0.0000	0.0000	0.0000	0.0000	0.0000	0.0000	0.0000
0.4022	0.2126	0.0000	0.0354	0.3241	0.0000	0.0535	0.5812	0.0000	0.0000	0.0000	0.4003
0.0700	0.0000	0.0564	0.1694	0.1635	0.0000	0.0000	0.4188	0.0000	0.0000	0.0000	0.0000
0.0489	0.0000	0.2089	0.0000	0.0000	0.2175	0.0568	0.0000	0.0000	0.0650	0.0000	0.0000
0.4662	0.0887	0.2457	0.0000	0.0000	0.1191	0.0000	0.0000	0.1892	0.2376	0.0498	0.0000
0.0000	0.0000	0.0000	0.2704	0.0000	0.0000	0.2341	0.0000	0.0000	0.1854	0.0000	0.0968
0.0000	0.0000	0.1000	0.2439	0.0000	0.0000	0.0000	0.0000	0.1659	0.0623	0.0000	0.4858
0.0000	0.0000	0.0000	0.2392	0.0000	0.0000	0.0000	0.0000	0.2731	0.0000	0.0000	0.0171
0.0000	0.0000	0.0000	0.0000	0.0000	0.0000	0.2279	0.0000	0.0226	0.1871	0.3615	0.0000
0.0000	0.0000	0.0000	0.0000	0.0000	0.0000	0.0000	0.0000	0.0000	0.1781	0.2735	0.0000
0.0000	0.2517	0.2575	0.0327	0.5124	0.0000	0.1727	0.0000	0.0000	0.0845	0.3152	0.0000
0.0126	0.0933	0.1315	0.0000	0.0000	0.6634	0.2549	0.0000	0.3492	0.0000	0.0000	0.0000
