A0 = 
0.3645
0.0513
0.0000
0.0000
0.0000
0.3465
0.2378
=============================================== 
D = 
0.0000
0.0000
0.0000
0.2144
0.3647
0.0000
0.0000
0.2586
0.1623
0.0000
=============================================== 
A = 
0.0000	0.5009	0.0000	0.0000	0.0197	0.4132	0.3770
0.2732	0.0000	0.0000	0.6093	0.0388	0.2875	0.0000
0.0600	0.0000	0.0000	0.0000	0.0000	0.0000	0.0787
0.1793	0.0000	0.0000	0.0000	0.0000	0.0000	0.2060
0.0000	0.0000	0.0000	0.3907	0.0000	0.0000	0.0000
0.2956	0.0000	1.0000	0.0000	0.9415	0.0000	0.3384
0.1919	0.4991	0.0000	0.0000	0.0000	0.2993	0.0000
=============================================== 
D = 
0.0000	0.2424	0.0000	0.1787	0.0000	0.0000	0.1146
0.2398	0.2913	0.0000	0.0000	0.0000	0.0000	0.0376
0.0956	0.1513	0.0000	0.0000	0.0000	0.0000	0.2721
0.2963	0.3151	0.4100	0.7737	0.0000	0.1987	0.0496
0.0000	0.0000	0.0000	0.0000	0.0000	0.0000	0.2909
0.0000	0.0000	0.2907	0.0000	0.3421	0.2194	0.1092
0.2061	0.0000	0.0000	0.0476	0.0000	0.0000	0.0000
0.0000	0.0000	0.0000	0.0000	0.0000	0.0000	0.0804
0.0000	0.0000	0.0000	0.0000	0.0000	0.0000	0.0046
0.1621	0.0000	0.2994	0.0000	0.6579	0.5819	0.0410
=============================================== 
O = 
0.0000	0.0000	0.0000	0.0000	0.2023	0.2057	0.3063
0.0000	0.2942	0.0000	0.0000	0.3295	0.0000	0.0000
0.4012	0.0000	0.1369	0.1624	0.1363	0.0000	0.2698
0.1309	0.0000	0.0000	0.4265	0.3319	0.0000	0.0000
0.0000	0.0000	0.4460	0.0000	0.0000	0.0000	0.2265
0.0000	0.5014	0.0000	0.2986	0.0000	0.3568	0.1973
0.1311	0.0000	0.0000	0.0000	0.0000	0.0000	0.0000
0.3368	0.0000	0.0000	0.0000	0.0000	0.0000	0.0000
0.0000	0.0000	0.0000	0.1126	0.0000	0.2693	0.0000
0.0000	0.2044	0.4171	0.0000	0.0000	0.1682	0.0000
