A0 = 
0.0000
0.2582
0.1065
0.0000
0.3526
0.0000
0.2827
=============================================== 
D = 
0.2779
0.0000
0.0000
0.0000
0.0000
0.4587
0.0000
0.2504
0.0130
0.0000
=============================================== 
A = 
0.0000	0.3707	0.0000	0.0000	0.4417	0.0000	0.4610
0.0255	0.0000	0.0000	0.0000	0.1873	0.0000	0.4842
0.2117	0.0000	0.0000	0.3424	0.0000	1.0000	0.0000
0.1323	0.4973	1.0000	0.0000	0.3710	0.0000	0.0000
0.4158	0.0000	0.0000	0.3536	0.0000	0.0000	0.0548
0.0000	0.0000	0.0000	0.0000	0.0000	0.0000	0.0000
0.2146	0.1320	0.0000	0.3040	0.0000	0.0000	0.0000
=============================================== 
D = 
0.0000	0.0000	0.2918	0.0000	0.0000	0.0041	0.2176
0.0000	0.0000	0.0389	0.2157	0.0000	0.2049	0.0000
0.2104	0.0000	0.1146	0.0000	0.0000	0.0000	0.0000
0.0000	0.0000	0.1085	0.2367	0.0000	0.0000	0.0000
0.0000	0.0000	0.2115	0.2743	0.0000	0.2246	0.0000
0.1776	1.0000	0.0000	0.1316	0.9507	0.0000	0.0000
0.2226	0.0000	0.0000	0.0496	0.0000	0.3082	0.0000
0.0000	0.0000	0.0000	0.0000	0.0000	0.0000	0.0000
0.1670	0.0000	0.0000	0.0732	0.0493	0.0000	0.7824
0.2225	0.0000	0.2347	0.0189	0.0000	0.2581	0.0000
=============================================== 
O = 
0.0000	0.4315	0.0000	0.0000	0.2938	0.2956	0.2659
0.0000	0.0000	0.3327	0.2619	0.0889	0.0000	0.0000
0.1366	0.0000	0.2641	0.3704	0.0000	0.0000	0.1618
0.0000	0.5685	0.0000	0.2709	0.0957	0.0000	0.0000
0.0000	0.0000	0.0000	0.0000	0.2975	0.0000	0.5724
0.0000	0.0000	0.0000	0.0425	0.0863	0.0000	0.0000
0.0000	0.0000	0.0519	0.0000	0.0000	0.2146	0.0000
0.7266	0.0000	0.2075	0.0000	0.1378	0.0000	0.0000
0.1368	0.0000	0.1438	0.0543	0.0000	0.4898	0.0000
0.0000	0.0000	0.0000	0.0000	0.0000	0.0000	0.0000
