A0 = 
0.0731
0.0000
0.4876
0.0000
0.0000
0.3818
0.0574
=============================================== 
D = 
0.0000
0.0000
0.2315
0.2049
0.2274
0.0000
0.2497
0.0866
0.0000
0.0000
=============================================== 
A = 
0.0000	0.3720	0.1848	0.2291	0.1797	0.4271	0.3796
0.0000	0.0000	0.6022	0.0606	0.4488	0.4585	0.0000
0.0000	0.0000	0.0000	0.0000	0.0000	0.0000	0.0000
0.0000	0.0261	0.0000	0.0000	0.0000	0.0000	0.5107
0.0000	0.0000	0.0000	0.3510	0.0000	0.0000	0.1097
0.0000	0.5569	0.0000	0.0000	0.0000	0.0000	0.0000
1.0000	0.0450	0.2130	0.3592	0.3715	0.1144	0.0000
=============================================== 
D = 
0.0000	0.0000	0.0000	0.0000	0.0000	0.0000	0.0000
0.0072	0.0000	0.0000	0.0705	0.3661	0.0000	0.1362
0.0000	0.0000	0.0000	0.0000	0.3187	0.0000	0.1153
0.0000	0.3308	0.7768	0.2409	0.1404	0.0000	0.1401
0.0000	0.0000	0.0000	0.0000	0.0000	0.0601	0.3025
0.0000	0.0000	0.0000	0.3557	0.0000	0.0000	0.0000
0.0098	0.0000	0.0000	0.2715	0.0000	0.0000	0.2729
0.9829	0.0000	0.0000	0.0000	0.0000	0.9399	0.0330
0.0000	0.2487	0.0000	0.0615	0.1748	0.0000	0.0000
0.0000	0.4205	0.2232	0.0000	0.0000	0.0000	0.0000
=============================================== 
O = 
0.1149	0.2437	0.0000	0.0000	0.0000	0.5429	0.0000
0.1586	0.2486	0.0000	0.0000	0.2612	0.2561	0.0000
0.0000	0.1664	0.0000	0.0000	0.1463	0.0000	0.0000
0.0000	0.0000	0.0000	0.5687	0.2524	0.0000	0.2874
0.0000	0.0000	0.0000	0.0445	0.0000	0.0000	0.0000
0.0000	0.0000	0.0000	0.3868	0.0000	0.2011	0.3898
0.3715	0.1834	0.0000	0.0000	0.0000	0.0000	0.0000
0.0000	0.1580	0.0000	0.0000	0.1124	0.0000	0.0000
0.3550	0.0000	0.5600	0.0000	0.2277	0.0000	0.0000
0.0000	0.0000	0.4400	0.0000	0.0000	0.0000	0.3228
