A0 = 
0.3612
0.0000
0.0000
0.6388
=============================================== 
D = 
0.0000
0.0000
0.0000
0.3524
0.0000
0.2078
0.0796
0.0000
0.3602
0.0000
=============================================== 
A = 
0.0000	0.0000	1.0000	0.0000
0.1083	0.0000	0.0000	1.0000
0.4464	0.5516	0.0000	0.0000
0.4453	0.4484	0.0000	0.0000
=============================================== 
D = 
0.4681	0.0000	0.0299	0.2484
0.0000	0.0000	0.0000	0.0000
0.0000	0.1893	0.0000	0.1734
0.0000	0.0000	0.0000	0.2197
0.0000	0.0000	0.1454	0.0000
0.5319	0.0000	0.1700	0.1770
0.0000	0.3339	0.1813	0.0000
0.0000	0.1563	0.2797	0.0000
0.0000	0.3205	0.1936	0.0000
0.0000	0.0000	0.0000	0.1816
=============================================== 
O = 
0.0000	0.0000	0.0000	0.5468
0.0000	0.1588	0.5413	0.0000
0.3160	0.2217	0.0000	0.0000
0.4516	0.2194	0.0000	0.4532
0.0000	0.1723	0.0000	0.0000
0.0000	0.0000	0.4587	0.0000
0.2324	0.2279	0.0000	0.0000
