A0 = 
0.0000
0.3370
0.2970
0.0000
0.0000
0.1951
0.1710
=============================================== 
D = 
0.0000
0.0000
0.0000
0.0000
0.0000
0.0000
0.2297
0.3814
0.2138
0.1752
=============================================== 
A = 
0.0000	0.0000	0.0000	0.5607	0.0000	0.0000	0.0000
0.0000	0.0000	0.0382	0.4393	0.3543	0.0000	0.2120
0.9358	0.3725	0.0000	0.0000	0.0000	0.2091	0.3692
0.0000	0.6275	0.6894	0.0000	0.0000	0.7909	0.0521
0.0000	0.0000	0.0000	0.0000	0.0000	0.0000	0.1055
0.0642	0.0000	0.0000	0.0000	0.6457	0.0000	0.2612
0.0000	0.0000	0.2723	0.0000	0.0000	0.0000	0.0000
=============================================== 
D = 
0.0000	0.1547	0.0000	0.3437	0.2571	0.0000	0.0889
0.5412	0.0000	0.0000	0.1323	0.0000	0.6708	0.2558
0.0000	0.3461	0.0000	0.0000	0.0000	0.0000	0.0000
0.0930	0.0000	0.0000	0.1236	0.3602	0.0545	0.0000
0.2716	0.1675	0.0000	0.0000	0.0000	0.0000	0.0000
0.0000	0.0854	0.0000	0.0000	0.0000	0.0346	0.1437
0.0000	0.0087	0.5682	0.0000	0.2488	0.0000	0.5116
0.0943	0.2375	0.2391	0.0000	0.1340	0.2401	0.0000
0.0000	0.0000	0.0000	0.0000	0.0000	0.0000	0.0000
0.0000	0.0000	0.1927	0.4004	0.0000	0.0000	0.0000
=============================================== 
O = 
0.0000	0.3236	0.3107	0.0000	0.0000	0.0000	0.0000
0.0000	0.1466	0.0000	0.0000	0.0000	0.0000	0.3550
0.0960	0.0000	0.0000	0.0000	0.1896	0.0000	0.0000
0.0000	0.0675	0.0897	0.0000	0.2305	0.0000	0.1342
0.0000	0.0000	0.0000	0.1561	0.0000	0.4216	0.0000
0.0000	0.0000	0.0000	0.3199	0.0000	0.0000	0.1484
0.1050	0.0885	0.3288	0.0000	0.0000	0.0000	0.0000
0.5272	0.0000	0.0000	0.5239	0.3132	0.0000	0.0000
0.0000	0.3222	0.0000	0.0000	0.0000	0.0000	0.0000
0.2717	0.0515	0.2709	0.0000	0.2668	0.5784	0.3624
