A0 = 
0.2841
0.0000
0.2632
0.3619
0.0908
0.0000
0.0000
=============================================== 
D = 
0.0000
0.1425
0.0000
0.0000
0.0000
0.1582
0.3269
0.1291
0.0000
0.2434
=============================================== 
A = 
0.0000	0.0000	0.4922	0.0000	0.0000	0.4087	0.0000
0.0000	0.0000	0.0000	0.0000	0.5126	0.0000	0.0000
1.0000	0.1817	0.0000	0.5780	0.1728	0.0000	1.0000
0.0000	0.3244	0.0000	0.0000	0.0000	0.0000	0.0000
0.0000	0.2031	0.0000	0.4220	0.0000	0.3466	0.0000
0.0000	0.2908	0.5078	0.0000	0.3146	0.0000	0.0000
0.0000	0.0000	0.0000	0.0000	0.0000	0.2447	0.0000
=============================================== 
D = 
0.0000	0.2039	0.0449	0.1075	0.0000	0.0000	0.0000
0.0000	0.1053	0.0000	0.1679	0.2298	0.5028	0.0000
0.0000	0.0000	0.0000	0.1566	0.0000	0.0000	0.5129
0.7271	0.1854	0.1032	0.0000	0.1404	0.0000	0.0000
0.0000	0.0000	0.1349	0.1905	0.0000	0.4972	0.0000
0.2729	0.1908	0.1872	0.0000	0.0000	0.0000	0.0000
0.0000	0.3146	0.2092	0.0385	0.3236	0.0000	0.0000
0.0000	0.0000	0.0000	0.1538	0.0000	0.0000	0.0000
0.0000	0.0000	0.1198	0.1852	0.0000	0.0000	0.4224
0.0000	0.0000	0.2009	0.0000	0.3061	0.0000	0.0647
=============================================== 
O = 
0.0000	0.0000	0.0000	0.0000	0.0000	0.0000	1.0000
0.1449	0.3174	0.0000	0.0000	0.2813	0.0000	0.0000
0.0000	0.0000	0.1026	0.2014	0.0000	0.0000	0.0000
0.0000	0.0000	0.0000	0.0000	0.0000	0.0000	0.0000
0.0000	0.0000	0.0000	0.2125	0.3373	0.0852	0.0000
0.0000	0.2668	0.3064	0.0015	0.0000	0.0000	0.0000
0.2682	0.1017	0.3222	0.0000	0.2632	0.3139	0.0000
0.1648	0.0000	0.2689	0.0388	0.0825	0.2629	0.0000
0.4221	0.0000	0.0000	0.2477	0.0000	0.1972	0.0000
0.0000	0.3142	0.0000	0.2982	0.0357	0.1406	0.0000
