A0 = 
0.0758
0.0000
0.0000
0.0000
0.0000
0.0000
0.2237
0.3116
0.0000
0.3889
0.0000
0.0000
=============================================== 
D = 
0.0000
0.0749
0.0000
0.0000
0.0551
0.0283
0.0000
0.0000
0.0000
0.0000
0.0278
0.0000
0.0000
0.0000
0.0000
0.0000
0.0000
0.0000
0.0000
0.0211
0.0000
0.0000
0.0474
0.0000
0.0000
0.0530
0.0065
0.0154
0.0479
0.0000
0.0000
0.0508
0.0479
0.0000
0.0000
0.0114
0.0000
0.0000
0.0146
0.0000
0.0384
0.0651
0.0000
0.0000
0.0000
0.0000
0.0000
0.0733
0.0597
0.0546
0.0915
0.0497
0.0271
0.0184
0.0000
0.0202
0.0000
0.0000
0.0000
0.0000
=============================================== 
A = 
0.0000	0.2082	0.0000	0.0000	0.0507	0.0000	0.0000	0.2061	0.1279	0.1731	0.2408	0.2170
0.1990	0.0000	0.0000	0.0000	0.2886	0.0000	0.0000	0.0000	0.0000	0.0171	0.0000	0.0000
0.0000	0.0000	0.0000	0.0000	0.0000	0.0659	0.3432	0.0000	0.1935	0.0000	0.0000	0.0123
0.1798	0.0000	0.1794	0.0000	0.0000	0.3961	0.0000	0.0252	0.2143	0.0000	0.2380	0.0000
0.0000	0.0000	0.1090	0.0000	0.0000	0.0487	0.0000	0.0000	0.2376	0.1187	0.0000	0.0000
0.0000	0.2349	0.0000	0.0000	0.2841	0.0000	0.0000	0.0000	0.0000	0.0000	0.2177	0.3673
0.0000	0.0000	0.0000	0.2018	0.2185	0.0000	0.0000	0.3695	0.2103	0.2299	0.0088	0.0000
0.3121	0.1943	0.0000	0.3894	0.0000	0.4892	0.2866	0.0000	0.0000	0.2399	0.0350	0.0000
0.0000	0.2034	0.3574	0.0000	0.1580	0.0000	0.1379	0.3992	0.0000	0.0000	0.1627	0.0000
0.0381	0.1593	0.0000	0.3272	0.0000	0.0000	0.0000	0.0000	0.0164	0.0000	0.0971	0.3070
0.2710	0.0000	0.0000	0.0816	0.0000	0.0000	0.2323	0.0000	0.0000	0.2214	0.0000	0.0964
0.0000	0.0000	0.3541	0.0000	0.0000	0.0000	0.0000	0.0000	0.0000	0.0000	0.0000	0.0000
=============================================== 
D = 
0.0000	0.0213	0.0285	0.0000	0.0000	0.0000	0.0000	0.0000	0.0000	0.0000	0.0000	0.0000
0.0000	0.0000	0.0542	0.0363	0.0000	0.0000	0.0000	0.0000	0.0000	0.0000	0.0000	0.0000
0.0535	0.0294	0.0000	0.0000	0.0763	0.0447	0.0000	0.0000	0.0669	0.0749	0.0286	0.0000
0.0389	0.0000	0.0000	0.0519	0.0000	0.0000	0.0000	0.0745	0.0000	0.0000	0.0661	0.0000
0.0071	0.0237	0.0353	0.0000	0.0480	0.0000	0.0226	0.0443	0.0000	0.0000	0.0152	0.0021
0.0010	0.0000	0.0728	0.0000	0.0000	0.0000	0.0019	0.0000	0.0000	0.0000	0.0000	0.0000
0.0611	0.0000	0.0000	0.0000	0.0000	0.0000	0.0000	0.0000	0.0000	0.0000	0.0132	0.0579
0.0354	0.0000	0.0000	0.0477	0.0000	0.0242	0.0770	0.0000	0.0000	0.0000	0.0340	0.0000
0.0518	0.0286	0.0859	0.0000	0.0000	0.0617	0.0000	0.0000	0.0000	0.0000	0.0000	0.0000
0.0000	0.0000	0.0000	0.0372	0.0000	0.0000	0.0529	0.0000	0.0217	0.0000	0.0000	0.0000
0.0412	0.0000	0.0000	0.0491	0.0000	0.0000	0.0000	0.0000	0.0000	0.0000	0.0000	0.0000
0.0000	0.0691	0.0439	0.0000	0.0764	0.0000	0.0184	0.0000	0.0000	0.0000	0.0000	0.0000
0.0014	0.0102	0.0799	0.0538	0.0190	0.0000	0.0000	0.0236	0.0819	0.0000	0.0000	0.0000
0.0000	0.0315	0.0000	0.0000	0.0000	0.0641	0.0000	0.0657	0.0000	0.0000	0.0270	0.0181
0.0228	0.0348	0.0128	0.0662	0.0446	0.0550	0.0830	0.0320	0.0000	0.0000	0.0431	0.0000
0.0175	0.0098	0.0378	0.0046	0.0000	0.0000	0.0000	0.0151	0.0000	0.0466	0.0142	0.0025
0.0673	0.0000	0.0691	0.0663	0.0000	0.0651	0.0000	0.0651	0.0000	0.0869	0.0573	0.0000
0.0000	0.0000	0.0000	0.0000	0.0314	0.0652	0.0115	0.0162	0.0000	0.0001	0.0204	0.0000
0.0250	0.0095	0.0661	0.0000	0.0000	0.0656	0.0327	0.0000	0.0957	0.0000	0.0000	0.0000
0.0000	0.0000	0.0000	0.0453	0.0000	0.0075	0.0735	0.0000	0.0000	0.0000	0.0000	0.0000
0.0000	0.0000	0.0000	0.0596	0.0000	0.0000	0.0000	0.0001	0.0124	0.0000	0.0249	0.0000
0.0619	0.0788	0.0158	0.0000	0.0000	0.0000	0.0000	0.0000	0.0209	0.0000	0.0000	0.0000
0.0000	0.0000	0.0096	0.0409	0.0000	0.0282	0.0000	0.0353	0.0000	0.0178	0.0000	0.0179
0.0598	0.0498	0.0000	0.0000	0.0632	0.0000	0.0000	0.0000	0.0000	0.0000	0.0442	0.0000
0.0000	0.0140	0.0000	0.0000	0.0000	0.0429	0.0000	0.1210	0.0000	0.0000	0.0120	0.0000
0.0437	0.0000	0.0821	0.0000	0.0000	0.0000	0.0000	0.0000	0.0304	0.0000	0.0394	0.0000
0.0000	0.0000	0.0000	0.0000	0.0000	0.0333	0.0000	0.0000	0.0000	0.0000	0.0564	0.0000
0.0000	0.0000	0.0000	0.0035	0.0000	0.0000	0.0750	0.0000	0.0000	0.0000	0.0372	0.0000
0.0000	0.0000	0.0000	0.0000	0.0436	0.0534	0.0000	0.0000	0.0000	0.0000	0.0000	0.0000
0.0269	0.0000	0.0000	0.0000	0.0000	0.0000	0.0000	0.0000	0.0000	0.0000	0.0000	0.0340
0.0446	0.0311	0.0000	0.0120	0.0000	0.0000	0.0000	0.0000	0.0066	0.0000	0.0166	0.0000
0.0000	0.0000	0.0000	0.0609	0.0000	0.0000	0.0000	0.0000	0.0000	0.0865	0.0325	0.0000
0.0000	0.0114	0.0475	0.0000	0.0000	0.0000	0.1008	0.1053	0.0000	0.0851	0.0624	0.0000
0.0160	0.0077	0.0000	0.0000	0.0000	0.0000	0.0000	0.0566	0.0159	0.0000	0.0507	0.0000
0.0000	0.0000	0.0000	0.0000	0.0353	0.0308	0.0000	0.0000	0.0000	0.0176	0.0000	0.0000
0.0499	0.0160	0.0000	0.0000	0.0780	0.0000	0.0000	0.0000	0.0000	0.0212	0.0000	0.0584
0.0000	0.0273	0.0000	0.0000	0.0000	0.0000	0.0733	0.0000	0.0000	0.0103	0.0121	0.0000
0.0131	0.0284	0.0000	0.0000	0.0411	0.0000	0.0229	0.0000	0.0811	0.0843	0.0000	0.0411
0.0544	0.0629	0.0000	0.0000	0.0000	0.0681	0.0000	0.0000	0.0257	0.0000	0.0000	0.0000
0.0223	0.0601	0.0000	0.0511	0.0000	0.0000	0.0000	0.0000	0.1166	0.0502	0.0000	0.0579
0.0000	0.0288	0.0000	0.0232	0.0000	0.0000	0.0609	0.0000	0.0000	0.0463	0.0000	0.0461
0.0000	0.0517	0.0036	0.0128	0.0000	0.0636	0.0592	0.0021	0.0356	0.0040	0.0000	0.0000
0.0000	0.0627	0.0000	0.0000	0.0000	0.0487	0.0000	0.0000	0.0000	0.0472	0.0000	0.0558
0.0143	0.0000	0.0000	0.0000	0.0420	0.0000	0.0000	0.0000	0.0626	0.0738	0.0000	0.0000
0.0000	0.0520	0.0447	0.0000	0.0000	0.0584	0.0000	0.0000	0.0584	0.0000	0.0183	0.0000
0.0000	0.0000	0.0000	0.0494	0.0984	0.0257	0.0242	0.0335	0.0000	0.0017	0.0660	0.0764
0.0381	0.0307	0.0606	0.0000	0.1009	0.0000	0.0000	0.0985	0.0124	0.0394	0.0000	0.0000
0.0469	0.0000	0.0000	0.0000	0.0000	0.0000	0.0000	0.0000	0.0404	0.0812	0.0000	0.0602
0.0631	0.0000	0.0000	0.0287	0.0000	0.0206	0.0902	0.0000	0.0000	0.0000	0.0000	0.0017
0.0000	0.0000	0.0000	0.0000	0.0150	0.0000	0.0973	0.0000	0.0000	0.0000	0.0000	0.0680
0.0207	0.0000	0.0000	0.0559	0.0820	0.0000	0.0000	0.0000	0.0000	0.0801	0.0000	0.0611
0.0000	0.0496	0.0110	0.0000	0.0933	0.0000	0.0000	0.0000	0.0757	0.0000	0.0173	0.0905
0.0000	0.0000	0.0043	0.0014	0.0000	0.0060	0.0000	0.0000	0.0000	0.0000	0.0348	0.0836
0.0000	0.0000	0.0373	0.0379	0.0000	0.0410	0.0076	0.0540	0.0431	0.0216	0.0000	0.0000
0.0000	0.0000	0.0000	0.0073	0.0114	0.0000	0.0000	0.0369	0.0000	0.0235	0.0629	0.0177
0.0000	0.0000	0.0000	0.0343	0.0000	0.0000	0.0150	0.0000	0.0000	0.0000	0.0000	0.0000
0.0000	0.0000	0.0000	0.0000	0.0000	0.0000	0.0000	0.0000	0.0000	0.0000	0.0618	0.0000
0.0000	0.0000	0.0000	0.0627	0.0000	0.0094	0.0000	0.1203	0.0015	0.0000	0.0000	0.0687
0.0000	0.0693	0.0360	0.0000	0.0000	0.0169	0.0000	0.0000	0.0000	0.0000	0.0075	0.0806
0.0000	0.0000	0.0612	0.0000	0.0000	0.0000	0.0000	0.0000	0.0946	0.0000	0.0241	0.0000
=============================================== 
O = 
0.0000	0.0000	0.0000	0.0896	0.0488	0.1300	0.1690	0.5013	0.2054	0.0000	0.0000	0.2915
0.0453	0.0000	0.0000	0.0000	0.2992	0.0000	0.2763	0.0000	0.0000	0.0000	0.1656	0.1596
0.0000	0.0000	0.0000	0.0000	0.0000	0.0961	0.0000	0.3385	0.0000	0.0000	0.0564	0.0000
0.2290	0.8418	0.3102	0.0000	0.0000	0.0000	0.1503	0.0000	0.2118	0.3409	0.0353	0.0000
0.0000	0.0000	0.3489	0.0000	0.0000	0.2315	0.0000	0.0000	0.0675	0.0000	0.0000	0.3042
0.2343	0.0000	0.2541	0.4039	0.0000	0.0504	0.2985	0.0000	0.0000	0.0000	0.2527	0.0000
0.2253	0.0000	0.0000	0.4905	0.0000	0.1019	0.0000	0.0000	0.1609	0.1116	0.1907	0.0000
0.0000	0.0000	0.0000	0.0000	0.0000	0.0000	0.0000	0.1602	0.1140	0.2987	0.2307	0.0000
0.0997	0.0000	0.0600	0.0161	0.0806	0.0000	0.0000	0.0000	0.2049	0.2488	0.0000	0.0000
0.1564	0.0000	0.0000	0.0000	0.0051	0.0723	0.0245	0.0000	0.0355	0.0000	0.0000	0.0324
0.0000	0.1582	0.0268	0.0000	0.0000	0.0000	0.0814	0.0000	0.0000	0.0000	0.0000	0.0000
0.0099	0.0000	0.0000	0.0000	0.5663	0.3178	0.0000	0.0000	0.0000	0.0000	0.0686	0.2123
