A0 = 
0.0000
0.2857
0.0000
0.4732
0.0000
0.0000
0.2411
=============================================== 
D = 
0.4136
0.0000
0.3051
0.0000
0.0000
0.0000
0.2648
0.0000
0.0164
0.0000
=============================================== 
A = 
0.0000	0.0000	0.0000	0.4681	0.0000	0.1393	0.8907
0.0000	0.0000	0.0000	0.0000	1.0000	0.1542	0.0000
0.0000	0.0000	0.0000	0.0000	0.0000	0.2311	0.1082
1.0000	0.0000	0.6808	0.0000	0.0000	0.3371	0.0010
0.0000	0.0000	0.0000	0.0000	0.0000	0.0000	0.0000
0.0000	0.3767	0.3192	0.0000	0.0000	0.0000	0.0000
0.0000	0.6233	0.0000	0.5319	0.0000	0.1383	0.0000
=============================================== 
D = 
0.4483	0.2906	0.0000	0.0000	0.0000	0.5927	0.0000
0.3936	0.1994	0.3426	0.3041	0.1580	0.0000	0.2252
0.0000	0.0000	0.0000	0.0000	0.0481	0.0708	0.0000
0.0000	0.0974	0.2074	0.4705	0.3389	0.0000	0.0000
0.0000	0.0000	0.0000	0.0000	0.0000	0.0080	0.0000
0.0000	0.0000	0.0311	0.1417	0.0000	0.0000	0.0000
0.0000	0.0237	0.4011	0.0000	0.0000	0.0000	0.0000
0.1581	0.2606	0.0000	0.0000	0.4549	0.0000	0.7748
0.0000	0.0000	0.0000	0.0000	0.0000	0.3286	0.0000
0.0000	0.1283	0.0177	0.0838	0.0000	0.0000	0.0000
=============================================== 
O = 
0.2657	0.0000	0.0295	0.4884	0.0000	0.0000	0.3930
0.0000	0.0000	0.1916	0.0000	0.0000	0.0000	0.0000
0.0000	0.1944	0.0000	0.0000	0.0000	0.3166	0.0000
0.3342	0.1655	0.0933	0.5116	0.0711	0.0000	0.0000
0.0000	0.0000	0.0000	0.0000	0.0000	0.3208	0.0000
0.0000	0.5716	0.0000	0.0000	0.3780	0.0000	0.0000
0.2836	0.0000	0.0000	0.0000	0.2965	0.1332	0.0000
0.0000	0.0000	0.1187	0.0000	0.0000	0.0000	0.0000
0.0914	0.0685	0.5669	0.0000	0.2545	0.2294	0.6070
0.0251	0.0000	0.0000	0.0000	0.0000	0.0000	0.0000
