A0 = 
0.0000
0.0000
0.0279
0.0000
0.1175
0.3523
0.5023
=============================================== 
D = 
0.0766
0.0000
0.3259
0.3246
0.0000
0.0000
0.0000
0.0000
0.0000
0.2729
=============================================== 
A = 
0.0000	0.0000	0.1881	0.0000	0.1643	0.0000	0.0000
0.1791	0.0000	0.1931	0.0000	0.2995	0.0000	0.0000
0.0000	0.0000	0.0000	1.0000	0.2485	0.0000	0.0000
0.0000	0.0000	0.2115	0.0000	0.0000	0.0000	1.0000
0.1869	0.1783	0.0851	0.0000	0.0000	1.0000	0.0000
0.2966	0.0849	0.3222	0.0000	0.0000	0.0000	0.0000
0.3374	0.7368	0.0000	0.0000	0.2877	0.0000	0.0000
=============================================== 
D = 
0.0000	0.4416	0.0000	0.3021	0.0000	0.0000	0.0000
0.0980	0.2308	0.0000	0.0000	0.0000	0.0000	0.0000
0.4048	0.0000	0.2504	0.0000	0.1154	0.0000	0.4238
0.0962	0.0000	0.0222	0.0000	0.0000	1.0000	0.0000
0.0000	0.0000	0.0000	0.3130	0.3997	0.0000	0.0000
0.0000	0.0000	0.0605	0.0000	0.3063	0.0000	0.3839
0.0000	0.2852	0.2725	0.3266	0.0000	0.0000	0.0436
0.0000	0.0423	0.0000	0.0000	0.0000	0.0000	0.1487
0.0000	0.0000	0.0000	0.0000	0.1786	0.0000	0.0000
0.4010	0.0000	0.3944	0.0584	0.0000	0.0000	0.0000
=============================================== 
O = 
0.0000	0.2416	0.2457	0.0000	0.0000	0.0000	0.0000
0.2225	0.2552	0.3867	0.0000	0.1820	0.0958	0.0640
0.0000	0.0000	0.2368	0.0000	0.1992	0.0000	0.3939
0.0677	0.0000	0.0000	0.0000	0.0000	0.2049	0.3108
0.0000	0.2025	0.0005	0.0000	0.2432	0.0000	0.0000
0.1487	0.2546	0.0000	0.5131	0.0000	0.1965	0.0000
0.0000	0.0000	0.1303	0.0000	0.1301	0.0000	0.0000
0.3317	0.0000	0.0000	0.4869	0.0000	0.0000	0.0000
0.2294	0.0461	0.0000	0.0000	0.0000	0.3767	0.0000
0.0000	0.0000	0.0000	0.0000	0.2455	0.1262	0.2314
