A0 = 
0.2295
0.0000
0.3735
0.0000
0.0313
0.3658
0.0000
=============================================== 
D = 
0.4197
0.0000
0.0383
0.0000
0.0000
0.0000
0.1461
0.0000
0.3959
0.0000
=============================================== 
A = 
0.0000	0.0000	0.0642	0.0000	0.0000	0.0000	0.0000
0.2417	0.0000	0.4583	0.0000	0.2093	0.4159	0.0000
0.4555	1.0000	0.0000	0.4043	0.6242	0.0000	0.0000
0.0483	0.0000	0.3336	0.0000	0.0000	0.0535	0.0000
0.2545	0.0000	0.0000	0.0000	0.0000	0.5306	1.0000
0.0000	0.0000	0.0000	0.1964	0.1664	0.0000	0.0000
0.0000	0.0000	0.1440	0.3993	0.0000	0.0000	0.0000
=============================================== 
D = 
0.1339	0.0000	0.2216	0.1123	0.5322	0.0000	0.0000
0.2990	0.1326	0.0000	0.1895	0.0000	0.0000	0.1976
0.0000	0.5565	0.0000	0.1632	0.0783	0.0000	0.2326
0.0000	0.0000	0.0000	0.0000	0.0039	0.0000	0.0401
0.0000	0.0000	0.3620	0.0000	0.3856	0.0000	0.0837
0.0000	0.0000	0.0000	0.0000	0.0000	1.0000	0.2139
0.2497	0.3109	0.0000	0.2267	0.0000	0.0000	0.0000
0.0659	0.0000	0.0000	0.0000	0.0000	0.0000	0.2322
0.0000	0.0000	0.0000	0.3083	0.0000	0.0000	0.0000
0.2515	0.0000	0.4164	0.0000	0.0000	0.0000	0.0000
=============================================== 
O = 
0.2100	0.0000	0.0000	0.0000	0.2041	0.0000	0.0000
0.5238	0.3138	0.0000	0.4917	0.2012	0.0000	0.2839
0.2662	0.2471	0.0000	0.0000	0.1802	0.4624	0.0000
0.0000	0.1932	0.0000	0.0000	0.0962	0.0000	0.0000
0.0000	0.0000	0.0000	0.5083	0.0000	0.0000	0.3444
0.0000	0.0000	0.0000	0.0000	0.0000	0.0000	0.0000
0.0000	0.0000	0.0000	0.0000	0.2056	0.0000	0.0000
0.0000	0.2158	0.0000	0.0000	0.0123	0.0000	0.1325
0.0000	0.0000	0.0000	0.0000	0.1004	0.5376	0.2393
0.0000	0.0301	1.0000	0.0000	0.0000	0.0000	0.0000
