A0 = 
0.0000
0.3916
0.0000
0.0750
0.2053
0.3282
0.0000
=============================================== 
D = 
0.2813
0.0000
0.0000
0.0000
0.0000
0.0000
0.0000
0.7187
0.0000
0.0000
=============================================== 
A = 
0.0000	0.0000	0.0000	0.1121	0.0000	0.0000	0.0000
0.0000	0.0000	0.0000	0.4638	0.1337	0.0000	0.7510
0.0000	1.0000	0.0000	0.0000	0.0000	0.0000	0.0000
0.0000	0.0000	0.0000	0.0000	0.4340	0.0000	0.0000
0.6751	0.0000	0.5440	0.0173	0.0000	0.0000	0.0000
0.1841	0.0000	0.4560	0.0000	0.4323	0.0000	0.2490
0.1408	0.0000	0.0000	0.4068	0.0000	1.0000	0.0000
=============================================== 
D = 
0.0000	0.0000	0.0000	0.1346	0.0000	0.1452	0.3784
0.4807	0.0000	0.0000	0.0000	0.0611	0.0000	0.0000
0.1754	0.0000	0.2158	0.0000	0.1627	0.0000	0.0000
0.0000	0.3413	0.0000	0.0000	0.1977	0.0000	0.0000
0.0000	0.0000	0.4308	0.0000	0.1702	0.1184	0.0000
0.0000	0.0000	0.1621	0.8654	0.0000	0.0752	0.5355
0.0000	0.4162	0.1354	0.0000	0.2079	0.1726	0.0000
0.2495	0.0000	0.0000	0.0000	0.0000	0.1126	0.0861
0.0000	0.2425	0.0000	0.0000	0.2004	0.3760	0.0000
0.0944	0.0000	0.0559	0.0000	0.0000	0.0000	0.0000
=============================================== 
O = 
0.0000	0.5555	0.1210	0.0000	0.2360	0.7302	0.2957
0.0000	0.1127	0.0000	0.0000	0.0144	0.0000	0.0000
0.4408	0.0000	0.1596	0.0000	0.0000	0.0000	0.0000
0.0000	0.0000	0.0000	0.0000	0.2462	0.0000	0.0000
0.0042	0.2572	0.1921	0.2175	0.0000	0.0000	0.0000
0.0000	0.0000	0.0000	0.0000	0.1533	0.0000	0.0000
0.5550	0.0000	0.0000	0.0000	0.1792	0.0000	0.4191
0.0000	0.0000	0.1766	0.0000	0.0000	0.0000	0.0000
0.0000	0.0000	0.2053	0.0000	0.0000	0.0000	0.2852
0.0000	0.0745	0.1455	0.7825	0.1708	0.2698	0.0000
