A0 = 
0.0000
0.0000
0.0000
0.5856
0.0965
0.0000
0.3179
=============================================== 
D = 
0.2092
0.2396
0.0000
0.2731
0.0000
0.0000
0.0000
0.2781
0.0000
0.0000
=============================================== 
A = 
0.0000	0.0000	0.0000	0.0000	0.0000	0.0000	0.2759
0.0000	0.0000	0.0000	0.0000	0.0000	0.2686	0.0000
0.4080	0.0000	0.0000	0.8218	0.0000	0.1192	0.4328
0.0000	0.2450	0.0000	0.0000	0.0000	0.0229	0.0717
0.2636	0.0000	0.0000	0.0000	0.0000	0.2417	0.0000
0.3285	0.5309	0.0000	0.1782	1.0000	0.0000	0.2195
0.0000	0.2241	1.0000	0.0000	0.0000	0.3476	0.0000
=============================================== 
D = 
0.0000	0.0000	0.1534	0.0000	0.2309	0.0000	0.2370
0.2492	0.3708	0.4816	0.0000	0.0000	0.1057	0.0091
0.1344	0.5294	0.0000	0.5269	0.0000	0.3315	0.3630
0.0000	0.0998	0.0000	0.0000	0.3837	0.0000	0.0000
0.0000	0.0000	0.1531	0.1990	0.3854	0.0000	0.2712
0.0000	0.0000	0.0000	0.0000	0.0000	0.0000	0.0000
0.0000	0.0000	0.0749	0.0000	0.0000	0.3933	0.0000
0.0000	0.0000	0.0000	0.0164	0.0000	0.0000	0.1058
0.3726	0.0000	0.0000	0.0000	0.0000	0.1695	0.0000
0.2438	0.0000	0.1371	0.2576	0.0000	0.0000	0.0140
=============================================== 
O = 
0.0226	0.0000	0.0000	0.0000	0.0000	0.0000	0.2413
0.1986	0.0000	0.0000	0.0000	0.0000	0.4068	0.0000
0.0000	0.0000	0.4071	0.6292	0.0000	0.0000	0.5217
0.0000	0.0000	0.0000	0.1062	0.0000	0.0000	0.0000
0.0000	0.0000	0.2260	0.0000	0.0816	0.0000	0.0000
0.0000	0.0000	0.2393	0.1550	0.2059	0.2776	0.0000
0.2756	0.0000	0.0000	0.0000	0.7125	0.3156	0.2370
0.1003	0.6548	0.0000	0.0000	0.0000	0.0000	0.0000
0.1830	0.3452	0.0000	0.0000	0.0000	0.0000	0.0000
0.2199	0.0000	0.1276	0.1096	0.0000	0.0000	0.0000
