A0 = 
0.2144
0.4006
0.0000
0.0000
0.3605
0.0000
0.0245
=============================================== 
D = 
0.0000
0.0155
0.3270
0.0000
0.0000
0.5214
0.0000
0.1360
0.0000
0.0000
=============================================== 
A = 
0.0000	0.0000	0.2035	0.0790	0.3441	0.6295	0.0000
0.1202	0.0000	0.2575	0.0000	0.0000	0.0000	0.0000
0.0000	0.2116	0.0000	0.0000	0.6223	0.0000	0.0000
0.8798	0.0000	0.0000	0.0000	0.0335	0.3705	0.0000
0.0000	0.7661	0.0766	0.6033	0.0000	0.0000	1.0000
0.0000	0.0223	0.3037	0.3176	0.0000	0.0000	0.0000
0.0000	0.0000	0.1587	0.0000	0.0000	0.0000	0.0000
=============================================== 
D = 
0.4463	0.0000	0.2168	0.1745	0.4049	0.3892	0.0683
0.0000	0.0000	0.0000	0.0000	0.0000	0.0000	0.0000
0.1188	0.0809	0.0000	0.1326	0.0000	0.0000	0.2692
0.0000	0.0000	0.0000	0.0000	0.0000	0.2472	0.3443
0.0000	0.0000	0.0000	0.2279	0.0000	0.3637	0.0511
0.0000	0.0000	0.0000	0.0000	0.0000	0.0000	0.0000
0.0000	0.0000	0.0000	0.0000	0.3438	0.0000	0.2671
0.4348	0.2193	0.0000	0.1698	0.1997	0.0000	0.0000
0.0000	0.4569	0.0000	0.1616	0.0516	0.0000	0.0000
0.0000	0.2429	0.7832	0.1336	0.0000	0.0000	0.0000
=============================================== 
O = 
0.0000	0.2004	0.5098	0.0000	0.0000	0.1135	0.0000
0.0000	0.0000	0.1215	0.0000	0.0000	0.2419	0.4134
0.2587	0.0000	0.0000	0.0000	0.0000	0.0000	0.0000
0.0000	0.0000	0.3687	0.0000	0.0000	0.0000	0.1391
0.2476	0.0000	0.0000	0.3899	1.0000	0.0000	0.0000
0.1977	0.3174	0.0000	0.2062	0.0000	0.0000	0.3337
0.2649	0.0688	0.0000	0.2259	0.0000	0.2946	0.0000
0.0000	0.2975	0.0000	0.0671	0.0000	0.1287	0.0458
0.0000	0.0000	0.0000	0.1109	0.0000	0.0000	0.0000
0.0310	0.1160	0.0000	0.0000	0.0000	0.2213	0.0681
