A0 = 
0.2463
0.0000
0.0000
0.0000
0.3112
0.2597
0.1829
=============================================== 
D = 
0.0000
0.0511
0.0715
0.0000
0.0000
0.0203
0.0230
0.0000
0.0000
0.0000
0.0101
0.0000
0.0424
0.0658
0.0241
0.0000
0.0632
0.0351
0.0000
0.0442
0.0000
0.0000
0.0000
0.0000
0.0000
0.0000
0.0791
0.0000
0.0553
0.0778
0.0000
0.0000
0.0000
0.0000
0.0077
0.0721
0.0000
0.0047
0.0000
0.0000
0.0000
0.0099
0.0000
0.0000
0.0506
0.0000
0.0297
0.0000
0.0000
0.0000
0.0000
0.0000
0.0256
0.0000
0.0000
0.0638
0.0242
0.0000
0.0000
0.0487
=============================================== 
A = 
0.0000	0.0000	0.0146	0.0000	0.0000	0.1312	0.5113
0.2643	0.0000	0.0000	0.0000	0.0000	0.1840	0.0000
0.3359	0.3252	0.0000	0.0000	0.0000	0.0000	0.3298
0.1722	0.4633	0.0000	0.0000	1.0000	0.0000	0.0000
0.0000	0.0000	0.0253	0.5077	0.0000	0.2303	0.0000
0.2276	0.0000	0.0000	0.0000	0.0000	0.0000	0.1589
0.0000	0.2115	0.9600	0.4923	0.0000	0.4545	0.0000
=============================================== 
D = 
0.0000	0.0000	0.0000	0.0000	0.0356	0.0000	0.0121
0.0000	0.0000	0.0000	0.0000	0.0170	0.0194	0.0000
0.0538	0.0221	0.0548	0.0000	0.0000	0.0585	0.0000
0.0185	0.0466	0.0034	0.0000	0.0000	0.0000	0.0000
0.0459	0.0000	0.0689	0.0347	0.0000	0.0000	0.0000
0.0000	0.0379	0.0643	0.0248	0.0621	0.0000	0.0163
0.0705	0.0000	0.0000	0.0000	0.0000	0.0000	0.0000
0.0224	0.0576	0.0000	0.0000	0.0000	0.0000	0.0000
0.0000	0.0000	0.0000	0.0000	0.0602	0.0203	0.0910
0.0203	0.0528	0.0000	0.0774	0.0372	0.0981	0.0094
0.0000	0.0092	0.0000	0.0000	0.0000	0.0000	0.0798
0.0000	0.0013	0.0505	0.0000	0.0609	0.0000	0.0000
0.0000	0.0000	0.0081	0.0000	0.0365	0.0372	0.0000
0.0620	0.0000	0.0000	0.0272	0.0000	0.0883	0.0000
0.0000	0.0000	0.0000	0.0165	0.0644	0.0000	0.0000
0.0000	0.0000	0.0642	0.0000	0.0000	0.0000	0.0178
0.0000	0.0000	0.0035	0.0524	0.0000	0.0010	0.0000
0.0664	0.0616	0.0000	0.0673	0.0182	0.0000	0.0000
0.0000	0.0400	0.0651	0.0855	0.0452	0.0000	0.0000
0.0635	0.0567	0.0000	0.0000	0.0418	0.0000	0.0000
0.0000	0.0000	0.0000	0.0000	0.0000	0.0000	0.0000
0.0000	0.0000	0.0174	0.0000	0.0000	0.0463	0.0000
0.0345	0.0000	0.0000	0.0000	0.0000	0.0000	0.0000
0.0701	0.0046	0.0000	0.0325	0.0000	0.0190	0.0229
0.0000	0.0000	0.0505	0.0000	0.0000	0.0000	0.0000
0.0000	0.0000	0.0200	0.0000	0.0177	0.0000	0.0130
0.0000	0.0000	0.0153	0.0000	0.0000	0.0876	0.0352
0.0533	0.0635	0.0000	0.0407	0.0000	0.0648	0.0000
0.0000	0.0658	0.0253	0.0634	0.0000	0.0337	0.0000
0.0710	0.0000	0.0000	0.0000	0.0000	0.0000	0.0275
0.0000	0.0200	0.0000	0.0000	0.0677	0.0000	0.0459
0.0000	0.0000	0.0144	0.0000	0.0000	0.0000	0.0000
0.0021	0.0000	0.0000	0.0000	0.0000	0.0000	0.0000
0.0000	0.0115	0.0000	0.0000	0.0226	0.0000	0.0000
0.0000	0.0000	0.0667	0.0000	0.0000	0.0839	0.0626
0.0000	0.0570	0.0000	0.0000	0.0000	0.0000	0.0392
0.0564	0.0326	0.0569	0.0000	0.0000	0.0000	0.0407
0.0000	0.0000	0.0596	0.0008	0.0743	0.0295	0.0031
0.0000	0.0000	0.0105	0.0000	0.0000	0.0000	0.0446
0.0712	0.0192	0.0544	0.0000	0.0000	0.0183	0.0680
0.0198	0.0000	0.0057	0.0000	0.0000	0.0000	0.0000
0.0683	0.0466	0.0000	0.0000	0.0715	0.1055	0.0497
0.0000	0.0000	0.0000	0.0000	0.0676	0.0000	0.0443
0.0000	0.0604	0.0000	0.0000	0.0018	0.0138	0.0000
0.0000	0.0502	0.0000	0.0000	0.0292	0.0000	0.0000
0.0000	0.0267	0.0417	0.0023	0.0000	0.0000	0.0361
0.0000	0.0000	0.0039	0.0000	0.0000	0.0000	0.0000
0.0000	0.0000	0.0478	0.0000	0.0000	0.0000	0.0484
0.0000	0.0000	0.0053	0.0000	0.0303	0.0000	0.0000
0.0000	0.0292	0.0000	0.0629	0.0000	0.0234	0.0000
0.0000	0.0055	0.0324	0.0696	0.0000	0.0000	0.0571
0.0000	0.0000	0.0624	0.0000	0.0000	0.0271	0.0000
0.0176	0.0000	0.0163	0.0773	0.0000	0.0000	0.0000
0.0000	0.0000	0.0000	0.0671	0.0000	0.0000	0.0000
0.0704	0.0482	0.0000	0.0631	0.0000	0.0471	0.0524
0.0000	0.0000	0.0000	0.0000	0.0000	0.0000	0.0000
0.0000	0.0000	0.0000	0.0946	0.0714	0.0000	0.0313
0.0000	0.0000	0.0108	0.0398	0.0000	0.0000	0.0516
0.0024	0.0588	0.0000	0.0000	0.0667	0.0000	0.0000
0.0398	0.0142	0.0000	0.0000	0.0000	0.0773	0.0000
=============================================== 
O = 
0.0000	0.2121	0.4283	0.0000	0.1424	0.0000	0.0000
0.0000	0.0000	0.0000	0.1968	0.1286	0.0000	0.0000
0.0600	0.0000	0.0000	0.1358	0.0000	0.0000	0.0000
0.1870	0.0000	0.0000	0.2584	0.1299	0.2204	0.5289
0.0000	0.0000	0.0000	0.0000	0.0000	0.0000	0.0000
0.2973	0.1898	0.1279	0.0000	0.0676	0.2728	0.0000
0.0192	0.0000	0.0000	0.2117	0.1810	0.0000	0.0000
0.0000	0.2809	0.4438	0.0000	0.0000	0.1572	0.0000
0.0000	0.0182	0.0000	0.0000	0.3504	0.2345	0.4711
0.2740	0.0000	0.0000	0.0000	0.0000	0.1151	0.0000
0.0000	0.0000	0.0000	0.1973	0.0000	0.0000	0.0000
0.1625	0.2989	0.0000	0.0000	0.0000	0.0000	0.0000
