A0 = 
0.0000
0.0000
0.3198
0.4399
0.0000
0.2403
0.0000
=============================================== 
D = 
0.3155
0.0000
0.0000
0.1579
0.0000
0.0361
0.1448
0.3457
0.0000
0.0000
=============================================== 
A = 
0.0000	0.0854	0.3426	0.0000	0.4372	0.0000	0.0338
0.0000	0.0000	0.2757	0.0000	0.0000	0.0000	0.4426
0.0000	0.0000	0.0000	0.0000	0.3281	0.0000	0.2371
0.5212	0.7594	0.0572	0.0000	0.2347	0.0000	0.0000
0.4788	0.0000	0.3246	0.0000	0.0000	0.9934	0.0000
0.0000	0.1551	0.0000	0.0000	0.0000	0.0000	0.2864
0.0000	0.0000	0.0000	1.0000	0.0000	0.0066	0.0000
=============================================== 
D = 
0.0652	0.0000	0.4126	0.1785	0.0000	0.0000	0.0000
0.0000	0.1668	0.0000	0.2606	0.6374	0.0000	0.3191
0.0000	0.0103	0.0000	0.0399	0.0000	0.9599	0.0269
0.2909	0.0000	0.0000	0.0000	0.0000	0.0000	0.0000
0.3593	0.0000	0.0000	0.0000	0.3626	0.0000	0.0000
0.0000	0.1060	0.0058	0.1684	0.0000	0.0000	0.2121
0.0000	0.1338	0.0000	0.0000	0.0000	0.0000	0.2453
0.2846	0.0919	0.5817	0.0000	0.0000	0.0401	0.0000
0.0000	0.0000	0.0000	0.3526	0.0000	0.0000	0.1966
0.0000	0.4912	0.0000	0.0000	0.0000	0.0000	0.0000
=============================================== 
O = 
0.0000	0.0000	0.0000	0.2318	0.2162	0.0000	0.2500
0.0000	0.0000	0.0000	0.0000	0.1774	0.0000	0.1207
0.4181	0.0834	0.2822	0.1935	0.0526	0.0000	0.0000
0.0000	0.0000	0.1460	0.0000	0.2306	0.1478	0.0000
0.0000	0.0000	0.1600	0.0000	0.2349	0.0000	0.4135
0.1111	0.0000	0.0792	0.0000	0.0000	0.3878	0.0000
0.0000	0.0000	0.2156	0.2627	0.0000	0.0000	0.0000
0.0000	0.3080	0.1169	0.3120	0.0000	0.0000	0.2158
0.0000	0.5734	0.0000	0.0000	0.0000	0.3602	0.0000
0.4708	0.0352	0.0000	0.0000	0.0883	0.1043	0.0000
