A0 = 
0.3552
0.0000
0.2068
0.0000
0.0000
0.3748
0.0633
=============================================== 
D = 
0.0000
0.0000
0.5767
0.0000
0.1703
0.0000
0.1744
0.0000
0.0000
0.0786
=============================================== 
A = 
0.0000	0.4489	0.4963	0.2707	0.0000	0.0000	0.8763
0.0000	0.0000	0.5037	0.5708	0.5905	0.0000	0.0000
0.7577	0.0000	0.0000	0.0000	0.0000	0.3565	0.0000
0.0000	0.4418	0.0000	0.0000	0.0000	0.0000	0.1237
0.0000	0.0000	0.0000	0.0000	0.0000	0.4263	0.0000
0.0000	0.1093	0.0000	0.1585	0.0000	0.0000	0.0000
0.2423	0.0000	0.0000	0.0000	0.4095	0.2172	0.0000
=============================================== 
D = 
0.1594	0.0000	0.0000	0.1013	0.0000	0.0000	0.0000
0.0000	0.0000	0.3830	0.0071	0.0000	0.1986	0.0000
0.1690	0.0000	0.0000	0.0000	0.4582	0.1552	0.0000
0.0000	0.0183	0.0000	0.2707	0.4102	0.0000	0.5240
0.0000	0.2880	0.3949	0.0000	0.0000	0.0000	0.0000
0.2738	0.2130	0.0000	0.2391	0.0000	0.0000	0.0000
0.3978	0.2166	0.2221	0.1061	0.0000	0.0477	0.0000
0.0000	0.0000	0.0000	0.2758	0.1316	0.2947	0.0000
0.0000	0.2641	0.0000	0.0000	0.0000	0.3037	0.0000
0.0000	0.0000	0.0000	0.0000	0.0000	0.0000	0.4760
=============================================== 
O = 
0.0000	0.3582	0.0000	0.3201	0.0000	0.3223	0.0000
0.2670	0.0000	0.4666	0.1646	0.0688	0.0000	0.0000
0.1450	0.0000	0.0000	0.0000	0.0000	0.0000	0.0000
0.0000	0.0000	0.5334	0.0940	0.0000	0.0000	0.3874
0.1163	0.0000	0.0000	0.0000	0.0000	0.0000	0.0000
0.1490	0.0000	0.0000	0.0000	0.0000	0.0000	0.0000
0.0000	0.3081	0.0000	0.4213	0.0000	0.0000	0.2100
0.0000	0.1021	0.0000	0.0000	0.4764	0.0000	0.0000
0.0000	0.0000	0.0000	0.0000	0.2433	0.3557	0.4026
0.3228	0.2316	0.0000	0.0000	0.2116	0.3220	0.0000
