==============================
P(A0): 
({x0}, (1.43496e-09, 0.00124196, 0.474997, 0.523761))
==============================
P(At|At-1 = ): 
0.737767 0.0171469 0.0340073 0.119008 
0.0433492 0.615915 0.0636678 0.0500968 
0.206582 0.0070353 0.889988 0.164135 
0.0123018 0.359903 0.012337 0.666761 
================================
P(Ot|At = ): 
0.229777 6.44245e-14 0.304872 1.97124e-10 
0.209475 9.13668e-33 2.21573e-16 5.45773e-15 
3.43498e-08 4.10155e-37 0.118087 4.95841e-17 
0.0902099 4.92658e-11 0.0460693 1.02433e-09 
 0.39115 8.10632e-13 0.153286 5.22989e-10 
0.0490087 2.20973e-13 0.354411 2.45366e-09 
0.0303796        1 0.0232749        1 
================================
