==============================
P(A0): 
({x1}, (0.002323, 0.06522, 0.3922, 0.5403))
==============================
P(At|At-1 = ): 
0.3039 0.06854 0.3008 0.3268 
0.02322 0.3521 0.3937  0.231 
 0.285 0.0363 0.3911 0.2876 
0.02531 0.1813  0.407 0.3864 
================================
P(Ot|At = ): 
  0.1766  0.09527  0.07537  0.04361 
  0.1513   0.1178   0.2287   0.2062 
 0.02501   0.1736   0.2103  0.09055 
  0.3161   0.1905  0.05757   0.2577 
  0.2275  0.08578  0.01829  0.03468 
 0.01955   0.1441   0.2507   0.1596 
 0.08388    0.193    0.159   0.2077 
================================
