100
100
2	4	6	8	10	12	14	16	18	20	22	24	26	28	30	32	34	36	38	40	42	44	46	48	50	52	54	56	58	60	62	64	66	68	70	72	74	76	78	80	82	84	86	88	90	92	94	96	98	100	102	104	106	108	110	112	114	116	118	120	122	124	126	128	130	132	134	136	138	140	142	144	146	148	150	152	154	156	158	160	162	164	166	168	170	172	174	176	178	180	182	184	186	188	190	192	194	196	198	200
4	0	0	0	2	2	2	2	0	0	0	0	2	2	0	0	3	0	0	0	0	0	4	0	0	0	0	0	0	3	3	3	3	3	3	2	2	2	2	2	2	2	2	2	2	1	0	0	0	1	2	4	3	3	3	3	3	3	0	0	4	0	0	0	0	2	2	3	0	2	2	2	0	0	0	3	3	3	0	0	0	0	4	0	0	4	4	3	3	3	3	3	3	3	3	3	3	0	0	0
100
2	4	6	8	10	12	14	16	18	20	22	24	26	28	30	32	34	36	38	40	42	44	46	48	50	52	54	56	58	60	62	64	66	68	70	72	74	76	78	80	82	84	86	88	90	92	94	96	98	100	102	104	106	108	110	112	114	116	118	120	122	124	126	128	130	132	134	136	138	140	142	144	146	148	150	152	154	156	158	160	162	164	166	168	170	172	174	176	178	180	182	184	186	188	190	192	194	196	198	200
0	2	4	0	0	3	3	3	3	3	3	0	0	0	3	3	3	3	3	3	2	2	2	2	0	0	0	0	0	0	0	0	0	0	0	0	2	0	0	2	2	2	2	0	2	2	0	0	0	2	2	0	0	2	2	3	3	3	3	3	3	3	0	0	3	3	2	2	2	2	2	3	3	3	3	3	3	3	3	3	2	0	2	2	3	0	2	4	4	0	0	4	0	0	0	0	2	2	2	3
100
2	4	6	8	10	12	14	16	18	20	22	24	26	28	30	32	34	36	38	40	42	44	46	48	50	52	54	56	58	60	62	64	66	68	70	72	74	76	78	80	82	84	86	88	90	92	94	96	98	100	102	104	106	108	110	112	114	116	118	120	122	124	126	128	130	132	134	136	138	140	142	144	146	148	150	152	154	156	158	160	162	164	166	168	170	172	174	176	178	180	182	184	186	188	190	192	194	196	198	200
0	0	0	2	2	2	2	2	2	2	2	2	2	2	0	0	2	0	4	3	3	3	3	3	3	3	3	0	0	0	0	0	0	0	0	4	3	3	3	3	3	3	3	2	2	2	2	2	2	0	2	3	0	2	2	2	2	2	2	2	2	2	3	3	3	2	2	2	2	2	0	0	0	0	0	0	3	3	3	3	3	3	3	3	3	0	0	0	0	4	0	0	0	3	3	3	3	3	3	0
100
2	4	6	8	10	12	14	16	18	20	22	24	26	28	30	32	34	36	38	40	42	44	46	48	50	52	54	56	58	60	62	64	66	68	70	72	74	76	78	80	82	84	86	88	90	92	94	96	98	100	102	104	106	108	110	112	114	116	118	120	122	124	126	128	130	132	134	136	138	140	142	144	146	148	150	152	154	156	158	160	162	164	166	168	170	172	174	176	178	180	182	184	186	188	190	192	194	196	198	200
0	0	4	0	0	2	0	2	0	4	0	0	0	0	2	2	2	2	0	4	0	0	3	3	3	3	3	3	3	3	2	2	3	3	0	0	0	4	0	0	0	2	3	2	0	0	2	0	2	2	2	2	2	2	2	2	2	0	0	0	0	0	4	0	0	0	0	0	0	0	0	0	0	0	0	0	0	4	0	2	0	0	2	2	0	0	0	0	4	0	0	0	3	3	3	3	3	3	3	2
100
2	4	6	8	10	12	14	16	18	20	22	24	26	28	30	32	34	36	38	40	42	44	46	48	50	52	54	56	58	60	62	64	66	68	70	72	74	76	78	80	82	84	86	88	90	92	94	96	98	100	102	104	106	108	110	112	114	116	118	120	122	124	126	128	130	132	134	136	138	140	142	144	146	148	150	152	154	156	158	160	162	164	166	168	170	172	174	176	178	180	182	184	186	188	190	192	194	196	198	200
2	0	2	0	2	2	2	2	2	2	2	0	2	0	2	0	2	0	0	0	3	0	0	0	4	4	0	0	0	2	2	2	2	4	2	0	0	0	0	0	2	2	2	2	0	0	0	0	4	0	0	2	2	2	2	2	2	2	2	2	3	3	3	3	3	3	3	0	0	0	0	3	3	0	2	2	2	2	2	2	2	0	0	0	0	1	2	2	2	2	2	2	0	4	4	0	0	0	4	0
100
2	4	6	8	10	12	14	16	18	20	22	24	26	28	30	32	34	36	38	40	42	44	46	48	50	52	54	56	58	60	62	64	66	68	70	72	74	76	78	80	82	84	86	88	90	92	94	96	98	100	102	104	106	108	110	112	114	116	118	120	122	124	126	128	130	132	134	136	138	140	142	144	146	148	150	152	154	156	158	160	162	164	166	168	170	172	174	176	178	180	182	184	186	188	190	192	194	196	198	200
3	3	3	3	3	3	3	2	2	2	2	2	2	2	3	0	4	0	0	0	0	1	0	0	0	0	0	0	0	0	0	0	0	0	2	2	0	0	0	4	0	0	4	0	0	3	3	3	3	3	2	2	2	2	2	2	2	3	3	2	2	2	2	0	0	0	0	0	0	0	4	4	0	3	2	2	2	2	3	3	3	3	3	3	3	3	0	0	0	4	0	0	4	0	0	2	0	0	0	0
100
2	4	6	8	10	12	14	16	18	20	22	24	26	28	30	32	34	36	38	40	42	44	46	48	50	52	54	56	58	60	62	64	66	68	70	72	74	76	78	80	82	84	86	88	90	92	94	96	98	100	102	104	106	108	110	112	114	116	118	120	122	124	126	128	130	132	134	136	138	140	142	144	146	148	150	152	154	156	158	160	162	164	166	168	170	172	174	176	178	180	182	184	186	188	190	192	194	196	198	200
3	3	3	3	3	2	2	2	2	2	2	2	0	0	3	3	3	2	2	2	2	3	2	2	2	3	3	2	2	2	2	2	0	0	0	0	3	0	2	2	3	0	0	0	0	3	3	3	2	2	2	2	2	2	2	3	2	2	2	2	2	2	2	2	2	0	0	4	0	2	2	2	2	2	2	2	2	2	2	2	3	3	3	3	3	3	3	3	2	2	2	2	2	2	0	0	0	0	0	0
100
2	4	6	8	10	12	14	16	18	20	22	24	26	28	30	32	34	36	38	40	42	44	46	48	50	52	54	56	58	60	62	64	66	68	70	72	74	76	78	80	82	84	86	88	90	92	94	96	98	100	102	104	106	108	110	112	114	116	118	120	122	124	126	128	130	132	134	136	138	140	142	144	146	148	150	152	154	156	158	160	162	164	166	168	170	172	174	176	178	180	182	184	186	188	190	192	194	196	198	200
3	3	3	3	3	3	0	0	0	0	0	0	0	3	3	2	2	2	2	2	2	2	2	2	0	0	0	0	2	0	0	0	2	0	3	2	2	2	2	2	2	0	4	0	3	2	2	2	2	2	2	3	0	0	2	1	2	2	0	0	4	0	3	3	3	3	3	3	3	0	4	0	0	0	0	0	0	0	3	3	3	3	3	3	2	2	2	2	2	2	2	2	2	0	4	0	0	0	0	3
100
2	4	6	8	10	12	14	16	18	20	22	24	26	28	30	32	34	36	38	40	42	44	46	48	50	52	54	56	58	60	62	64	66	68	70	72	74	76	78	80	82	84	86	88	90	92	94	96	98	100	102	104	106	108	110	112	114	116	118	120	122	124	126	128	130	132	134	136	138	140	142	144	146	148	150	152	154	156	158	160	162	164	166	168	170	172	174	176	178	180	182	184	186	188	190	192	194	196	198	200
0	0	2	2	2	3	2	0	2	2	2	0	0	0	0	0	0	0	0	0	3	2	2	3	3	3	3	3	4	4	0	0	4	4	0	0	0	0	0	2	0	0	2	2	2	2	2	2	2	2	2	3	3	3	3	3	3	0	0	0	3	3	2	2	2	2	2	0	0	0	2	2	2	2	0	0	2	2	2	2	2	2	2	2	0	4	0	4	0	2	0	0	0	0	2	2	2	2	2	2
100
2	4	6	8	10	12	14	16	18	20	22	24	26	28	30	32	34	36	38	40	42	44	46	48	50	52	54	56	58	60	62	64	66	68	70	72	74	76	78	80	82	84	86	88	90	92	94	96	98	100	102	104	106	108	110	112	114	116	118	120	122	124	126	128	130	132	134	136	138	140	142	144	146	148	150	152	154	156	158	160	162	164	166	168	170	172	174	176	178	180	182	184	186	188	190	192	194	196	198	200
0	0	2	2	2	2	2	2	0	0	0	0	0	0	1	2	2	3	3	0	0	0	2	2	2	2	2	0	4	0	0	0	0	0	0	2	3	0	0	1	2	0	4	0	0	0	0	0	3	0	0	2	0	1	2	0	0	0	4	3	3	3	2	2	2	2	2	2	2	2	2	2	0	1	2	2	2	2	0	2	2	2	2	3	3	3	3	3	3	3	3	3	2	2	2	0	2	2	0	0
100
2	4	6	8	10	12	14	16	18	20	22	24	26	28	30	32	34	36	38	40	42	44	46	48	50	52	54	56	58	60	62	64	66	68	70	72	74	76	78	80	82	84	86	88	90	92	94	96	98	100	102	104	106	108	110	112	114	116	118	120	122	124	126	128	130	132	134	136	138	140	142	144	146	148	150	152	154	156	158	160	162	164	166	168	170	172	174	176	178	180	182	184	186	188	190	192	194	196	198	200
0	3	2	2	2	2	2	2	2	0	2	2	2	2	2	0	2	2	0	0	2	2	2	2	2	0	2	3	0	2	3	2	0	0	2	2	2	2	2	2	2	2	2	3	0	0	3	3	3	2	2	2	2	2	2	2	2	2	2	3	3	3	3	3	3	3	2	2	2	2	2	2	0	2	2	0	2	0	2	2	2	2	2	2	2	2	2	2	4	4	3	3	3	3	3	3	0	0	0	0
100
2	4	6	8	10	12	14	16	18	20	22	24	26	28	30	32	34	36	38	40	42	44	46	48	50	52	54	56	58	60	62	64	66	68	70	72	74	76	78	80	82	84	86	88	90	92	94	96	98	100	102	104	106	108	110	112	114	116	118	120	122	124	126	128	130	132	134	136	138	140	142	144	146	148	150	152	154	156	158	160	162	164	166	168	170	172	174	176	178	180	182	184	186	188	190	192	194	196	198	200
0	1	4	0	0	0	0	2	0	2	2	2	2	2	2	0	0	0	0	0	0	0	0	0	3	2	2	0	2	0	2	2	4	0	0	2	0	0	0	2	2	2	2	2	2	2	0	0	0	4	0	0	0	0	0	2	2	2	2	0	3	3	3	3	3	3	3	3	3	0	0	0	3	3	3	3	3	3	0	2	0	0	2	0	0	0	0	0	0	0	0	0	0	3	4	0	2	0	0	0
100
2	4	6	8	10	12	14	16	18	20	22	24	26	28	30	32	34	36	38	40	42	44	46	48	50	52	54	56	58	60	62	64	66	68	70	72	74	76	78	80	82	84	86	88	90	92	94	96	98	100	102	104	106	108	110	112	114	116	118	120	122	124	126	128	130	132	134	136	138	140	142	144	146	148	150	152	154	156	158	160	162	164	166	168	170	172	174	176	178	180	182	184	186	188	190	192	194	196	198	200
3	3	3	3	3	3	3	3	2	2	2	2	2	3	0	0	0	0	0	2	2	2	2	2	2	2	2	2	2	0	2	2	2	2	2	3	3	3	3	3	3	4	4	0	2	2	2	2	2	2	2	3	3	3	3	3	3	3	3	0	0	0	0	0	0	2	0	2	2	0	2	2	2	2	2	2	2	2	2	0	0	0	0	4	0	0	0	3	3	3	3	3	3	3	3	2	2	2	2	0
100
2	4	6	8	10	12	14	16	18	20	22	24	26	28	30	32	34	36	38	40	42	44	46	48	50	52	54	56	58	60	62	64	66	68	70	72	74	76	78	80	82	84	86	88	90	92	94	96	98	100	102	104	106	108	110	112	114	116	118	120	122	124	126	128	130	132	134	136	138	140	142	144	146	148	150	152	154	156	158	160	162	164	166	168	170	172	174	176	178	180	182	184	186	188	190	192	194	196	198	200
3	3	3	3	0	2	3	2	0	0	2	4	0	0	4	0	0	0	4	0	3	3	3	3	3	3	0	0	0	0	0	0	4	0	0	0	0	2	0	0	0	3	3	3	3	3	3	2	2	2	2	3	3	3	3	3	2	2	2	2	2	2	2	2	2	0	0	0	3	2	0	2	0	0	2	2	0	2	2	2	3	3	3	3	3	3	3	3	3	2	2	2	0	0	0	3	3	3	3	3
100
2	4	6	8	10	12	14	16	18	20	22	24	26	28	30	32	34	36	38	40	42	44	46	48	50	52	54	56	58	60	62	64	66	68	70	72	74	76	78	80	82	84	86	88	90	92	94	96	98	100	102	104	106	108	110	112	114	116	118	120	122	124	126	128	130	132	134	136	138	140	142	144	146	148	150	152	154	156	158	160	162	164	166	168	170	172	174	176	178	180	182	184	186	188	190	192	194	196	198	200
2	2	2	2	2	2	2	0	2	0	0	0	0	2	2	2	2	2	3	2	2	2	2	2	2	2	2	2	2	2	2	2	2	2	2	2	2	2	0	0	4	0	3	3	3	3	3	2	2	0	0	0	0	4	0	0	4	0	3	0	2	2	0	0	2	0	2	0	0	0	0	2	0	0	0	0	2	2	2	2	2	2	2	0	0	0	0	0	2	2	2	2	2	2	2	2	2	2	0	0
100
2	4	6	8	10	12	14	16	18	20	22	24	26	28	30	32	34	36	38	40	42	44	46	48	50	52	54	56	58	60	62	64	66	68	70	72	74	76	78	80	82	84	86	88	90	92	94	96	98	100	102	104	106	108	110	112	114	116	118	120	122	124	126	128	130	132	134	136	138	140	142	144	146	148	150	152	154	156	158	160	162	164	166	168	170	172	174	176	178	180	182	184	186	188	190	192	194	196	198	200
0	3	1	0	2	2	0	2	2	2	2	2	2	2	2	2	0	0	3	3	3	3	3	3	3	3	3	2	2	2	2	3	3	3	2	2	0	4	4	0	4	0	0	0	1	0	0	4	3	3	3	3	3	3	3	3	2	0	2	2	2	2	2	2	4	0	0	0	2	2	2	0	4	0	0	0	0	0	0	0	0	0	0	2	0	0	0	0	2	0	0	0	0	0	0	0	0	0	3	3
100
2	4	6	8	10	12	14	16	18	20	22	24	26	28	30	32	34	36	38	40	42	44	46	48	50	52	54	56	58	60	62	64	66	68	70	72	74	76	78	80	82	84	86	88	90	92	94	96	98	100	102	104	106	108	110	112	114	116	118	120	122	124	126	128	130	132	134	136	138	140	142	144	146	148	150	152	154	156	158	160	162	164	166	168	170	172	174	176	178	180	182	184	186	188	190	192	194	196	198	200
3	3	0	0	0	4	0	0	0	0	0	3	4	0	0	0	0	0	0	2	0	3	2	0	0	2	0	4	0	0	3	0	2	2	2	0	2	2	0	0	2	2	2	2	2	2	2	2	3	3	2	2	2	2	3	2	2	2	2	2	2	2	2	2	0	0	0	3	3	3	2	2	2	2	2	2	2	0	0	2	2	0	0	0	0	0	0	0	0	0	0	4	0	0	0	2	2	3	2	0
100
2	4	6	8	10	12	14	16	18	20	22	24	26	28	30	32	34	36	38	40	42	44	46	48	50	52	54	56	58	60	62	64	66	68	70	72	74	76	78	80	82	84	86	88	90	92	94	96	98	100	102	104	106	108	110	112	114	116	118	120	122	124	126	128	130	132	134	136	138	140	142	144	146	148	150	152	154	156	158	160	162	164	166	168	170	172	174	176	178	180	182	184	186	188	190	192	194	196	198	200
3	3	3	3	3	2	2	0	0	3	3	3	3	3	3	2	2	2	2	0	0	0	0	0	0	4	0	0	2	0	1	0	2	2	0	0	0	0	0	0	0	0	0	3	3	3	3	3	3	3	2	2	2	2	0	0	2	0	0	2	0	2	4	0	4	0	0	0	4	3	3	3	3	3	3	3	2	2	2	2	2	2	2	0	0	0	0	0	0	0	0	2	2	2	3	3	3	2	0	0
100
2	4	6	8	10	12	14	16	18	20	22	24	26	28	30	32	34	36	38	40	42	44	46	48	50	52	54	56	58	60	62	64	66	68	70	72	74	76	78	80	82	84	86	88	90	92	94	96	98	100	102	104	106	108	110	112	114	116	118	120	122	124	126	128	130	132	134	136	138	140	142	144	146	148	150	152	154	156	158	160	162	164	166	168	170	172	174	176	178	180	182	184	186	188	190	192	194	196	198	200
3	3	3	3	0	4	0	0	2	0	0	3	3	3	3	3	3	3	2	2	2	0	0	2	0	0	0	0	2	0	4	0	0	3	3	3	3	3	3	3	2	2	2	2	2	2	2	3	3	3	2	2	2	2	2	3	3	3	3	3	3	2	0	2	0	2	0	0	0	0	0	0	0	3	0	2	0	3	2	2	2	2	2	4	0	4	0	0	0	0	3	3	3	3	3	3	3	2	2	2
100
2	4	6	8	10	12	14	16	18	20	22	24	26	28	30	32	34	36	38	40	42	44	46	48	50	52	54	56	58	60	62	64	66	68	70	72	74	76	78	80	82	84	86	88	90	92	94	96	98	100	102	104	106	108	110	112	114	116	118	120	122	124	126	128	130	132	134	136	138	140	142	144	146	148	150	152	154	156	158	160	162	164	166	168	170	172	174	176	178	180	182	184	186	188	190	192	194	196	198	200
0	4	0	0	0	3	3	3	3	3	3	3	0	0	4	0	0	0	0	4	0	2	2	2	2	2	2	2	2	2	0	0	0	2	2	2	2	2	2	3	0	0	2	2	2	2	2	2	2	2	2	0	0	3	2	1	0	2	0	0	0	0	0	2	2	2	2	0	0	4	0	0	0	0	0	0	0	3	2	2	0	0	0	0	3	2	0	0	0	0	0	0	0	4	3	3	3	3	3	3
100
2	4	6	8	10	12	14	16	18	20	22	24	26	28	30	32	34	36	38	40	42	44	46	48	50	52	54	56	58	60	62	64	66	68	70	72	74	76	78	80	82	84	86	88	90	92	94	96	98	100	102	104	106	108	110	112	114	116	118	120	122	124	126	128	130	132	134	136	138	140	142	144	146	148	150	152	154	156	158	160	162	164	166	168	170	172	174	176	178	180	182	184	186	188	190	192	194	196	198	200
3	3	3	3	3	3	3	3	0	0	4	0	0	0	0	0	0	3	3	3	3	3	3	3	3	3	2	2	2	2	2	2	0	0	0	2	0	0	0	0	0	0	0	0	0	0	0	0	3	3	3	3	3	3	2	2	2	2	2	2	2	2	2	3	3	3	3	3	3	3	3	2	0	0	2	0	0	0	0	0	0	2	0	4	0	4	0	2	0	0	0	0	0	0	0	0	2	2	2	2
100
2	4	6	8	10	12	14	16	18	20	22	24	26	28	30	32	34	36	38	40	42	44	46	48	50	52	54	56	58	60	62	64	66	68	70	72	74	76	78	80	82	84	86	88	90	92	94	96	98	100	102	104	106	108	110	112	114	116	118	120	122	124	126	128	130	132	134	136	138	140	142	144	146	148	150	152	154	156	158	160	162	164	166	168	170	172	174	176	178	180	182	184	186	188	190	192	194	196	198	200
0	0	0	3	3	3	3	3	3	3	0	0	0	0	0	0	4	3	3	3	3	3	3	3	3	0	0	4	0	0	0	3	3	3	3	3	3	3	3	3	3	0	2	0	0	0	0	0	0	0	0	0	0	0	3	3	0	0	0	0	4	0	0	4	3	0	0	4	0	0	0	0	2	2	2	2	2	2	2	2	2	2	0	0	4	4	4	0	3	3	3	3	3	3	0	0	0	0	0	4
100
2	4	6	8	10	12	14	16	18	20	22	24	26	28	30	32	34	36	38	40	42	44	46	48	50	52	54	56	58	60	62	64	66	68	70	72	74	76	78	80	82	84	86	88	90	92	94	96	98	100	102	104	106	108	110	112	114	116	118	120	122	124	126	128	130	132	134	136	138	140	142	144	146	148	150	152	154	156	158	160	162	164	166	168	170	172	174	176	178	180	182	184	186	188	190	192	194	196	198	200
3	3	3	3	2	2	2	2	2	0	0	4	2	0	0	0	0	2	2	0	2	0	2	2	2	2	0	0	4	0	2	0	2	0	2	2	2	2	2	2	2	0	0	0	0	0	2	0	0	0	4	0	0	0	4	0	3	0	0	0	0	4	0	0	4	0	3	3	3	3	3	3	2	2	2	2	2	1	3	3	4	0	3	3	0	0	0	0	0	0	4	2	2	2	2	2	2	2	2	2
100
2	4	6	8	10	12	14	16	18	20	22	24	26	28	30	32	34	36	38	40	42	44	46	48	50	52	54	56	58	60	62	64	66	68	70	72	74	76	78	80	82	84	86	88	90	92	94	96	98	100	102	104	106	108	110	112	114	116	118	120	122	124	126	128	130	132	134	136	138	140	142	144	146	148	150	152	154	156	158	160	162	164	166	168	170	172	174	176	178	180	182	184	186	188	190	192	194	196	198	200
3	2	2	2	2	2	2	0	4	0	0	0	4	4	0	0	0	0	4	2	0	2	0	0	2	2	2	2	2	2	2	2	2	2	2	0	0	0	0	0	0	0	2	3	0	0	0	0	0	0	0	0	0	0	0	2	2	2	0	0	0	0	0	0	0	0	2	2	2	2	2	2	2	2	2	0	0	0	0	0	0	0	3	3	2	2	2	2	2	2	0	0	0	0	0	0	0	0	0	0
100
2	4	6	8	10	12	14	16	18	20	22	24	26	28	30	32	34	36	38	40	42	44	46	48	50	52	54	56	58	60	62	64	66	68	70	72	74	76	78	80	82	84	86	88	90	92	94	96	98	100	102	104	106	108	110	112	114	116	118	120	122	124	126	128	130	132	134	136	138	140	142	144	146	148	150	152	154	156	158	160	162	164	166	168	170	172	174	176	178	180	182	184	186	188	190	192	194	196	198	200
2	0	0	0	0	0	0	0	0	2	0	2	2	2	2	2	4	0	0	0	0	0	0	0	0	3	3	3	3	2	0	0	2	3	3	0	2	2	2	2	2	2	2	4	0	0	0	2	2	2	2	2	2	2	2	2	2	3	3	3	3	3	2	2	2	2	2	2	2	0	0	0	0	0	0	0	4	0	0	3	3	3	3	3	3	3	3	3	0	0	0	0	3	2	3	0	2	2	2	2
100
2	4	6	8	10	12	14	16	18	20	22	24	26	28	30	32	34	36	38	40	42	44	46	48	50	52	54	56	58	60	62	64	66	68	70	72	74	76	78	80	82	84	86	88	90	92	94	96	98	100	102	104	106	108	110	112	114	116	118	120	122	124	126	128	130	132	134	136	138	140	142	144	146	148	150	152	154	156	158	160	162	164	166	168	170	172	174	176	178	180	182	184	186	188	190	192	194	196	198	200
2	2	2	2	0	0	0	2	0	0	0	0	0	3	0	0	0	0	0	0	0	3	0	2	0	0	2	0	0	0	0	0	0	0	0	2	0	0	3	3	3	3	3	3	3	2	2	2	2	2	0	0	0	2	0	0	0	2	0	2	2	2	2	2	2	2	2	2	0	0	3	3	3	3	3	3	3	3	3	0	4	4	4	0	0	0	0	0	3	0	0	0	2	2	2	2	0	0	0	4
100
2	4	6	8	10	12	14	16	18	20	22	24	26	28	30	32	34	36	38	40	42	44	46	48	50	52	54	56	58	60	62	64	66	68	70	72	74	76	78	80	82	84	86	88	90	92	94	96	98	100	102	104	106	108	110	112	114	116	118	120	122	124	126	128	130	132	134	136	138	140	142	144	146	148	150	152	154	156	158	160	162	164	166	168	170	172	174	176	178	180	182	184	186	188	190	192	194	196	198	200
0	0	0	4	0	0	0	0	3	3	3	3	3	2	2	2	2	2	2	2	0	2	0	2	0	2	0	2	2	0	4	4	0	0	0	0	4	0	2	0	2	0	0	0	0	0	0	0	0	4	0	4	0	3	2	2	2	2	0	4	0	0	0	0	0	2	2	2	2	2	0	0	0	0	0	0	3	0	0	0	0	0	0	3	3	3	3	3	3	3	3	3	3	2	2	2	2	2	2	2
100
2	4	6	8	10	12	14	16	18	20	22	24	26	28	30	32	34	36	38	40	42	44	46	48	50	52	54	56	58	60	62	64	66	68	70	72	74	76	78	80	82	84	86	88	90	92	94	96	98	100	102	104	106	108	110	112	114	116	118	120	122	124	126	128	130	132	134	136	138	140	142	144	146	148	150	152	154	156	158	160	162	164	166	168	170	172	174	176	178	180	182	184	186	188	190	192	194	196	198	200
2	2	2	2	2	0	0	0	0	0	2	2	0	0	2	0	3	2	0	2	2	2	2	2	2	2	2	2	0	0	2	2	0	0	0	1	4	0	3	3	3	3	3	3	3	3	3	3	2	2	2	2	2	2	2	2	0	0	0	2	2	0	2	2	0	0	0	0	0	4	0	0	0	0	2	2	0	3	3	3	3	3	3	3	3	0	0	0	2	0	1	2	2	0	0	4	0	0	0	0
100
2	4	6	8	10	12	14	16	18	20	22	24	26	28	30	32	34	36	38	40	42	44	46	48	50	52	54	56	58	60	62	64	66	68	70	72	74	76	78	80	82	84	86	88	90	92	94	96	98	100	102	104	106	108	110	112	114	116	118	120	122	124	126	128	130	132	134	136	138	140	142	144	146	148	150	152	154	156	158	160	162	164	166	168	170	172	174	176	178	180	182	184	186	188	190	192	194	196	198	200
3	3	3	0	0	3	2	2	0	0	0	0	2	2	2	2	2	2	2	2	2	2	2	1	3	0	2	0	2	2	2	2	2	2	2	2	2	2	0	0	2	0	2	2	0	0	0	4	0	0	0	0	0	2	0	2	0	0	0	2	2	2	2	2	2	2	0	2	0	0	3	3	3	3	3	3	0	0	0	0	0	0	0	4	0	3	2	2	0	2	2	2	2	2	2	2	3	0	0	0
100
2	4	6	8	10	12	14	16	18	20	22	24	26	28	30	32	34	36	38	40	42	44	46	48	50	52	54	56	58	60	62	64	66	68	70	72	74	76	78	80	82	84	86	88	90	92	94	96	98	100	102	104	106	108	110	112	114	116	118	120	122	124	126	128	130	132	134	136	138	140	142	144	146	148	150	152	154	156	158	160	162	164	166	168	170	172	174	176	178	180	182	184	186	188	190	192	194	196	198	200
2	0	2	2	2	2	0	1	0	0	3	0	2	2	0	2	2	2	2	2	2	0	0	2	0	0	2	0	0	0	1	2	2	2	2	2	2	2	2	2	0	4	2	2	0	4	0	3	3	3	3	3	3	3	3	4	0	4	0	0	0	0	3	3	3	3	3	3	3	3	3	3	2	2	2	0	0	0	0	3	3	3	3	3	3	3	3	3	3	0	0	0	4	4	0	0	2	2	2	2
100
2	4	6	8	10	12	14	16	18	20	22	24	26	28	30	32	34	36	38	40	42	44	46	48	50	52	54	56	58	60	62	64	66	68	70	72	74	76	78	80	82	84	86	88	90	92	94	96	98	100	102	104	106	108	110	112	114	116	118	120	122	124	126	128	130	132	134	136	138	140	142	144	146	148	150	152	154	156	158	160	162	164	166	168	170	172	174	176	178	180	182	184	186	188	190	192	194	196	198	200
0	0	0	0	1	1	0	2	2	2	0	2	0	2	2	2	2	3	3	3	3	3	3	3	3	3	3	2	2	2	2	0	0	0	0	0	0	0	0	4	0	2	2	2	2	0	0	0	0	0	0	2	0	0	0	0	0	0	0	3	3	3	3	3	3	3	3	3	3	2	0	2	2	2	0	0	0	2	2	0	0	2	2	0	2	2	4	0	0	0	0	0	0	0	0	0	0	0	0	0
100
2	4	6	8	10	12	14	16	18	20	22	24	26	28	30	32	34	36	38	40	42	44	46	48	50	52	54	56	58	60	62	64	66	68	70	72	74	76	78	80	82	84	86	88	90	92	94	96	98	100	102	104	106	108	110	112	114	116	118	120	122	124	126	128	130	132	134	136	138	140	142	144	146	148	150	152	154	156	158	160	162	164	166	168	170	172	174	176	178	180	182	184	186	188	190	192	194	196	198	200
4	4	0	0	0	0	2	2	0	1	3	0	3	0	2	0	3	3	3	3	3	0	0	0	0	2	2	2	2	2	2	2	2	2	2	0	2	0	2	0	2	0	0	0	0	2	2	2	0	0	0	4	3	3	3	3	3	3	3	3	2	2	2	2	2	0	0	2	0	4	0	4	0	0	0	0	0	0	2	0	0	2	0	0	0	2	4	0	4	0	0	0	0	0	0	3	3	3	3	3
100
2	4	6	8	10	12	14	16	18	20	22	24	26	28	30	32	34	36	38	40	42	44	46	48	50	52	54	56	58	60	62	64	66	68	70	72	74	76	78	80	82	84	86	88	90	92	94	96	98	100	102	104	106	108	110	112	114	116	118	120	122	124	126	128	130	132	134	136	138	140	142	144	146	148	150	152	154	156	158	160	162	164	166	168	170	172	174	176	178	180	182	184	186	188	190	192	194	196	198	200
3	2	2	2	2	2	2	2	4	0	0	0	0	2	2	2	2	2	2	0	0	0	0	0	4	0	0	0	0	0	0	3	3	3	3	3	3	3	2	2	2	2	2	2	2	2	2	2	0	4	0	0	4	4	0	0	0	3	3	3	3	3	3	3	3	2	2	2	2	2	2	4	4	0	0	4	0	0	0	3	3	2	2	2	2	2	2	4	0	0	4	0	4	0	4	2	0	0	0	0
100
2	4	6	8	10	12	14	16	18	20	22	24	26	28	30	32	34	36	38	40	42	44	46	48	50	52	54	56	58	60	62	64	66	68	70	72	74	76	78	80	82	84	86	88	90	92	94	96	98	100	102	104	106	108	110	112	114	116	118	120	122	124	126	128	130	132	134	136	138	140	142	144	146	148	150	152	154	156	158	160	162	164	166	168	170	172	174	176	178	180	182	184	186	188	190	192	194	196	198	200
2	2	2	2	2	0	0	0	0	0	0	0	0	4	2	0	0	2	2	2	2	2	2	2	2	2	0	4	4	0	0	4	0	0	2	3	0	0	0	3	3	3	3	3	3	3	3	0	0	0	0	3	3	4	4	0	0	0	0	0	0	3	3	3	3	2	0	0	0	0	2	0	0	0	2	2	2	2	2	2	2	3	3	2	2	2	2	2	0	0	2	0	0	0	2	3	3	0	0	0
100
2	4	6	8	10	12	14	16	18	20	22	24	26	28	30	32	34	36	38	40	42	44	46	48	50	52	54	56	58	60	62	64	66	68	70	72	74	76	78	80	82	84	86	88	90	92	94	96	98	100	102	104	106	108	110	112	114	116	118	120	122	124	126	128	130	132	134	136	138	140	142	144	146	148	150	152	154	156	158	160	162	164	166	168	170	172	174	176	178	180	182	184	186	188	190	192	194	196	198	200
3	3	3	2	2	2	3	2	2	2	2	2	2	2	2	2	0	2	2	0	2	0	2	4	0	0	0	0	0	0	0	3	3	3	3	3	3	3	4	0	0	4	0	4	0	0	3	3	3	0	0	0	2	0	0	0	0	0	4	0	0	3	3	3	3	3	3	3	3	2	2	2	2	0	0	0	0	0	0	4	2	2	2	2	2	2	2	2	2	0	0	0	1	0	0	0	4	2	2	2
100
2	4	6	8	10	12	14	16	18	20	22	24	26	28	30	32	34	36	38	40	42	44	46	48	50	52	54	56	58	60	62	64	66	68	70	72	74	76	78	80	82	84	86	88	90	92	94	96	98	100	102	104	106	108	110	112	114	116	118	120	122	124	126	128	130	132	134	136	138	140	142	144	146	148	150	152	154	156	158	160	162	164	166	168	170	172	174	176	178	180	182	184	186	188	190	192	194	196	198	200
3	3	3	3	3	3	3	3	2	2	2	2	2	2	0	4	0	0	0	0	0	0	2	2	2	2	2	2	2	2	0	4	0	4	4	0	0	3	3	3	3	3	3	3	3	0	0	0	0	4	4	0	0	0	0	0	2	0	2	0	0	4	2	2	2	2	3	3	3	3	3	3	3	3	3	0	0	0	0	0	0	3	3	3	3	3	3	0	0	3	0	2	0	0	0	2	2	0	0	0
100
2	4	6	8	10	12	14	16	18	20	22	24	26	28	30	32	34	36	38	40	42	44	46	48	50	52	54	56	58	60	62	64	66	68	70	72	74	76	78	80	82	84	86	88	90	92	94	96	98	100	102	104	106	108	110	112	114	116	118	120	122	124	126	128	130	132	134	136	138	140	142	144	146	148	150	152	154	156	158	160	162	164	166	168	170	172	174	176	178	180	182	184	186	188	190	192	194	196	198	200
2	2	2	0	2	2	0	2	0	2	2	2	2	2	2	2	4	0	0	0	4	0	0	0	3	3	3	3	3	3	3	3	3	3	0	0	3	3	3	3	3	3	3	2	2	2	2	2	2	0	0	0	0	3	3	0	3	2	2	2	2	0	4	0	0	0	0	0	0	0	3	3	3	3	3	3	3	3	2	2	2	0	2	0	0	0	3	3	3	0	0	0	4	0	0	0	0	0	3	3
100
2	4	6	8	10	12	14	16	18	20	22	24	26	28	30	32	34	36	38	40	42	44	46	48	50	52	54	56	58	60	62	64	66	68	70	72	74	76	78	80	82	84	86	88	90	92	94	96	98	100	102	104	106	108	110	112	114	116	118	120	122	124	126	128	130	132	134	136	138	140	142	144	146	148	150	152	154	156	158	160	162	164	166	168	170	172	174	176	178	180	182	184	186	188	190	192	194	196	198	200
0	0	4	2	2	2	2	2	4	0	2	0	0	2	0	2	2	2	2	2	2	0	0	0	0	0	0	0	3	3	2	2	2	2	2	0	0	0	0	0	0	0	3	3	3	3	3	3	3	0	2	2	2	2	2	2	4	0	0	0	0	4	0	4	0	0	0	0	0	0	2	0	0	0	0	0	0	0	4	0	0	4	0	3	0	0	3	0	0	2	0	1	2	2	2	2	2	2	2	0
100
2	4	6	8	10	12	14	16	18	20	22	24	26	28	30	32	34	36	38	40	42	44	46	48	50	52	54	56	58	60	62	64	66	68	70	72	74	76	78	80	82	84	86	88	90	92	94	96	98	100	102	104	106	108	110	112	114	116	118	120	122	124	126	128	130	132	134	136	138	140	142	144	146	148	150	152	154	156	158	160	162	164	166	168	170	172	174	176	178	180	182	184	186	188	190	192	194	196	198	200
4	0	0	0	4	0	3	3	3	3	3	3	3	3	3	3	2	2	2	2	2	2	2	0	0	3	3	3	3	3	3	3	2	2	2	2	2	2	2	2	2	0	0	0	0	0	0	0	0	2	2	0	0	0	0	0	0	0	0	0	0	0	0	4	0	4	0	2	0	3	0	0	0	0	0	0	2	2	2	2	2	2	2	2	2	2	0	0	2	2	2	2	2	2	2	2	2	0	0	0
100
2	4	6	8	10	12	14	16	18	20	22	24	26	28	30	32	34	36	38	40	42	44	46	48	50	52	54	56	58	60	62	64	66	68	70	72	74	76	78	80	82	84	86	88	90	92	94	96	98	100	102	104	106	108	110	112	114	116	118	120	122	124	126	128	130	132	134	136	138	140	142	144	146	148	150	152	154	156	158	160	162	164	166	168	170	172	174	176	178	180	182	184	186	188	190	192	194	196	198	200
4	0	4	0	0	0	3	3	3	3	3	3	3	3	2	2	2	2	2	2	0	0	4	4	0	0	0	0	0	2	2	2	0	2	2	2	1	2	2	0	0	0	4	0	0	4	4	4	0	0	2	0	0	0	0	0	0	0	2	2	2	2	2	2	2	2	2	2	3	3	3	3	3	3	3	2	2	2	2	2	2	2	3	3	3	3	3	3	3	3	3	2	2	3	2	2	0	0	0	3
100
2	4	6	8	10	12	14	16	18	20	22	24	26	28	30	32	34	36	38	40	42	44	46	48	50	52	54	56	58	60	62	64	66	68	70	72	74	76	78	80	82	84	86	88	90	92	94	96	98	100	102	104	106	108	110	112	114	116	118	120	122	124	126	128	130	132	134	136	138	140	142	144	146	148	150	152	154	156	158	160	162	164	166	168	170	172	174	176	178	180	182	184	186	188	190	192	194	196	198	200
0	4	0	4	0	2	2	2	2	2	2	2	2	2	3	3	3	3	3	3	2	2	0	0	0	0	0	0	0	4	0	4	0	4	0	2	0	0	0	2	0	0	0	0	3	3	3	3	3	3	2	2	2	2	2	2	2	2	2	0	0	0	2	2	0	0	2	0	0	0	0	0	0	0	0	0	2	2	2	3	3	3	3	3	3	3	2	2	2	3	3	3	3	3	3	3	3	2	2	2
100
2	4	6	8	10	12	14	16	18	20	22	24	26	28	30	32	34	36	38	40	42	44	46	48	50	52	54	56	58	60	62	64	66	68	70	72	74	76	78	80	82	84	86	88	90	92	94	96	98	100	102	104	106	108	110	112	114	116	118	120	122	124	126	128	130	132	134	136	138	140	142	144	146	148	150	152	154	156	158	160	162	164	166	168	170	172	174	176	178	180	182	184	186	188	190	192	194	196	198	200
3	2	0	0	3	0	0	0	0	0	0	0	0	4	3	3	3	3	3	3	3	2	2	2	2	2	2	2	2	3	3	0	0	0	0	0	4	0	2	0	2	0	0	0	0	3	3	3	3	3	3	3	2	2	2	2	2	2	0	2	2	2	2	2	0	0	0	0	0	0	4	0	0	3	3	3	3	3	3	3	3	3	2	2	2	2	2	2	0	0	0	0	0	0	0	2	0	4	0	0
100
2	4	6	8	10	12	14	16	18	20	22	24	26	28	30	32	34	36	38	40	42	44	46	48	50	52	54	56	58	60	62	64	66	68	70	72	74	76	78	80	82	84	86	88	90	92	94	96	98	100	102	104	106	108	110	112	114	116	118	120	122	124	126	128	130	132	134	136	138	140	142	144	146	148	150	152	154	156	158	160	162	164	166	168	170	172	174	176	178	180	182	184	186	188	190	192	194	196	198	200
2	2	2	2	2	2	3	3	3	3	3	3	3	1	0	0	0	0	4	2	2	2	2	0	0	0	0	3	3	3	3	3	3	3	3	0	0	4	0	0	0	4	0	4	3	3	3	3	3	3	2	2	2	2	2	2	2	2	2	2	3	3	3	2	2	2	2	2	2	2	0	4	0	0	4	0	0	0	0	0	0	0	2	2	2	2	2	2	3	3	3	3	3	3	3	3	2	2	2	2
100
2	4	6	8	10	12	14	16	18	20	22	24	26	28	30	32	34	36	38	40	42	44	46	48	50	52	54	56	58	60	62	64	66	68	70	72	74	76	78	80	82	84	86	88	90	92	94	96	98	100	102	104	106	108	110	112	114	116	118	120	122	124	126	128	130	132	134	136	138	140	142	144	146	148	150	152	154	156	158	160	162	164	166	168	170	172	174	176	178	180	182	184	186	188	190	192	194	196	198	200
4	0	4	0	0	3	3	3	3	3	3	3	3	0	0	0	3	3	3	3	3	3	2	2	2	2	3	3	3	3	3	3	2	0	0	0	3	2	2	2	2	2	3	3	0	0	3	3	3	0	0	0	2	3	3	0	0	0	2	1	1	0	0	0	3	2	2	2	3	2	2	2	2	2	2	2	2	2	2	2	0	0	3	0	3	0	4	0	4	0	3	3	3	3	3	3	3	3	3	3
100
2	4	6	8	10	12	14	16	18	20	22	24	26	28	30	32	34	36	38	40	42	44	46	48	50	52	54	56	58	60	62	64	66	68	70	72	74	76	78	80	82	84	86	88	90	92	94	96	98	100	102	104	106	108	110	112	114	116	118	120	122	124	126	128	130	132	134	136	138	140	142	144	146	148	150	152	154	156	158	160	162	164	166	168	170	172	174	176	178	180	182	184	186	188	190	192	194	196	198	200
0	2	2	3	3	3	3	3	3	3	0	4	0	0	4	0	0	0	3	2	2	2	3	3	3	3	3	3	3	3	2	2	2	2	2	2	2	0	2	2	2	0	0	2	2	2	2	0	2	1	0	0	3	2	0	0	0	0	0	4	4	0	3	3	2	2	2	2	2	2	2	2	2	0	2	2	2	2	0	0	0	0	0	0	4	0	3	3	3	3	3	3	3	3	2	2	2	2	2	2
100
2	4	6	8	10	12	14	16	18	20	22	24	26	28	30	32	34	36	38	40	42	44	46	48	50	52	54	56	58	60	62	64	66	68	70	72	74	76	78	80	82	84	86	88	90	92	94	96	98	100	102	104	106	108	110	112	114	116	118	120	122	124	126	128	130	132	134	136	138	140	142	144	146	148	150	152	154	156	158	160	162	164	166	168	170	172	174	176	178	180	182	184	186	188	190	192	194	196	198	200
0	2	2	2	2	2	2	2	0	0	4	0	4	0	0	0	2	2	2	2	2	2	2	2	2	2	3	3	4	0	0	0	0	0	0	4	0	2	2	0	0	2	2	0	2	2	2	2	0	0	2	0	3	0	2	2	2	2	2	2	2	0	0	0	0	0	0	0	0	0	0	0	0	0	0	4	0	0	4	0	0	3	3	3	3	3	3	2	2	2	2	2	2	0	0	4	0	0	0	0
100
2	4	6	8	10	12	14	16	18	20	22	24	26	28	30	32	34	36	38	40	42	44	46	48	50	52	54	56	58	60	62	64	66	68	70	72	74	76	78	80	82	84	86	88	90	92	94	96	98	100	102	104	106	108	110	112	114	116	118	120	122	124	126	128	130	132	134	136	138	140	142	144	146	148	150	152	154	156	158	160	162	164	166	168	170	172	174	176	178	180	182	184	186	188	190	192	194	196	198	200
0	0	0	4	0	3	3	3	3	3	0	0	0	0	0	0	2	0	2	0	1	2	2	2	2	2	2	2	2	2	2	0	0	0	3	3	3	3	3	3	3	3	4	0	2	4	3	3	3	0	0	0	2	2	2	2	2	2	2	0	0	0	0	0	4	0	0	2	2	2	2	2	0	0	2	2	4	0	0	3	2	2	2	2	2	2	2	2	2	2	0	4	0	0	0	0	0	0	4	2
100
2	4	6	8	10	12	14	16	18	20	22	24	26	28	30	32	34	36	38	40	42	44	46	48	50	52	54	56	58	60	62	64	66	68	70	72	74	76	78	80	82	84	86	88	90	92	94	96	98	100	102	104	106	108	110	112	114	116	118	120	122	124	126	128	130	132	134	136	138	140	142	144	146	148	150	152	154	156	158	160	162	164	166	168	170	172	174	176	178	180	182	184	186	188	190	192	194	196	198	200
0	2	2	2	0	3	3	0	0	2	2	2	2	2	2	2	2	2	0	2	0	2	0	2	0	0	0	0	2	2	2	2	2	2	2	2	2	0	0	0	1	0	0	2	1	2	0	0	0	0	2	2	2	2	2	4	0	0	0	0	0	0	0	0	2	2	2	2	2	0	0	0	2	0	2	2	4	0	0	0	2	2	2	0	2	0	0	2	2	2	2	2	2	2	0	0	0	0	2	0
100
2	4	6	8	10	12	14	16	18	20	22	24	26	28	30	32	34	36	38	40	42	44	46	48	50	52	54	56	58	60	62	64	66	68	70	72	74	76	78	80	82	84	86	88	90	92	94	96	98	100	102	104	106	108	110	112	114	116	118	120	122	124	126	128	130	132	134	136	138	140	142	144	146	148	150	152	154	156	158	160	162	164	166	168	170	172	174	176	178	180	182	184	186	188	190	192	194	196	198	200
3	3	3	3	3	2	2	2	2	0	2	0	0	2	0	2	0	0	2	2	2	4	0	0	0	0	0	4	0	0	0	0	0	3	0	2	2	2	2	2	2	2	0	0	0	0	2	0	0	2	0	2	2	2	2	0	2	3	0	2	0	2	2	2	2	2	2	2	2	2	0	0	0	3	3	3	3	3	3	3	3	2	0	0	2	1	2	0	0	0	0	0	0	0	0	3	2	2	2	2
100
2	4	6	8	10	12	14	16	18	20	22	24	26	28	30	32	34	36	38	40	42	44	46	48	50	52	54	56	58	60	62	64	66	68	70	72	74	76	78	80	82	84	86	88	90	92	94	96	98	100	102	104	106	108	110	112	114	116	118	120	122	124	126	128	130	132	134	136	138	140	142	144	146	148	150	152	154	156	158	160	162	164	166	168	170	172	174	176	178	180	182	184	186	188	190	192	194	196	198	200
3	3	3	2	2	0	0	0	2	2	2	2	4	0	3	3	3	3	3	3	3	3	2	2	2	2	2	2	2	0	0	4	3	3	3	3	3	3	3	3	3	3	2	2	0	4	0	3	3	3	3	3	3	2	2	2	2	2	2	0	4	0	0	2	3	0	3	0	0	4	0	0	0	0	3	3	2	2	2	2	2	2	2	0	0	0	2	0	0	0	4	0	0	0	0	0	0	0	0	0
100
2	4	6	8	10	12	14	16	18	20	22	24	26	28	30	32	34	36	38	40	42	44	46	48	50	52	54	56	58	60	62	64	66	68	70	72	74	76	78	80	82	84	86	88	90	92	94	96	98	100	102	104	106	108	110	112	114	116	118	120	122	124	126	128	130	132	134	136	138	140	142	144	146	148	150	152	154	156	158	160	162	164	166	168	170	172	174	176	178	180	182	184	186	188	190	192	194	196	198	200
3	3	3	3	3	3	3	3	2	2	2	2	2	2	2	2	2	2	2	2	2	2	0	0	1	0	3	2	2	0	0	0	0	0	0	2	2	0	4	0	0	0	0	4	4	3	3	3	3	3	3	3	3	2	2	2	2	2	2	2	2	2	3	3	2	2	2	2	3	3	3	2	2	2	2	2	0	2	0	2	0	0	0	0	0	0	0	0	0	0	1	0	0	1	0	0	0	0	0	0
100
2	4	6	8	10	12	14	16	18	20	22	24	26	28	30	32	34	36	38	40	42	44	46	48	50	52	54	56	58	60	62	64	66	68	70	72	74	76	78	80	82	84	86	88	90	92	94	96	98	100	102	104	106	108	110	112	114	116	118	120	122	124	126	128	130	132	134	136	138	140	142	144	146	148	150	152	154	156	158	160	162	164	166	168	170	172	174	176	178	180	182	184	186	188	190	192	194	196	198	200
2	2	2	2	2	2	0	2	0	1	0	4	0	0	3	3	3	3	3	3	0	0	3	3	3	3	3	3	0	0	0	3	3	3	3	3	3	3	3	3	3	2	2	2	2	2	2	2	2	2	2	0	0	0	0	0	0	0	3	0	0	0	3	2	0	0	0	3	2	0	0	0	0	0	0	0	0	3	3	0	0	2	0	2	2	2	2	2	2	2	3	3	2	2	2	2	2	2	2	2
100
2	4	6	8	10	12	14	16	18	20	22	24	26	28	30	32	34	36	38	40	42	44	46	48	50	52	54	56	58	60	62	64	66	68	70	72	74	76	78	80	82	84	86	88	90	92	94	96	98	100	102	104	106	108	110	112	114	116	118	120	122	124	126	128	130	132	134	136	138	140	142	144	146	148	150	152	154	156	158	160	162	164	166	168	170	172	174	176	178	180	182	184	186	188	190	192	194	196	198	200
3	3	3	3	3	3	3	3	2	2	2	2	3	3	2	3	3	3	3	3	3	3	3	2	2	2	0	0	4	0	0	0	0	3	3	3	3	3	3	3	3	2	2	2	2	2	2	2	2	2	2	2	2	2	2	3	3	3	3	3	3	3	0	0	0	0	0	0	0	0	0	0	0	4	0	2	2	2	2	0	0	0	2	2	0	0	2	2	0	2	0	2	2	2	3	0	2	2	2	2
100
2	4	6	8	10	12	14	16	18	20	22	24	26	28	30	32	34	36	38	40	42	44	46	48	50	52	54	56	58	60	62	64	66	68	70	72	74	76	78	80	82	84	86	88	90	92	94	96	98	100	102	104	106	108	110	112	114	116	118	120	122	124	126	128	130	132	134	136	138	140	142	144	146	148	150	152	154	156	158	160	162	164	166	168	170	172	174	176	178	180	182	184	186	188	190	192	194	196	198	200
0	0	4	0	4	0	0	2	2	2	2	0	4	0	4	4	0	0	0	4	3	3	3	3	3	3	2	2	2	2	2	0	0	0	0	0	3	0	0	3	0	0	2	2	0	4	0	0	0	0	3	3	3	3	3	3	3	3	2	2	2	2	2	2	2	2	3	0	0	0	2	2	0	0	0	0	0	0	0	0	0	2	0	2	0	2	0	0	0	0	2	2	2	2	2	2	2	2	2	2
100
2	4	6	8	10	12	14	16	18	20	22	24	26	28	30	32	34	36	38	40	42	44	46	48	50	52	54	56	58	60	62	64	66	68	70	72	74	76	78	80	82	84	86	88	90	92	94	96	98	100	102	104	106	108	110	112	114	116	118	120	122	124	126	128	130	132	134	136	138	140	142	144	146	148	150	152	154	156	158	160	162	164	166	168	170	172	174	176	178	180	182	184	186	188	190	192	194	196	198	200
3	3	3	3	0	0	3	3	3	3	3	3	3	3	2	2	2	2	2	2	0	0	0	0	0	2	2	2	2	2	2	2	2	2	3	3	3	3	3	3	3	2	2	0	0	0	0	0	0	0	0	0	0	0	0	3	2	0	0	4	0	0	0	2	0	0	0	0	0	0	0	0	0	3	3	3	3	3	3	3	3	2	2	2	2	0	0	0	0	0	0	0	0	0	0	0	0	1	0	2
100
2	4	6	8	10	12	14	16	18	20	22	24	26	28	30	32	34	36	38	40	42	44	46	48	50	52	54	56	58	60	62	64	66	68	70	72	74	76	78	80	82	84	86	88	90	92	94	96	98	100	102	104	106	108	110	112	114	116	118	120	122	124	126	128	130	132	134	136	138	140	142	144	146	148	150	152	154	156	158	160	162	164	166	168	170	172	174	176	178	180	182	184	186	188	190	192	194	196	198	200
3	3	3	3	3	2	2	2	2	2	2	2	2	2	3	2	2	2	2	2	2	2	1	0	2	0	0	2	2	0	0	0	4	0	0	0	0	3	3	3	3	3	3	0	0	0	0	4	0	0	0	2	2	2	2	2	3	0	0	0	0	0	4	0	3	3	3	0	0	3	3	3	3	3	3	3	0	0	2	2	0	0	0	0	3	2	0	0	0	3	0	0	0	2	2	2	2	2	2	2
100
2	4	6	8	10	12	14	16	18	20	22	24	26	28	30	32	34	36	38	40	42	44	46	48	50	52	54	56	58	60	62	64	66	68	70	72	74	76	78	80	82	84	86	88	90	92	94	96	98	100	102	104	106	108	110	112	114	116	118	120	122	124	126	128	130	132	134	136	138	140	142	144	146	148	150	152	154	156	158	160	162	164	166	168	170	172	174	176	178	180	182	184	186	188	190	192	194	196	198	200
0	0	0	0	0	0	0	3	2	2	2	2	2	2	2	2	0	0	2	2	2	2	2	0	0	0	4	0	0	0	0	0	3	3	3	3	3	0	0	2	2	2	2	2	2	2	2	2	2	3	3	3	3	3	3	3	0	0	0	0	0	0	3	2	2	2	2	2	2	2	2	2	0	0	2	2	1	2	0	0	0	2	0	0	0	2	0	2	0	3	0	0	0	0	0	0	0	3	3	3
100
2	4	6	8	10	12	14	16	18	20	22	24	26	28	30	32	34	36	38	40	42	44	46	48	50	52	54	56	58	60	62	64	66	68	70	72	74	76	78	80	82	84	86	88	90	92	94	96	98	100	102	104	106	108	110	112	114	116	118	120	122	124	126	128	130	132	134	136	138	140	142	144	146	148	150	152	154	156	158	160	162	164	166	168	170	172	174	176	178	180	182	184	186	188	190	192	194	196	198	200
0	0	0	0	0	0	0	2	1	0	0	0	0	2	2	0	0	0	0	0	0	0	0	0	0	2	2	2	2	2	2	0	0	0	3	3	3	3	3	3	3	3	2	2	2	2	2	0	0	0	2	0	2	2	0	0	2	0	0	0	0	4	0	3	3	3	3	3	0	0	0	0	0	0	0	0	4	2	2	2	2	2	2	2	2	2	0	0	0	0	3	2	0	0	4	0	0	4	0	0
100
2	4	6	8	10	12	14	16	18	20	22	24	26	28	30	32	34	36	38	40	42	44	46	48	50	52	54	56	58	60	62	64	66	68	70	72	74	76	78	80	82	84	86	88	90	92	94	96	98	100	102	104	106	108	110	112	114	116	118	120	122	124	126	128	130	132	134	136	138	140	142	144	146	148	150	152	154	156	158	160	162	164	166	168	170	172	174	176	178	180	182	184	186	188	190	192	194	196	198	200
3	3	3	3	2	0	0	0	3	0	2	0	2	0	0	2	2	2	2	0	0	4	0	0	0	0	4	0	3	3	3	3	3	3	3	3	2	2	2	2	3	3	3	3	3	3	2	2	2	2	2	2	0	0	1	2	2	2	0	0	0	0	0	0	0	2	2	2	2	0	0	0	0	4	0	0	0	0	2	2	2	2	0	2	0	2	2	0	2	2	2	2	2	0	0	0	0	0	0	0
100
2	4	6	8	10	12	14	16	18	20	22	24	26	28	30	32	34	36	38	40	42	44	46	48	50	52	54	56	58	60	62	64	66	68	70	72	74	76	78	80	82	84	86	88	90	92	94	96	98	100	102	104	106	108	110	112	114	116	118	120	122	124	126	128	130	132	134	136	138	140	142	144	146	148	150	152	154	156	158	160	162	164	166	168	170	172	174	176	178	180	182	184	186	188	190	192	194	196	198	200
0	0	0	0	0	3	3	0	0	4	0	0	0	0	3	3	3	3	3	0	0	0	2	0	0	0	0	0	0	0	0	0	0	0	2	0	0	1	2	2	2	2	2	2	0	2	2	0	0	0	2	0	0	0	0	0	4	4	0	2	4	0	0	0	0	0	0	3	3	3	0	0	0	0	0	0	0	4	3	2	2	2	2	2	2	2	2	2	2	0	0	3	3	3	3	3	3	3	3	2
100
2	4	6	8	10	12	14	16	18	20	22	24	26	28	30	32	34	36	38	40	42	44	46	48	50	52	54	56	58	60	62	64	66	68	70	72	74	76	78	80	82	84	86	88	90	92	94	96	98	100	102	104	106	108	110	112	114	116	118	120	122	124	126	128	130	132	134	136	138	140	142	144	146	148	150	152	154	156	158	160	162	164	166	168	170	172	174	176	178	180	182	184	186	188	190	192	194	196	198	200
0	0	0	3	3	3	3	3	3	3	3	0	0	0	0	0	0	0	0	3	3	3	3	3	3	3	3	0	0	0	0	0	0	0	3	3	3	3	3	3	3	3	3	3	2	2	2	2	2	2	2	2	2	0	4	0	3	3	3	3	3	3	0	0	0	0	0	0	0	0	3	3	3	3	3	3	3	3	2	2	2	2	2	2	2	2	2	2	2	0	2	2	2	2	2	2	2	2	2	2
100
2	4	6	8	10	12	14	16	18	20	22	24	26	28	30	32	34	36	38	40	42	44	46	48	50	52	54	56	58	60	62	64	66	68	70	72	74	76	78	80	82	84	86	88	90	92	94	96	98	100	102	104	106	108	110	112	114	116	118	120	122	124	126	128	130	132	134	136	138	140	142	144	146	148	150	152	154	156	158	160	162	164	166	168	170	172	174	176	178	180	182	184	186	188	190	192	194	196	198	200
2	2	2	2	2	2	0	2	2	0	0	0	0	3	3	3	3	3	3	3	3	2	2	2	2	2	2	2	2	2	2	0	0	0	0	0	0	3	3	3	3	3	3	2	2	2	2	2	2	2	2	2	2	0	0	3	3	2	2	2	2	0	2	2	2	2	2	2	2	2	2	2	2	0	0	0	0	0	0	0	0	0	0	0	3	3	3	3	3	3	3	2	2	2	2	2	2	2	2	2
100
2	4	6	8	10	12	14	16	18	20	22	24	26	28	30	32	34	36	38	40	42	44	46	48	50	52	54	56	58	60	62	64	66	68	70	72	74	76	78	80	82	84	86	88	90	92	94	96	98	100	102	104	106	108	110	112	114	116	118	120	122	124	126	128	130	132	134	136	138	140	142	144	146	148	150	152	154	156	158	160	162	164	166	168	170	172	174	176	178	180	182	184	186	188	190	192	194	196	198	200
3	2	2	2	0	0	0	0	4	0	4	4	0	3	3	2	2	2	2	3	3	3	2	2	2	2	0	2	3	2	2	0	4	0	0	0	0	2	2	2	2	2	2	0	2	0	2	0	0	3	3	3	3	3	2	2	2	2	2	2	2	0	0	0	0	0	0	0	0	2	0	2	0	3	3	3	3	3	3	3	3	2	2	2	2	0	0	0	0	3	3	3	3	3	3	3	3	3	3	4
100
2	4	6	8	10	12	14	16	18	20	22	24	26	28	30	32	34	36	38	40	42	44	46	48	50	52	54	56	58	60	62	64	66	68	70	72	74	76	78	80	82	84	86	88	90	92	94	96	98	100	102	104	106	108	110	112	114	116	118	120	122	124	126	128	130	132	134	136	138	140	142	144	146	148	150	152	154	156	158	160	162	164	166	168	170	172	174	176	178	180	182	184	186	188	190	192	194	196	198	200
2	2	2	2	2	2	3	3	3	0	4	0	0	0	0	0	0	0	2	0	0	0	0	0	2	2	0	0	4	4	0	0	0	0	3	3	3	3	3	3	3	3	2	2	2	2	2	2	2	3	3	3	3	3	3	3	3	2	2	2	2	0	4	0	0	0	0	0	0	0	0	2	0	3	0	0	2	0	2	0	0	0	0	0	4	0	3	3	3	3	3	3	3	2	2	2	2	0	0	1
100
2	4	6	8	10	12	14	16	18	20	22	24	26	28	30	32	34	36	38	40	42	44	46	48	50	52	54	56	58	60	62	64	66	68	70	72	74	76	78	80	82	84	86	88	90	92	94	96	98	100	102	104	106	108	110	112	114	116	118	120	122	124	126	128	130	132	134	136	138	140	142	144	146	148	150	152	154	156	158	160	162	164	166	168	170	172	174	176	178	180	182	184	186	188	190	192	194	196	198	200
0	0	0	0	0	0	0	3	3	3	3	3	3	3	3	2	2	2	2	2	2	2	0	0	0	0	0	0	0	2	3	3	3	3	3	3	3	2	2	2	2	3	3	3	3	3	3	3	3	0	2	0	2	0	2	2	2	2	2	2	2	3	0	0	0	0	0	0	3	3	0	0	4	0	0	0	0	0	3	3	3	3	3	3	2	2	2	2	2	2	0	2	0	0	1	2	0	2	2	2
100
2	4	6	8	10	12	14	16	18	20	22	24	26	28	30	32	34	36	38	40	42	44	46	48	50	52	54	56	58	60	62	64	66	68	70	72	74	76	78	80	82	84	86	88	90	92	94	96	98	100	102	104	106	108	110	112	114	116	118	120	122	124	126	128	130	132	134	136	138	140	142	144	146	148	150	152	154	156	158	160	162	164	166	168	170	172	174	176	178	180	182	184	186	188	190	192	194	196	198	200
0	0	0	0	0	0	0	0	0	3	2	2	2	2	2	2	2	2	2	2	2	0	0	0	0	0	0	0	0	2	3	0	0	0	0	4	0	0	3	2	2	2	2	2	2	2	2	2	3	3	3	3	3	3	0	3	0	0	2	0	0	0	0	0	0	0	0	0	0	2	0	3	2	0	2	0	0	0	0	3	0	2	2	2	2	2	0	0	0	0	0	0	0	0	0	2	0	0	2	1
100
2	4	6	8	10	12	14	16	18	20	22	24	26	28	30	32	34	36	38	40	42	44	46	48	50	52	54	56	58	60	62	64	66	68	70	72	74	76	78	80	82	84	86	88	90	92	94	96	98	100	102	104	106	108	110	112	114	116	118	120	122	124	126	128	130	132	134	136	138	140	142	144	146	148	150	152	154	156	158	160	162	164	166	168	170	172	174	176	178	180	182	184	186	188	190	192	194	196	198	200
0	0	0	0	0	3	2	0	2	0	0	2	0	0	2	0	0	0	0	3	0	0	0	0	2	0	0	0	4	0	0	2	2	2	2	2	2	2	2	2	0	0	0	0	0	0	4	0	0	3	3	3	3	3	3	3	3	3	2	2	2	2	2	2	2	2	2	0	0	0	0	4	0	0	2	2	2	2	2	2	2	2	0	0	0	2	2	0	2	0	0	2	2	2	2	2	0	0	0	0
100
2	4	6	8	10	12	14	16	18	20	22	24	26	28	30	32	34	36	38	40	42	44	46	48	50	52	54	56	58	60	62	64	66	68	70	72	74	76	78	80	82	84	86	88	90	92	94	96	98	100	102	104	106	108	110	112	114	116	118	120	122	124	126	128	130	132	134	136	138	140	142	144	146	148	150	152	154	156	158	160	162	164	166	168	170	172	174	176	178	180	182	184	186	188	190	192	194	196	198	200
2	2	2	2	2	0	0	4	0	4	2	2	2	1	0	2	2	2	2	2	0	0	0	3	3	3	3	3	3	3	0	0	0	2	0	0	0	0	0	0	0	0	0	0	0	4	2	3	2	2	0	1	2	2	2	2	2	2	0	0	0	0	0	0	0	0	0	0	0	1	2	0	0	2	0	4	0	0	2	2	2	2	2	2	2	2	2	0	3	3	3	3	3	3	3	3	2	2	2	2
100
2	4	6	8	10	12	14	16	18	20	22	24	26	28	30	32	34	36	38	40	42	44	46	48	50	52	54	56	58	60	62	64	66	68	70	72	74	76	78	80	82	84	86	88	90	92	94	96	98	100	102	104	106	108	110	112	114	116	118	120	122	124	126	128	130	132	134	136	138	140	142	144	146	148	150	152	154	156	158	160	162	164	166	168	170	172	174	176	178	180	182	184	186	188	190	192	194	196	198	200
4	3	3	3	3	3	3	3	2	2	2	2	2	2	0	0	0	0	0	0	0	0	0	3	3	0	4	3	3	3	0	0	0	0	3	3	3	3	3	3	3	3	2	2	2	2	0	0	0	0	0	0	0	3	3	3	3	3	3	0	0	4	0	0	0	4	2	2	2	2	2	2	2	0	0	0	0	0	0	0	3	3	3	3	3	3	2	2	2	2	2	2	2	2	2	2	2	2	2	3
100
2	4	6	8	10	12	14	16	18	20	22	24	26	28	30	32	34	36	38	40	42	44	46	48	50	52	54	56	58	60	62	64	66	68	70	72	74	76	78	80	82	84	86	88	90	92	94	96	98	100	102	104	106	108	110	112	114	116	118	120	122	124	126	128	130	132	134	136	138	140	142	144	146	148	150	152	154	156	158	160	162	164	166	168	170	172	174	176	178	180	182	184	186	188	190	192	194	196	198	200
0	2	2	2	2	2	2	2	2	2	0	0	3	3	3	3	3	3	3	3	3	3	2	2	2	2	2	2	2	2	2	2	2	2	2	2	3	3	3	3	3	3	0	4	3	3	3	3	3	2	2	2	2	2	2	2	0	0	0	0	0	0	2	0	0	0	0	0	0	3	3	3	3	3	3	3	0	2	3	0	2	0	2	2	2	2	2	2	2	0	0	0	0	1	4	0	0	0	0	0
100
2	4	6	8	10	12	14	16	18	20	22	24	26	28	30	32	34	36	38	40	42	44	46	48	50	52	54	56	58	60	62	64	66	68	70	72	74	76	78	80	82	84	86	88	90	92	94	96	98	100	102	104	106	108	110	112	114	116	118	120	122	124	126	128	130	132	134	136	138	140	142	144	146	148	150	152	154	156	158	160	162	164	166	168	170	172	174	176	178	180	182	184	186	188	190	192	194	196	198	200
0	3	3	3	3	3	0	2	2	2	2	2	2	2	2	2	2	2	0	0	0	0	3	3	3	3	3	3	3	3	3	3	2	2	0	0	0	0	0	4	0	0	0	0	2	0	2	2	0	2	0	0	0	0	4	0	4	0	2	2	0	0	0	0	0	2	2	0	2	2	2	2	2	2	2	0	2	2	0	2	0	2	0	0	0	0	0	0	2	2	2	2	0	0	4	0	0	4	0	0
100
2	4	6	8	10	12	14	16	18	20	22	24	26	28	30	32	34	36	38	40	42	44	46	48	50	52	54	56	58	60	62	64	66	68	70	72	74	76	78	80	82	84	86	88	90	92	94	96	98	100	102	104	106	108	110	112	114	116	118	120	122	124	126	128	130	132	134	136	138	140	142	144	146	148	150	152	154	156	158	160	162	164	166	168	170	172	174	176	178	180	182	184	186	188	190	192	194	196	198	200
0	0	4	0	0	0	2	2	2	2	2	2	2	2	2	0	0	3	3	3	3	3	3	2	2	2	2	2	0	0	4	4	0	0	0	3	3	3	3	3	3	3	3	3	3	0	0	0	0	0	0	2	2	3	0	2	0	2	2	0	0	2	2	2	2	2	2	2	3	2	2	2	3	3	3	3	3	3	3	3	3	3	0	0	0	0	4	0	0	0	3	3	3	0	0	0	0	0	0	0
100
2	4	6	8	10	12	14	16	18	20	22	24	26	28	30	32	34	36	38	40	42	44	46	48	50	52	54	56	58	60	62	64	66	68	70	72	74	76	78	80	82	84	86	88	90	92	94	96	98	100	102	104	106	108	110	112	114	116	118	120	122	124	126	128	130	132	134	136	138	140	142	144	146	148	150	152	154	156	158	160	162	164	166	168	170	172	174	176	178	180	182	184	186	188	190	192	194	196	198	200
0	0	0	2	2	2	2	2	2	0	2	3	0	0	0	0	0	0	0	0	2	2	2	2	2	2	2	4	0	0	0	2	2	1	1	0	0	3	2	2	0	2	2	2	2	2	2	2	4	0	0	0	0	4	0	2	2	2	2	2	0	4	0	0	4	0	0	4	3	3	3	3	3	3	3	3	3	2	0	0	2	0	1	0	3	0	0	0	0	0	0	0	0	2	2	2	2	2	2	2
100
2	4	6	8	10	12	14	16	18	20	22	24	26	28	30	32	34	36	38	40	42	44	46	48	50	52	54	56	58	60	62	64	66	68	70	72	74	76	78	80	82	84	86	88	90	92	94	96	98	100	102	104	106	108	110	112	114	116	118	120	122	124	126	128	130	132	134	136	138	140	142	144	146	148	150	152	154	156	158	160	162	164	166	168	170	172	174	176	178	180	182	184	186	188	190	192	194	196	198	200
0	0	0	2	0	2	0	2	0	0	0	4	0	0	3	2	0	2	0	2	2	2	2	2	0	0	0	0	2	2	2	2	2	0	2	0	0	3	3	3	3	3	3	3	3	3	3	2	2	2	2	2	2	2	0	0	2	0	2	0	2	0	0	0	2	2	2	2	2	2	3	3	3	3	3	3	2	2	2	2	2	2	2	2	2	0	2	3	0	0	0	0	0	0	2	2	3	0	2	0
100
2	4	6	8	10	12	14	16	18	20	22	24	26	28	30	32	34	36	38	40	42	44	46	48	50	52	54	56	58	60	62	64	66	68	70	72	74	76	78	80	82	84	86	88	90	92	94	96	98	100	102	104	106	108	110	112	114	116	118	120	122	124	126	128	130	132	134	136	138	140	142	144	146	148	150	152	154	156	158	160	162	164	166	168	170	172	174	176	178	180	182	184	186	188	190	192	194	196	198	200
0	3	3	3	3	3	3	3	3	3	3	2	2	0	0	0	3	2	2	0	2	0	0	0	0	2	2	2	2	2	2	2	0	2	0	0	2	2	2	2	0	0	0	3	3	3	3	3	3	2	2	2	2	2	2	0	4	0	4	0	0	4	0	2	2	2	2	2	2	4	0	0	2	2	2	2	2	2	2	2	2	2	3	3	3	4	4	0	0	2	0	0	0	3	0	2	2	0	0	2
100
2	4	6	8	10	12	14	16	18	20	22	24	26	28	30	32	34	36	38	40	42	44	46	48	50	52	54	56	58	60	62	64	66	68	70	72	74	76	78	80	82	84	86	88	90	92	94	96	98	100	102	104	106	108	110	112	114	116	118	120	122	124	126	128	130	132	134	136	138	140	142	144	146	148	150	152	154	156	158	160	162	164	166	168	170	172	174	176	178	180	182	184	186	188	190	192	194	196	198	200
3	3	3	3	3	2	2	2	2	2	2	2	4	0	3	3	3	3	3	2	2	0	2	3	3	3	3	3	3	3	2	2	3	3	3	3	3	0	2	0	0	2	0	2	2	2	0	2	2	2	2	2	2	2	3	3	3	3	3	3	3	3	2	2	2	2	2	2	0	0	0	0	0	0	0	2	2	2	2	2	3	3	3	3	3	2	2	2	2	2	2	2	2	2	2	3	3	3	3	3
100
2	4	6	8	10	12	14	16	18	20	22	24	26	28	30	32	34	36	38	40	42	44	46	48	50	52	54	56	58	60	62	64	66	68	70	72	74	76	78	80	82	84	86	88	90	92	94	96	98	100	102	104	106	108	110	112	114	116	118	120	122	124	126	128	130	132	134	136	138	140	142	144	146	148	150	152	154	156	158	160	162	164	166	168	170	172	174	176	178	180	182	184	186	188	190	192	194	196	198	200
0	0	0	0	2	2	2	2	2	2	2	2	2	0	0	4	2	2	2	2	2	0	0	0	0	0	0	4	2	2	2	2	2	2	2	2	2	0	0	0	2	0	2	2	0	0	0	0	0	0	4	4	0	0	0	0	0	2	1	0	0	2	2	2	0	0	0	0	0	0	3	3	4	0	0	0	0	0	0	3	3	3	3	3	3	2	2	2	2	2	2	2	2	2	2	0	0	3	3	3
100
2	4	6	8	10	12	14	16	18	20	22	24	26	28	30	32	34	36	38	40	42	44	46	48	50	52	54	56	58	60	62	64	66	68	70	72	74	76	78	80	82	84	86	88	90	92	94	96	98	100	102	104	106	108	110	112	114	116	118	120	122	124	126	128	130	132	134	136	138	140	142	144	146	148	150	152	154	156	158	160	162	164	166	168	170	172	174	176	178	180	182	184	186	188	190	192	194	196	198	200
0	0	0	0	0	3	3	0	0	0	0	0	0	0	0	0	2	0	0	0	0	0	2	2	2	2	2	2	2	2	2	2	0	0	2	2	2	2	2	2	2	0	0	0	4	4	0	0	0	4	3	3	3	3	3	3	3	3	2	2	2	2	2	2	2	2	2	3	3	3	3	3	3	3	0	0	0	0	0	0	4	0	0	2	2	2	2	2	2	2	0	0	0	2	2	2	2	0	2	2
100
2	4	6	8	10	12	14	16	18	20	22	24	26	28	30	32	34	36	38	40	42	44	46	48	50	52	54	56	58	60	62	64	66	68	70	72	74	76	78	80	82	84	86	88	90	92	94	96	98	100	102	104	106	108	110	112	114	116	118	120	122	124	126	128	130	132	134	136	138	140	142	144	146	148	150	152	154	156	158	160	162	164	166	168	170	172	174	176	178	180	182	184	186	188	190	192	194	196	198	200
0	0	0	0	0	0	0	0	3	3	3	3	3	3	0	0	0	0	0	0	4	0	3	3	3	3	3	3	3	3	3	3	2	2	2	1	0	0	2	0	2	2	2	0	0	0	0	0	4	0	0	2	3	3	2	2	2	2	0	0	0	4	3	3	3	3	3	3	3	0	0	3	3	3	3	3	3	3	3	3	3	2	2	2	2	2	0	2	0	2	2	0	0	2	2	0	0	0	3	3
100
2	4	6	8	10	12	14	16	18	20	22	24	26	28	30	32	34	36	38	40	42	44	46	48	50	52	54	56	58	60	62	64	66	68	70	72	74	76	78	80	82	84	86	88	90	92	94	96	98	100	102	104	106	108	110	112	114	116	118	120	122	124	126	128	130	132	134	136	138	140	142	144	146	148	150	152	154	156	158	160	162	164	166	168	170	172	174	176	178	180	182	184	186	188	190	192	194	196	198	200
4	0	0	4	0	0	4	0	3	3	3	3	3	3	3	3	2	3	3	3	3	3	3	3	2	2	0	0	0	4	0	0	2	2	2	2	2	2	2	2	2	0	0	0	2	1	0	3	0	0	4	3	3	3	3	3	3	3	3	2	2	0	0	0	0	1	0	3	0	0	4	4	2	0	2	2	2	4	0	0	0	4	4	0	0	0	3	3	3	3	3	3	2	2	2	2	2	2	2	0
100
2	4	6	8	10	12	14	16	18	20	22	24	26	28	30	32	34	36	38	40	42	44	46	48	50	52	54	56	58	60	62	64	66	68	70	72	74	76	78	80	82	84	86	88	90	92	94	96	98	100	102	104	106	108	110	112	114	116	118	120	122	124	126	128	130	132	134	136	138	140	142	144	146	148	150	152	154	156	158	160	162	164	166	168	170	172	174	176	178	180	182	184	186	188	190	192	194	196	198	200
0	0	3	0	2	3	2	2	2	0	0	0	2	2	2	2	2	2	2	2	0	2	2	2	2	2	2	2	2	2	2	0	0	3	3	3	3	3	3	3	3	3	3	0	0	0	0	0	0	4	3	3	3	3	3	3	2	2	2	2	2	2	2	2	2	3	3	3	3	3	3	2	2	2	2	2	2	2	3	3	3	4	0	0	0	0	0	4	0	0	2	2	2	2	2	2	2	4	0	0
100
2	4	6	8	10	12	14	16	18	20	22	24	26	28	30	32	34	36	38	40	42	44	46	48	50	52	54	56	58	60	62	64	66	68	70	72	74	76	78	80	82	84	86	88	90	92	94	96	98	100	102	104	106	108	110	112	114	116	118	120	122	124	126	128	130	132	134	136	138	140	142	144	146	148	150	152	154	156	158	160	162	164	166	168	170	172	174	176	178	180	182	184	186	188	190	192	194	196	198	200
2	2	2	0	2	4	0	0	4	0	0	0	4	3	3	3	3	3	3	3	3	4	0	0	0	0	0	0	0	0	2	0	0	2	2	2	2	2	2	2	2	2	2	0	0	0	0	0	0	0	0	2	2	2	3	3	3	3	3	3	3	3	2	3	0	0	0	0	0	0	0	2	0	2	0	0	0	2	0	2	0	0	3	0	2	2	2	2	2	2	2	2	2	0	0	2	1	0	2	0
100
2	4	6	8	10	12	14	16	18	20	22	24	26	28	30	32	34	36	38	40	42	44	46	48	50	52	54	56	58	60	62	64	66	68	70	72	74	76	78	80	82	84	86	88	90	92	94	96	98	100	102	104	106	108	110	112	114	116	118	120	122	124	126	128	130	132	134	136	138	140	142	144	146	148	150	152	154	156	158	160	162	164	166	168	170	172	174	176	178	180	182	184	186	188	190	192	194	196	198	200
3	3	3	3	3	2	2	2	2	0	3	0	2	1	0	0	2	0	2	2	2	3	3	0	0	0	0	0	0	0	0	0	2	2	0	2	2	2	2	2	2	2	2	2	2	2	0	0	0	2	0	2	0	0	2	2	2	2	2	2	2	2	2	2	0	0	0	2	0	2	2	2	2	2	0	4	0	0	3	3	3	3	3	3	3	3	0	2	2	2	0	0	0	0	0	2	0	2	2	0
100
2	4	6	8	10	12	14	16	18	20	22	24	26	28	30	32	34	36	38	40	42	44	46	48	50	52	54	56	58	60	62	64	66	68	70	72	74	76	78	80	82	84	86	88	90	92	94	96	98	100	102	104	106	108	110	112	114	116	118	120	122	124	126	128	130	132	134	136	138	140	142	144	146	148	150	152	154	156	158	160	162	164	166	168	170	172	174	176	178	180	182	184	186	188	190	192	194	196	198	200
2	2	2	2	2	2	2	0	3	0	3	0	3	0	0	0	4	0	0	0	0	3	3	3	3	3	3	3	3	2	2	2	2	2	3	3	3	3	3	3	3	3	3	0	0	0	3	3	3	3	3	3	3	3	2	2	2	2	2	2	2	2	2	0	0	0	0	3	3	3	3	3	3	0	0	0	3	3	3	2	0	0	0	0	0	4	0	0	3	3	3	3	3	3	3	0	2	2	0	0
100
2	4	6	8	10	12	14	16	18	20	22	24	26	28	30	32	34	36	38	40	42	44	46	48	50	52	54	56	58	60	62	64	66	68	70	72	74	76	78	80	82	84	86	88	90	92	94	96	98	100	102	104	106	108	110	112	114	116	118	120	122	124	126	128	130	132	134	136	138	140	142	144	146	148	150	152	154	156	158	160	162	164	166	168	170	172	174	176	178	180	182	184	186	188	190	192	194	196	198	200
0	0	0	0	0	2	2	2	2	2	2	3	2	2	2	2	2	0	2	0	0	0	2	0	0	2	2	2	2	2	0	0	2	2	2	2	2	2	2	3	3	0	4	0	0	0	0	0	2	0	0	2	2	2	2	0	0	0	0	3	3	3	3	3	3	2	2	2	2	0	2	2	2	2	2	2	2	2	2	2	2	3	3	3	3	3	3	3	2	2	2	2	2	2	2	2	2	3	3	3
100
2	4	6	8	10	12	14	16	18	20	22	24	26	28	30	32	34	36	38	40	42	44	46	48	50	52	54	56	58	60	62	64	66	68	70	72	74	76	78	80	82	84	86	88	90	92	94	96	98	100	102	104	106	108	110	112	114	116	118	120	122	124	126	128	130	132	134	136	138	140	142	144	146	148	150	152	154	156	158	160	162	164	166	168	170	172	174	176	178	180	182	184	186	188	190	192	194	196	198	200
0	0	3	3	3	3	3	3	3	0	0	0	0	0	0	0	0	0	3	3	3	3	3	3	2	2	2	2	3	3	2	2	2	0	0	4	0	4	0	2	0	0	0	2	2	0	0	2	0	0	0	0	0	4	0	4	4	0	2	0	2	0	0	0	0	0	3	3	3	3	3	3	3	3	0	0	0	0	0	0	0	0	4	0	0	0	0	2	2	0	0	0	3	2	2	2	2	2	2	0
100
2	4	6	8	10	12	14	16	18	20	22	24	26	28	30	32	34	36	38	40	42	44	46	48	50	52	54	56	58	60	62	64	66	68	70	72	74	76	78	80	82	84	86	88	90	92	94	96	98	100	102	104	106	108	110	112	114	116	118	120	122	124	126	128	130	132	134	136	138	140	142	144	146	148	150	152	154	156	158	160	162	164	166	168	170	172	174	176	178	180	182	184	186	188	190	192	194	196	198	200
2	2	2	2	2	0	0	0	0	0	2	0	2	2	0	0	0	0	4	0	0	0	3	3	3	3	3	3	3	2	2	2	2	2	2	0	0	0	1	0	4	3	3	3	3	3	3	3	0	0	0	0	0	3	3	3	3	3	3	3	3	3	3	2	2	2	2	0	0	3	3	3	3	3	3	3	0	0	0	0	0	0	0	0	0	0	0	0	0	0	0	0	0	3	3	1	0	0	1	1
100
2	4	6	8	10	12	14	16	18	20	22	24	26	28	30	32	34	36	38	40	42	44	46	48	50	52	54	56	58	60	62	64	66	68	70	72	74	76	78	80	82	84	86	88	90	92	94	96	98	100	102	104	106	108	110	112	114	116	118	120	122	124	126	128	130	132	134	136	138	140	142	144	146	148	150	152	154	156	158	160	162	164	166	168	170	172	174	176	178	180	182	184	186	188	190	192	194	196	198	200
3	3	3	3	3	3	3	0	0	0	4	0	4	0	0	4	0	2	0	0	0	0	2	1	0	2	2	2	2	2	2	2	3	3	3	3	3	3	0	0	0	0	0	0	0	3	3	3	3	3	3	3	3	3	0	0	0	4	0	0	0	0	3	3	3	3	3	3	2	2	2	2	2	2	2	2	2	1	2	1	0	0	0	0	0	0	0	4	0	0	0	2	2	0	2	0	0	2	0	0
100
2	4	6	8	10	12	14	16	18	20	22	24	26	28	30	32	34	36	38	40	42	44	46	48	50	52	54	56	58	60	62	64	66	68	70	72	74	76	78	80	82	84	86	88	90	92	94	96	98	100	102	104	106	108	110	112	114	116	118	120	122	124	126	128	130	132	134	136	138	140	142	144	146	148	150	152	154	156	158	160	162	164	166	168	170	172	174	176	178	180	182	184	186	188	190	192	194	196	198	200
0	2	2	2	2	2	2	2	2	2	2	3	3	3	3	3	3	3	3	0	2	0	0	2	0	0	2	2	2	2	2	2	2	2	2	2	0	0	0	0	0	0	0	4	0	3	3	3	3	3	3	3	3	2	2	2	2	2	2	0	0	0	0	0	0	4	0	0	0	0	0	0	0	0	0	0	0	0	3	3	3	3	3	3	2	2	2	2	2	2	0	0	2	3	0	3	2	2	2	2
100
2	4	6	8	10	12	14	16	18	20	22	24	26	28	30	32	34	36	38	40	42	44	46	48	50	52	54	56	58	60	62	64	66	68	70	72	74	76	78	80	82	84	86	88	90	92	94	96	98	100	102	104	106	108	110	112	114	116	118	120	122	124	126	128	130	132	134	136	138	140	142	144	146	148	150	152	154	156	158	160	162	164	166	168	170	172	174	176	178	180	182	184	186	188	190	192	194	196	198	200
0	0	0	0	0	3	3	3	3	3	3	3	3	3	3	2	2	2	2	2	2	0	2	2	2	3	0	0	2	0	2	2	2	2	2	2	2	2	2	2	0	0	4	4	0	0	0	3	3	3	3	3	3	3	3	2	2	2	2	2	2	3	3	3	3	3	3	0	0	0	0	0	4	0	3	3	3	3	3	0	0	0	0	0	0	0	0	0	0	0	0	4	0	0	2	0	2	0	2	2
100
2	4	6	8	10	12	14	16	18	20	22	24	26	28	30	32	34	36	38	40	42	44	46	48	50	52	54	56	58	60	62	64	66	68	70	72	74	76	78	80	82	84	86	88	90	92	94	96	98	100	102	104	106	108	110	112	114	116	118	120	122	124	126	128	130	132	134	136	138	140	142	144	146	148	150	152	154	156	158	160	162	164	166	168	170	172	174	176	178	180	182	184	186	188	190	192	194	196	198	200
0	0	0	0	0	0	2	0	0	0	0	3	3	3	3	3	3	3	3	0	2	3	0	2	2	0	2	1	0	4	0	0	0	0	0	0	0	4	3	3	3	2	2	2	0	0	0	0	0	0	0	0	4	0	0	2	2	3	2	0	2	2	2	2	2	3	3	3	3	3	3	3	0	0	0	4	0	0	0	0	3	3	3	3	3	3	3	2	2	2	2	2	2	2	2	2	3	3	3	3
100
2	4	6	8	10	12	14	16	18	20	22	24	26	28	30	32	34	36	38	40	42	44	46	48	50	52	54	56	58	60	62	64	66	68	70	72	74	76	78	80	82	84	86	88	90	92	94	96	98	100	102	104	106	108	110	112	114	116	118	120	122	124	126	128	130	132	134	136	138	140	142	144	146	148	150	152	154	156	158	160	162	164	166	168	170	172	174	176	178	180	182	184	186	188	190	192	194	196	198	200
3	3	0	0	0	2	0	0	3	0	1	0	2	2	2	2	0	0	2	0	1	0	2	2	2	2	2	2	2	2	0	0	3	0	0	0	2	2	0	0	0	0	0	0	3	3	3	3	3	3	3	2	2	2	2	3	3	3	2	2	2	2	2	3	3	3	3	3	3	3	3	0	0	2	4	4	0	0	0	0	0	0	0	0	0	0	2	0	0	0	0	0	3	3	3	3	3	3	3	3
100
2	4	6	8	10	12	14	16	18	20	22	24	26	28	30	32	34	36	38	40	42	44	46	48	50	52	54	56	58	60	62	64	66	68	70	72	74	76	78	80	82	84	86	88	90	92	94	96	98	100	102	104	106	108	110	112	114	116	118	120	122	124	126	128	130	132	134	136	138	140	142	144	146	148	150	152	154	156	158	160	162	164	166	168	170	172	174	176	178	180	182	184	186	188	190	192	194	196	198	200
4	0	0	0	0	2	2	2	3	3	3	3	3	2	2	2	2	0	0	0	0	3	3	3	3	3	2	2	2	2	2	2	0	0	3	3	3	3	3	3	0	0	0	0	0	0	0	0	0	3	3	3	3	3	3	3	2	2	2	2	2	2	2	2	2	0	0	0	0	2	0	0	0	0	2	0	0	0	0	0	0	0	3	3	2	2	4	0	4	4	0	0	0	2	0	0	2	0	0	0
100
2	4	6	8	10	12	14	16	18	20	22	24	26	28	30	32	34	36	38	40	42	44	46	48	50	52	54	56	58	60	62	64	66	68	70	72	74	76	78	80	82	84	86	88	90	92	94	96	98	100	102	104	106	108	110	112	114	116	118	120	122	124	126	128	130	132	134	136	138	140	142	144	146	148	150	152	154	156	158	160	162	164	166	168	170	172	174	176	178	180	182	184	186	188	190	192	194	196	198	200
0	4	0	0	0	0	0	0	2	2	2	2	2	0	0	0	4	0	0	4	0	0	3	3	3	3	3	3	0	0	1	2	0	0	1	2	2	2	0	0	0	2	2	2	2	2	2	0	0	4	0	0	0	2	2	0	0	0	0	0	4	0	0	0	3	3	3	0	0	2	2	2	2	2	3	3	3	3	3	3	3	3	4	4	4	0	0	0	0	0	3	3	3	3	3	3	3	3	2	3
100
2	4	6	8	10	12	14	16	18	20	22	24	26	28	30	32	34	36	38	40	42	44	46	48	50	52	54	56	58	60	62	64	66	68	70	72	74	76	78	80	82	84	86	88	90	92	94	96	98	100	102	104	106	108	110	112	114	116	118	120	122	124	126	128	130	132	134	136	138	140	142	144	146	148	150	152	154	156	158	160	162	164	166	168	170	172	174	176	178	180	182	184	186	188	190	192	194	196	198	200
3	3	3	3	3	2	2	2	2	2	2	2	0	0	2	0	0	0	2	2	2	2	2	2	2	0	2	2	0	0	2	2	2	2	2	3	3	3	3	3	3	2	2	2	2	3	3	3	3	3	3	3	3	4	4	0	0	0	0	3	3	3	2	2	0	0	0	0	0	0	3	3	3	3	3	3	3	0	0	3	2	2	2	2	2	3	3	3	3	3	3	3	3	2	2	2	2	2	2	2
100
2	4	6	8	10	12	14	16	18	20	22	24	26	28	30	32	34	36	38	40	42	44	46	48	50	52	54	56	58	60	62	64	66	68	70	72	74	76	78	80	82	84	86	88	90	92	94	96	98	100	102	104	106	108	110	112	114	116	118	120	122	124	126	128	130	132	134	136	138	140	142	144	146	148	150	152	154	156	158	160	162	164	166	168	170	172	174	176	178	180	182	184	186	188	190	192	194	196	198	200
0	4	0	0	0	3	3	3	2	2	3	3	3	3	3	3	3	3	3	3	2	2	2	2	3	3	0	0	0	2	2	2	2	2	2	2	2	2	0	0	2	2	2	2	0	2	0	0	2	2	2	2	2	2	2	3	3	3	3	3	3	3	3	2	2	2	2	2	2	2	0	2	2	2	2	2	4	0	3	3	3	3	3	3	3	2	2	2	2	0	0	0	0	0	0	0	3	3	3	3
100
2	4	6	8	10	12	14	16	18	20	22	24	26	28	30	32	34	36	38	40	42	44	46	48	50	52	54	56	58	60	62	64	66	68	70	72	74	76	78	80	82	84	86	88	90	92	94	96	98	100	102	104	106	108	110	112	114	116	118	120	122	124	126	128	130	132	134	136	138	140	142	144	146	148	150	152	154	156	158	160	162	164	166	168	170	172	174	176	178	180	182	184	186	188	190	192	194	196	198	200
0	0	0	0	0	0	2	0	3	3	4	0	0	3	3	3	3	3	3	3	3	3	3	2	2	2	2	0	0	0	0	0	0	0	2	0	2	0	2	3	2	2	2	2	2	2	2	2	2	0	0	0	0	4	0	4	3	3	3	3	3	0	0	0	4	0	0	4	2	0	0	3	0	0	2	0	0	2	0	0	4	0	1	0	2	0	0	2	0	2	0	0	2	2	2	2	0	0	0	0
100
2	4	6	8	10	12	14	16	18	20	22	24	26	28	30	32	34	36	38	40	42	44	46	48	50	52	54	56	58	60	62	64	66	68	70	72	74	76	78	80	82	84	86	88	90	92	94	96	98	100	102	104	106	108	110	112	114	116	118	120	122	124	126	128	130	132	134	136	138	140	142	144	146	148	150	152	154	156	158	160	162	164	166	168	170	172	174	176	178	180	182	184	186	188	190	192	194	196	198	200
0	0	0	0	0	0	0	3	3	3	3	3	3	0	0	0	0	0	0	0	2	0	0	0	0	2	2	2	2	2	3	3	3	3	3	3	3	2	2	2	2	2	2	2	2	2	0	2	2	2	2	0	0	0	0	0	2	0	2	3	3	2	0	0	2	0	0	2	2	0	0	0	0	4	0	0	0	0	4	4	3	3	3	3	3	3	3	2	2	2	0	2	0	0	0	0	4	0	0	0
100
2	4	6	8	10	12	14	16	18	20	22	24	26	28	30	32	34	36	38	40	42	44	46	48	50	52	54	56	58	60	62	64	66	68	70	72	74	76	78	80	82	84	86	88	90	92	94	96	98	100	102	104	106	108	110	112	114	116	118	120	122	124	126	128	130	132	134	136	138	140	142	144	146	148	150	152	154	156	158	160	162	164	166	168	170	172	174	176	178	180	182	184	186	188	190	192	194	196	198	200
0	0	0	0	0	2	3	2	4	0	0	0	0	0	4	4	4	2	2	2	2	1	2	2	2	2	2	2	2	2	2	2	2	0	0	0	0	0	0	0	0	4	3	3	3	3	3	3	2	2	2	2	2	2	2	2	2	0	0	0	0	0	0	0	4	0	2	0	0	2	0	0	2	3	0	0	0	2	2	2	2	2	0	2	2	2	2	2	2	0	0	2	0	2	0	2	0	1	0	0
100
2	4	6	8	10	12	14	16	18	20	22	24	26	28	30	32	34	36	38	40	42	44	46	48	50	52	54	56	58	60	62	64	66	68	70	72	74	76	78	80	82	84	86	88	90	92	94	96	98	100	102	104	106	108	110	112	114	116	118	120	122	124	126	128	130	132	134	136	138	140	142	144	146	148	150	152	154	156	158	160	162	164	166	168	170	172	174	176	178	180	182	184	186	188	190	192	194	196	198	200
0	3	3	3	3	3	3	2	2	2	0	0	0	0	0	4	0	3	2	0	0	0	0	0	0	0	0	3	3	3	3	3	3	3	2	2	2	2	2	2	2	4	4	0	0	4	4	4	0	2	2	2	2	2	2	0	0	4	0	0	4	4	0	0	2	3	3	3	3	3	3	2	3	3	3	3	3	3	4	0	0	0	0	4	0	3	3	3	3	3	3	3	3	2	1	2	0	3	0	0
