==============================
P(D0): 
({x0}, (0.04501, 0.1632, 0.05413, 0.1433, 0.08968, 0.1961, 0.1408, 0.1047, 0.04272, 0.02037))

P(A0): 
({x1}, (0.1912, 0.3292, 0.1217, 0.3578))
==============================
P(Dt|At,Dt-1 = 0): 
0.04147 0.06381 0.1565 0.04349 
0.0786 0.09706 0.05158 0.1687 
0.07187 0.0812 0.08242 0.1397 
0.1763 0.005114 0.009053 0.07789 
0.1268 0.05199 0.1384 0.0176 
 0.105 0.1973 0.08565 0.07282 
 0.116 0.2055  0.213 0.1739 
0.02852 0.1836 0.02864 0.1655 
 0.184  0.043 0.02078 0.1312 
0.07152 0.07136 0.2139 0.009234 

P(Dt|At,Dt-1 = 1): 
     1      1      1      1 
     0      0      0      0 
     0      0      0      0 
     0      0      0      0 
     0      0      0      0 
     0      0      0      0 
     0      0      0      0 
     0      0      0      0 
     0      0      0      0 
     0      0      0      0 

P(Dt|At,Dt-1 = 2): 
     0      0      0      0 
     1      1      1      1 
     0      0      0      0 
     0      0      0      0 
     0      0      0      0 
     0      0      0      0 
     0      0      0      0 
     0      0      0      0 
     0      0      0      0 
     0      0      0      0 

P(Dt|At,Dt-1 = 3): 
     0      0      0      0 
     0      0      0      0 
     1      1      1      1 
     0      0      0      0 
     0      0      0      0 
     0      0      0      0 
     0      0      0      0 
     0      0      0      0 
     0      0      0      0 
     0      0      0      0 

P(Dt|At,Dt-1 = 4): 
     0      0      0      0 
     0      0      0      0 
     0      0      0      0 
     1      1      1      1 
     0      0      0      0 
     0      0      0      0 
     0      0      0      0 
     0      0      0      0 
     0      0      0      0 
     0      0      0      0 

P(Dt|At,Dt-1 = 5): 
     0      0      0      0 
     0      0      0      0 
     0      0      0      0 
     0      0      0      0 
     1      1      1      1 
     0      0      0      0 
     0      0      0      0 
     0      0      0      0 
     0      0      0      0 
     0      0      0      0 

P(Dt|At,Dt-1 = 6): 
     0      0      0      0 
     0      0      0      0 
     0      0      0      0 
     0      0      0      0 
     0      0      0      0 
     1      1      1      1 
     0      0      0      0 
     0      0      0      0 
     0      0      0      0 
     0      0      0      0 

P(Dt|At,Dt-1 = 7): 
     0      0      0      0 
     0      0      0      0 
     0      0      0      0 
     0      0      0      0 
     0      0      0      0 
     0      0      0      0 
     1      1      1      1 
     0      0      0      0 
     0      0      0      0 
     0      0      0      0 

P(Dt|At,Dt-1 = 8): 
     0      0      0      0 
     0      0      0      0 
     0      0      0      0 
     0      0      0      0 
     0      0      0      0 
     0      0      0      0 
     0      0      0      0 
     1      1      1      1 
     0      0      0      0 
     0      0      0      0 

P(Dt|At,Dt-1 = 9): 
     0      0      0      0 
     0      0      0      0 
     0      0      0      0 
     0      0      0      0 
     0      0      0      0 
     0      0      0      0 
     0      0      0      0 
     0      0      0      0 
     1      1      1      1 
     0      0      0      0 

==============================
P(At|At-1,Dt-1 = 0): 
     0  0.564 0.4683 0.1305 
0.2326      0 0.01992 0.4587 
0.2793 0.1108      0 0.4108 
0.4881 0.3252 0.5118      0 

P(At|At-1,Dt-1 = 1): 
     1      0      0      0 
     0      1      0      0 
     0      0      1      0 
     0      0      0      1 

P(At|At-1,Dt-1 = 2): 
     1      0      0      0 
     0      1      0      0 
     0      0      1      0 
     0      0      0      1 

P(At|At-1,Dt-1 = 3): 
     1      0      0      0 
     0      1      0      0 
     0      0      1      0 
     0      0      0      1 

P(At|At-1,Dt-1 = 4): 
     1      0      0      0 
     0      1      0      0 
     0      0      1      0 
     0      0      0      1 

P(At|At-1,Dt-1 = 5): 
     1      0      0      0 
     0      1      0      0 
     0      0      1      0 
     0      0      0      1 

P(At|At-1,Dt-1 = 6): 
     1      0      0      0 
     0      1      0      0 
     0      0      1      0 
     0      0      0      1 

P(At|At-1,Dt-1 = 7): 
     1      0      0      0 
     0      1      0      0 
     0      0      1      0 
     0      0      0      1 

P(At|At-1,Dt-1 = 8): 
     1      0      0      0 
     0      1      0      0 
     0      0      1      0 
     0      0      0      1 

P(At|At-1,Dt-1 = 9): 
     1      0      0      0 
     0      1      0      0 
     0      0      1      0 
     0      0      0      1 

================================
P(Ot|At = ): 
       0        0   0.5065   0.8562 
       0        0  0.03744        0 
       1        0   0.3852        0 
       0        1   0.0709        0 
       0        0        0   0.1438 
       0        0        0        0 
       0        0        0        0 
================================
