A0 = 
0.0000
0.4301
0.0000
0.5699
=============================================== 
D = 
0.0000
0.0497
0.0000
0.0000
0.4546
0.2281
0.0000
0.2675
0.0000
0.0000
=============================================== 
A = 
0.0000	0.1140	1.0000	0.3163
0.0000	0.0000	0.0000	0.6837
1.0000	0.4224	0.0000	0.0000
0.0000	0.4635	0.0000	0.0000
=============================================== 
D = 
0.0000	0.0844	0.3915	0.5082
0.0000	0.1594	0.0000	0.1080
0.0000	0.1389	0.0000	0.0000
0.1448	0.1303	0.2169	0.0000
0.8552	0.0000	0.0000	0.0000
0.0000	0.0000	0.0000	0.1334
0.0000	0.0000	0.0000	0.2505
0.0000	0.1473	0.0000	0.0000
0.0000	0.1553	0.0000	0.0000
0.0000	0.1844	0.3916	0.0000
=============================================== 
O = 
0.0000	0.0000	0.0901	0.0000
0.0000	0.4548	0.9099	0.0000
0.0000	0.1377	0.0000	0.3168
0.0000	0.0000	0.0000	0.0000
0.5948	0.0000	0.0000	0.3997
0.0000	0.3828	0.0000	0.2835
0.4052	0.0248	0.0000	0.0000
